TILE
88
3
FIELD_GRASS
0
GRASS_SPROUT
525.954041
19.966637
120.000000
1.000000
GRASS_SPROUT
525.202942
20.770788
270.000000
1.200000
GRASS_SPROUT
525.954956
16.786636
30.000000
0.750000
GRASS_SPROUT
526.821899
16.827797
120.000000
0.900000
GRASS_SPROUT
527.739075
16.827797
300.000000
0.800000
GRASS_SPROUT
528.689392
16.827799
120.000000
0.850000
GRASS_SPROUT
529.650879
16.827799
315.000000
1.200000
GRASS_SPROUT
530.569458
16.827797
150.000000
1.000000
GRASS_SPROUT
525.819092
18.946045
135.000000
1.050000
GRASS_SPROUT
526.853455
18.548666
75.000000
1.000000
GRASS_SPROUT
527.639832
18.392183
165.000000
0.800000
GRASS_SPROUT
528.727051
18.137455
45.000000
1.000000
GRASS_SPROUT
529.733887
17.975460
0.000000
0.900000
GRASS_SPROUT
530.718262
17.844284
240.000000
0.900000
GRASS_SPROUT
527.101624
17.678301
105.000000
0.850000
GRASS_SPROUT
525.537048
17.744965
135.000000
1.250000
GRASS_SPROUT
528.018921
16.221268
285.000000
0.750000
GRASS_SPROUT
528.580750
15.783752
255.000000
0.900000
GRASS_SPROUT
529.269165
15.223215
60.000000
1.050000
GRASS_SPROUT
527.097473
15.987619
120.000000
1.150000
GRASS_SPROUT
530.504089
15.896383
75.000000
1.050000
GRASS_SPROUT
526.158752
20.992655
105.000000
0.950000