TILE
82
1
FIELD_GRASS
0
GRASS_SPROUT
492.179962
8.939816
135.000000
0.800000
GRASS_SPROUT
493.171814
8.662550
15.000000
1.200000
GRASS_SPROUT
493.974274
8.346664
330.000000
0.800000
GRASS_SPROUT
489.330505
8.314002
0.000000
1.100000
GRASS_SPROUT
490.199738
8.135386
75.000000
0.950000
GRASS_SPROUT
490.973938
8.135386
345.000000
0.900000
GRASS_SPROUT
491.745148
8.105448
150.000000
1.000000
GRASS_SPROUT
492.483307
8.015169
180.000000
0.850000
GRASS_SPROUT
493.379181
7.770957
165.000000
1.000000
GRASS_SPROUT
494.262543
7.490026
90.000000
1.000000
GRASS_SPROUT
489.182220
7.394885
90.000000
1.000000