TILE
80
7
FIELD_GRASS
0
GRASS_SPROUT
477.646088
40.234989
105.000000
1.200000
GRASS_SPROUT
478.833313
40.234989
180.000000
1.200000
GRASS_SPROUT
477.549591
43.867203
240.000000
0.900000
GRASS_SPROUT
478.350372
43.803524
300.000000
1.100000
GRASS_SPROUT
479.267761
43.545368
195.000000
0.750000
GRASS_SPROUT
480.034088
43.348072
15.000000
1.200000
GRASS_SPROUT
478.262360
41.024326
150.000000
1.100000
GRASS_SPROUT
478.192047
41.982826
330.000000
0.750000
GRASS_SPROUT
478.523773
42.909355
15.000000
1.050000
GRASS_SPROUT
480.843964
42.701504
120.000000
0.800000
GRASS_SPROUT
481.656738
42.454575
345.000000
0.900000
GRASS_SPROUT
482.422180
42.347248
90.000000
1.000000
GRASS_SPROUT
479.670197
40.899078
300.000000
1.250000
GRASS_SPROUT
480.588196
41.009815
285.000000
1.050000
GRASS_SPROUT
481.441040
41.046516
240.000000
0.950000
GRASS_SPROUT
482.538177
41.046516
120.000000
1.050000
GRASS_SPROUT
480.000061
41.759132
270.000000
1.050000
GRASS_SPROUT
482.792419
40.056889
120.000000
1.250000
GRASS_SPROUT
481.766907
40.096363
345.000000
0.950000
GRASS_SPROUT
480.924042
39.977596
0.000000
1.150000
GRASS_SPROUT
479.890198
39.696301
105.000000
1.250000
GRASS_SPROUT
478.603424
39.367481
330.000000
0.900000
GRASS_SPROUT
477.728668
39.030552
255.000000
1.000000