TILE
59
24
FIELD_GRASS
0
PINE TREE 1
355.147949
144.245483
30.000000
1.250000
PINE TREE 1
353.235229
144.414551
255.000000
0.800000
PINE TREE 1
351.825439
144.483978
105.000000
0.850000
PINE TREE 1
355.486847
141.192612
135.000000
1.150000
PINE TREE 1
356.906494
142.474243
210.000000
0.800000
PINE TREE 1
353.910675
143.133286
195.000000
1.000000
PINE TREE 1
352.533569
143.242157
75.000000
0.850000
PINE TREE 1
352.135345
141.039825
0.000000
1.250000
PINE TREE 1
353.852234
141.434235
120.000000
1.150000