TILE
85
32
FIELD_GRASS
0
GRASS_SPROUT
507.016693
192.832153
240.000000
0.800000
GRASS_SPROUT
507.521271
193.324478
255.000000
0.750000
GRASS_SPROUT
508.145142
193.850418
165.000000
1.250000
GRASS_SPROUT
507.588379
194.723282
195.000000
1.250000
GRASS_SPROUT
509.104645
193.491379
300.000000
1.100000
GRASS_SPROUT
507.221161
191.628387
150.000000
1.000000
GRASS_SPROUT
508.091553
192.005707
105.000000
1.050000
GRASS_SPROUT
508.758881
192.372849
45.000000
0.800000
GRASS_SPROUT
509.692596
192.532867
60.000000
1.250000
GRASS_SPROUT
510.770844
192.372849
330.000000
1.100000
GRASS_SPROUT
511.766602
192.046997
240.000000
1.000000
GRASS_SPROUT
512.552429
191.839294
150.000000
0.750000
GRASS_SPROUT
510.128204
193.963120
150.000000
1.200000
GRASS_SPROUT
510.984802
193.747559
15.000000
1.000000
GRASS_SPROUT
512.219421
193.674881
300.000000
1.200000