TILE
80
31
FIELD_GRASS
0
GRASS_SPROUT
477.080200
185.739731
45.000000
0.800000
GRASS_SPROUT
477.878906
185.637665
210.000000
0.800000
GRASS_SPROUT
478.858215
185.465652
135.000000
1.100000
GRASS_SPROUT
479.766083
185.185410
120.000000
0.850000
GRASS_SPROUT
480.626404
184.898804
30.000000
1.150000
GRASS_SPROUT
481.490906
184.679535
135.000000
0.900000
GRASS_SPROUT
482.625916
184.267593
120.000000
1.050000
GRASS_SPROUT
477.939575
183.169006
300.000000
0.850000
GRASS_SPROUT
478.592590
183.478088
60.000000
0.850000
GRASS_SPROUT
479.429230
183.653839
120.000000
0.800000
GRASS_SPROUT
480.278595
183.584076
150.000000
1.250000
GRASS_SPROUT
477.452972
184.580368
345.000000
0.950000
GRASS_SPROUT
479.958618
184.390335
135.000000
0.900000
GRASS_SPROUT
478.863647
184.454010
315.000000
0.900000
GRASS_SPROUT
478.112579
184.261948
90.000000
0.850000
GRASS_SPROUT
482.011963
183.253326
240.000000
1.250000