TILE
86
32
FIELD_GRASS
0
PINE TREE 2
514.299744
193.109589
135.000000
0.750000
GRASS_SPROUT
513.344666
191.670837
135.000000
1.200000
GRASS_SPROUT
514.220825
191.500290
150.000000
0.900000
GRASS_SPROUT
514.933838
191.457336
225.000000
0.750000
GRASS_SPROUT
515.602722
191.628387
240.000000
0.850000
GRASS_SPROUT
516.074341
192.129196
105.000000
0.800000
GRASS_SPROUT
516.185852
192.847260
105.000000
0.950000
GRASS_SPROUT
515.888000
193.491379
330.000000
0.800000
GRASS_SPROUT
515.240356
193.927444
195.000000
1.050000
GRASS_SPROUT
514.481079
194.348999
255.000000
1.000000
GRASS_SPROUT
513.713928
194.756760
15.000000
0.750000
GRASS_SPROUT
513.425171
193.380005
45.000000
0.800000