TILE
85
33
FIELD_GRASS
0
PINE TREE 2
511.091980
200.843903
285.000000
1.000000
PINE TREE 2
509.373474
199.565262
345.000000
1.100000
PINE TREE 2
507.740051
198.172974
30.000000
1.050000
PINE TREE 2
507.835022
200.542511
345.000000
1.000000
GRASS_SPROUT
507.245514
196.466721
60.000000
1.200000
GRASS_SPROUT
508.534607
195.343948
240.000000
1.100000
GRASS_SPROUT
512.957214
195.021255
285.000000
1.200000
GRASS_SPROUT
511.864136
195.280106
150.000000
1.200000
GRASS_SPROUT
511.083405
195.470642
345.000000
0.800000
GRASS_SPROUT
510.377045
195.689133
15.000000
0.750000
GRASS_SPROUT
509.683258
196.024506
90.000000
0.900000
GRASS_SPROUT
508.887390
196.379623
345.000000
1.050000
GRASS_SPROUT
509.439392
195.086472
300.000000
1.200000
GRASS_SPROUT
507.451385
195.595993
45.000000
0.800000
GRASS_SPROUT
507.254639
199.489563
210.000000
1.100000
GRASS_SPROUT
509.312836
197.124969
15.000000
1.000000
GRASS_SPROUT
510.363800
196.798172
60.000000
0.750000
GRASS_SPROUT
512.814209
196.115845
45.000000
0.950000
GRASS_SPROUT
512.472046
197.036758
270.000000
1.200000
GRASS_SPROUT
512.623230
198.079407
135.000000
0.900000
GRASS_SPROUT
512.888489
198.706680
285.000000
0.800000
GRASS_SPROUT
512.548401
200.326111
60.000000
1.200000
GRASS_SPROUT
511.238861
199.521790
75.000000
1.250000
GRASS_SPROUT
509.863617
198.311203
15.000000
1.100000
GRASS_SPROUT
510.542786
197.621674
60.000000
1.250000
GRASS_SPROUT
511.122986
198.486603
255.000000
1.200000
GRASS_SPROUT
512.017578
199.262924
300.000000
0.750000
GRASS_SPROUT
511.561005
197.471664
135.000000
1.050000
GRASS_SPROUT
508.154602
196.932663
210.000000
1.050000