TILE
88
33
FIELD_GRASS
0
PINE TREE 2
530.391785
199.545181
330.000000
1.250000
GRASS_SPROUT
525.849182
198.305420
240.000000
1.250000
GRASS_SPROUT
526.713806
197.836594
180.000000
0.800000
GRASS_SPROUT
528.188538
196.804016
270.000000
0.850000
GRASS_SPROUT
529.158691
196.100235
210.000000
1.050000
GRASS_SPROUT
529.789368
195.595306
30.000000
0.950000
GRASS_SPROUT
527.457458
197.589615
75.000000
1.000000
GRASS_SPROUT
529.457397
197.096710
15.000000
0.950000
GRASS_SPROUT
530.537476
196.496063
270.000000
0.950000
GRASS_SPROUT
529.246948
198.068710
225.000000
1.000000
GRASS_SPROUT
527.633972
199.751556
90.000000
0.800000
GRASS_SPROUT
526.519043
200.832825
195.000000
0.900000
GRASS_SPROUT
527.126892
200.515259
105.000000
0.800000
GRASS_SPROUT
528.483154
199.509399
180.000000
1.250000
GRASS_SPROUT
530.188354
198.188828
330.000000
0.750000
GRASS_SPROUT
528.007874
200.636887
270.000000
1.000000
GRASS_SPROUT
525.515869
200.559525
345.000000
0.900000
GRASS_SPROUT
525.769653
199.919983
315.000000
0.800000
GRASS_SPROUT
528.080627
198.581711
150.000000
1.200000
GRASS_SPROUT
527.077271
199.472107
270.000000
0.750000
GRASS_SPROUT
525.266541
199.448257
210.000000
0.800000
GRASS_SPROUT
525.980408
199.312729
150.000000
0.800000