TILE
87
33
FIELD_GRASS
0
GRASS_SPROUT
520.043457
199.892212
15.000000
0.950000
GRASS_SPROUT
521.411377
199.548660
285.000000
0.950000
GRASS_SPROUT
522.338196
199.337891
255.000000
0.850000
GRASS_SPROUT
523.610718
198.942108
150.000000
1.200000
GRASS_SPROUT
524.965698
198.608932
225.000000
0.800000
GRASS_SPROUT
524.620300
200.636887
285.000000
1.250000
GRASS_SPROUT
523.504517
200.815262
225.000000
0.950000
GRASS_SPROUT
522.187622
200.376831
180.000000
1.250000
GRASS_SPROUT
521.264709
200.662552
180.000000
1.000000
GRASS_SPROUT
519.466858
200.708405
240.000000
1.250000
GRASS_SPROUT
524.303467
199.615601
300.000000
1.150000