TILE
83
31
FIELD_GRASS
0
PINE TREE 2
500.877991
184.172836
210.000000
0.750000
PINE TREE 2
496.052399
183.217621
210.000000
1.250000
PINE TREE 2
497.919647
183.771347
135.000000
1.200000
PINE TREE 2
499.094238
185.115173
315.000000
1.050000
PINE TREE 2
499.557098
186.457428
150.000000
0.750000
PINE TREE 2
499.712189
188.194199
330.000000
1.150000
PINE TREE 2
497.175873
188.479248
135.000000
1.200000
PINE TREE 2
495.708160
186.977844
105.000000
0.850000
PINE TREE 2
496.721313
185.780884
60.000000
0.900000
PINE TREE 2
498.424927
186.297379
75.000000
0.750000
GRASS_SPROUT
495.482147
188.348465
15.000000
1.200000
GRASS_SPROUT
498.345703
187.243195
345.000000
0.850000
GRASS_SPROUT
496.667694
184.677490
270.000000
0.800000