TILE
85
34
FIELD_GRASS
0
PINE TREE 2
512.964722
201.914597
165.000000
1.200000
PINE TREE 2
512.289734
204.538696
210.000000
0.800000
PINE TREE 2
510.869293
204.032440
30.000000
1.150000
PINE TREE 2
509.378845
203.151230
150.000000
1.000000
PINE TREE 2
508.077148
202.426987
90.000000
0.950000
PINE TREE 2
509.580475
201.178680
240.000000
0.750000
GRASS_SPROUT
510.916260
202.143631
255.000000
1.100000
GRASS_SPROUT
511.617981
202.776199
135.000000
1.150000
GRASS_SPROUT
512.879578
203.266418
75.000000
1.100000
GRASS_SPROUT
512.462219
206.197449
15.000000
1.250000
GRASS_SPROUT
511.580719
205.460190
300.000000
1.200000