TILE
68
73
FIELD_GRASS
0
GRASS_SPROUT
408.409515
435.741760
300.000000
0.850000
GRASS_SPROUT
408.333527
436.690796
15.000000
1.050000
GRASS_SPROUT
409.003174
437.540009
330.000000
1.250000
GRASS_SPROUT
410.038971
437.961578
255.000000
1.250000
GRASS_SPROUT
410.972473
438.098969
270.000000
1.050000
GRASS_SPROUT
409.278198
435.198395
60.000000
0.800000
GRASS_SPROUT
409.818848
435.782684
210.000000
1.100000
GRASS_SPROUT
410.734039
436.224731
210.000000
0.950000
GRASS_SPROUT
410.209229
436.880219
180.000000
1.000000