TILE
61
79
FIELD_GRASS
0
PINE TREE 2
363.874878
476.790466
330.000000
0.800000
PINE TREE 2
366.133514
476.455414
15.000000
1.200000
PINE TREE 2
367.756653
476.287659
195.000000
0.850000
GRASS_SPROUT
363.627075
475.658020
300.000000
0.900000
GRASS_SPROUT
364.561615
475.343689
240.000000
1.150000
GRASS_SPROUT
365.572693
474.742889
300.000000
0.950000
GRASS_SPROUT
366.406555
474.196808
15.000000
1.150000
GRASS_SPROUT
367.343567
473.499115
105.000000
1.200000
GRASS_SPROUT
368.236450
474.243256
120.000000
1.200000
GRASS_SPROUT
366.577759
475.063080
90.000000
0.950000
GRASS_SPROUT
367.754303
475.236603
45.000000
1.000000
GRASS_SPROUT
368.007263
472.624146
255.000000
1.050000
GRASS_SPROUT
368.851990
471.901550
30.000000
1.100000