TILE
60
74
FIELD_CONCRETE
4
BENCH
358.023041
445.300598
90.000000
1.000000
BENCH
359.947388
445.300568
90.000000
1.000000
BENCH
361.561493
445.300598
90.000000
1.000000
BENCH
357.943573
441.247162
90.000000
1.000000
BENCH
359.868469
441.247131
90.000000
1.000000
BENCH
361.484039
441.247131
90.000000
1.000000
BENCH
362.983032
443.071045
270.000000
1.000000
BENCH
361.351837
443.071045
270.000000
1.000000
BENCH
359.693481
443.071045
270.000000
1.000000
BENCH
358.093292
443.071045
270.000000
1.000000