TILE
62
74
FIELD_DIRT
4
GRASS_SPROUT
374.949951
442.053711
60.000000
0.850000
GRASS_SPROUT
374.186584
442.579926
180.000000
1.250000
GRASS_SPROUT
373.837372
443.442139
75.000000
1.050000
GRASS_SPROUT
373.325745
444.246490
135.000000
1.000000
GRASS_SPROUT
373.506714
444.970581
300.000000
0.850000
GRASS_SPROUT
374.409363
444.914337
105.000000
1.200000
GRASS_SPROUT
369.315857
441.362885
345.000000
1.100000
GRASS_SPROUT
370.129272
441.656342
60.000000
1.000000
GRASS_SPROUT
371.000458
441.614807
300.000000
1.150000
GRASS_SPROUT
371.885803
441.739075
105.000000
1.000000
GRASS_SPROUT
369.741302
442.461426
270.000000
1.200000
GRASS_SPROUT
369.788055
443.439606
195.000000
1.150000
GRASS_SPROUT
369.957764
444.314392
165.000000
1.050000
GRASS_SPROUT
369.644257
445.162689
315.000000
1.150000
GRASS_SPROUT
370.729614
443.330444
45.000000
1.050000
GRASS_SPROUT
371.129639
442.539307
90.000000
1.150000
GRASS_SPROUT
371.242554
446.640045
150.000000
1.050000
GRASS_SPROUT
371.963104
446.330994
60.000000
0.800000