TILE
67
75
FIELD_GRASS
0
GRASS_SPROUT
403.500427
452.427612
270.000000
1.000000
GRASS_SPROUT
403.128937
451.657684
180.000000
1.100000
GRASS_SPROUT
402.424164
451.028168
285.000000
0.900000
GRASS_SPROUT
401.883026
450.273285
0.000000
1.150000
GRASS_SPROUT
401.434113
449.477661
210.000000
0.750000
GRASS_SPROUT
401.046875
448.745422
285.000000
1.150000
GRASS_SPROUT
400.597961
447.976898
15.000000
1.050000
GRASS_SPROUT
399.762268
447.472046
75.000000
1.050000
GRASS_SPROUT
399.687744
448.486206
240.000000
1.250000
GRASS_SPROUT
399.678284
449.709137
225.000000
1.100000
GRASS_SPROUT
399.678284
450.596466
195.000000
0.850000
GRASS_SPROUT
399.678284
451.265717
75.000000
0.800000
GRASS_SPROUT
399.678284
451.898834
225.000000
0.750000
GRASS_SPROUT
399.678284
452.701355
15.000000
0.950000
GRASS_SPROUT
400.415344
451.536560
315.000000
1.150000
GRASS_SPROUT
400.752075
450.583710
165.000000
1.150000
GRASS_SPROUT
401.140869
452.309448
240.000000
1.000000
GRASS_SPROUT
402.251495
452.505646
75.000000
0.900000
GRASS_SPROUT
402.036163
451.744293
75.000000
0.800000
GRASS_SPROUT
402.117188
448.879578
330.000000
1.050000
GRASS_SPROUT
403.347412
449.121735
345.000000
0.750000
GRASS_SPROUT
403.995941
449.359253
90.000000
0.950000
GRASS_SPROUT
404.973877
449.658051
105.000000
0.900000
GRASS_SPROUT
404.508453
452.052277
30.000000
0.950000
GRASS_SPROUT
403.511566
450.429565
240.000000
1.200000
GRASS_SPROUT
404.408539
450.747742
165.000000
0.850000
GRASS_SPROUT
404.904358
448.110016
0.000000
1.150000
GRASS_SPROUT
403.980682
448.269073
315.000000
1.150000
GRASS_SPROUT
402.915924
448.308533
255.000000
1.200000
GRASS_SPROUT
401.993103
448.029755
300.000000
1.000000
GRASS_SPROUT
404.273071
447.312592
165.000000
0.850000
GRASS_SPROUT
403.215363
447.255768
240.000000
1.250000