TILE
69
73
FIELD_GRASS
0
GRASS_SPROUT
411.900299
438.064758
120.000000
1.150000
GRASS_SPROUT
412.860779
438.064758
180.000000
0.850000
GRASS_SPROUT
413.766541
438.064758
120.000000
1.200000
GRASS_SPROUT
414.967926
438.064758
210.000000
0.800000
GRASS_SPROUT
415.824615
438.064758
330.000000
1.050000
GRASS_SPROUT
416.671967
438.064758
60.000000
0.750000
GRASS_SPROUT
411.904114
436.614258
210.000000
0.850000
GRASS_SPROUT
412.980682
436.690796
75.000000
1.250000
GRASS_SPROUT
413.882813
436.537262
135.000000
0.900000
GRASS_SPROUT
414.803894
436.342804
45.000000
1.050000
GRASS_SPROUT
415.999115
436.381927
150.000000
1.100000
GRASS_SPROUT
411.454620
437.323822
210.000000
0.950000
GRASS_SPROUT
412.187927
435.618286
45.000000
0.850000
GRASS_SPROUT
413.030060
435.618317
60.000000
1.200000
GRASS_SPROUT
414.226959
435.741791
195.000000
0.900000
GRASS_SPROUT
416.681122
437.103973
255.000000
1.000000
GRASS_SPROUT
411.258240
435.633850
300.000000
0.900000
GRASS_SPROUT
415.492493
437.194672
255.000000
1.150000