TILE
9
42
FIELD_GRASS
0
GRASS_SPROUT
56.107929
249.371124
120.000000
1.050000
GRASS_SPROUT
55.522964
250.318161
210.000000
0.800000
GRASS_SPROUT
54.865326
251.239655
285.000000
1.250000
GRASS_SPROUT
54.084869
252.099701
255.000000
1.050000
GRASS_SPROUT
53.446121
252.740952
180.000000
0.900000
GRASS_SPROUT
52.866554
253.381287
105.000000
1.100000
GRASS_SPROUT
51.941807
253.749527
30.000000
1.250000
GRASS_SPROUT
51.170845
249.262222
60.000000
1.250000
GRASS_SPROUT
53.890732
249.499451
180.000000
0.800000
GRASS_SPROUT
53.734005
250.274124
0.000000
1.100000
GRASS_SPROUT
53.115105
250.876770
165.000000
0.800000
GRASS_SPROUT
52.265755
252.000671
255.000000
0.800000
GRASS_SPROUT
51.153835
252.907181
165.000000
0.750000
GRASS_SPROUT
51.914761
252.679611
105.000000
1.050000
GRASS_SPROUT
51.602165
251.437866
270.000000
1.200000
GRASS_SPROUT
51.445297
250.635620
120.000000
0.750000
GRASS_SPROUT
54.859055
249.250992
300.000000
1.250000
GRASS_SPROUT
52.420357
251.105103
105.000000
0.950000
GRASS_SPROUT
52.359070
250.013275
255.000000
0.750000
GRASS_SPROUT
52.898830
249.491180
285.000000
1.050000
GRASS_SPROUT
53.224056
251.630981
315.000000
0.850000
GRASS_SPROUT
53.753284
254.217636
345.000000
1.000000
GRASS_SPROUT
54.380657
253.375153
330.000000
1.150000
GRASS_SPROUT
55.048035
252.667847
285.000000
0.950000
GRASS_SPROUT
55.554096
252.178772
180.000000
0.800000
GRASS_SPROUT
56.075783
251.482056
165.000000
1.100000
GRASS_SPROUT
56.559814
250.620224
180.000000
1.150000
GRASS_SPROUT
51.477573
254.974258
120.000000
0.950000