TILE
5
43
FIELD_GRASS
0
GRASS_SPROUT
32.724800
259.226257
165.000000
0.750000
GRASS_SPROUT
32.295197
259.953522
240.000000
1.050000
GRASS_SPROUT
31.874516
260.598846
285.000000
0.800000
GRASS_SPROUT
32.683113
255.653412
180.000000
0.750000
GRASS_SPROUT
32.274773
256.231110
150.000000
0.950000
GRASS_SPROUT
31.767855
257.159241
165.000000
1.150000
GRASS_SPROUT
31.767855
258.223877
90.000000
1.000000
GRASS_SPROUT
31.767855
259.144836
300.000000
1.000000
GRASS_SPROUT
29.666426
255.187057
120.000000
1.250000
GRASS_SPROUT
29.207069
256.344055
330.000000
0.850000
GRASS_SPROUT
28.826384
256.999023
105.000000
0.750000
GRASS_SPROUT
28.886488
255.494766
0.000000
0.750000
GRASS_SPROUT
28.157215
255.106155
330.000000
0.800000
GRASS_SPROUT
27.739489
255.673035
300.000000
0.850000
GRASS_SPROUT
31.593021
255.562134
180.000000
0.750000
GRASS_SPROUT
29.988846
256.603027
210.000000
1.150000
GRASS_SPROUT
29.988846
257.797455
75.000000
1.200000
GRASS_SPROUT
29.815670
258.796631
240.000000
0.750000
GRASS_SPROUT
29.107527
259.575134
240.000000
0.900000
GRASS_SPROUT
28.128901
259.779572
30.000000
1.250000
GRASS_SPROUT
28.202190
258.565186
165.000000
0.850000
GRASS_SPROUT
30.299839
255.814606
285.000000
0.750000
GRASS_SPROUT
27.287933
257.780365
180.000000
1.150000
GRASS_SPROUT
29.727901
260.260132
165.000000
0.900000
GRASS_SPROUT
30.510111
259.965790
135.000000
1.100000
GRASS_SPROUT
27.937721
256.646179
225.000000
1.250000