TILE
2
43
FIELD_GRASS
0
GRASS_SPROUT
9.128386
257.124023
300.000000
1.000000
GRASS_SPROUT
9.916439
256.755859
210.000000
1.000000
GRASS_SPROUT
10.985708
255.864059
330.000000
1.100000
GRASS_SPROUT
9.509134
259.084656
180.000000
1.250000
GRASS_SPROUT
10.643193
259.174866
345.000000
0.750000
GRASS_SPROUT
11.700426
259.219757
285.000000
1.050000
GRASS_SPROUT
10.496618
259.919159
30.000000
0.750000
GRASS_SPROUT
9.552115
260.826385
90.000000
0.800000
GRASS_SPROUT
11.492990
260.214417
45.000000
1.150000
GRASS_SPROUT
14.533618
260.046478
180.000000
0.800000
GRASS_SPROUT
13.957773
260.866211
240.000000
1.100000
GRASS_SPROUT
13.705983
259.442169
300.000000
1.200000
GRASS_SPROUT
10.453522
258.064850
60.000000
1.200000
GRASS_SPROUT
12.414036
257.484100
240.000000
1.250000
GRASS_SPROUT
13.422945
256.564606
30.000000
0.950000
GRASS_SPROUT
13.922630
255.964035
255.000000
0.900000
GRASS_SPROUT
11.709383
256.699707
90.000000
1.250000
GRASS_SPROUT
13.749090
257.901428
0.000000
1.050000
GRASS_SPROUT
14.464943
258.543518
120.000000
0.950000
GRASS_SPROUT
14.738186
256.745026
285.000000
1.150000
GRASS_SPROUT
13.841238
255.216293
135.000000
0.800000
GRASS_SPROUT
14.467632
257.716370
0.000000
0.800000
GRASS_SPROUT
12.454043
258.868408
315.000000
0.950000
GRASS_SPROUT
12.415248
255.734390
135.000000
1.150000