TILE
3
42
FIELD_GRASS
0
GRASS_SPROUT
15.018926
252.566025
0.000000
0.950000
GRASS_SPROUT
16.324692
251.515717
300.000000
0.800000
GRASS_SPROUT
17.413992
250.753494
150.000000
0.800000
GRASS_SPROUT
18.519958
250.228409
120.000000
0.950000
GRASS_SPROUT
20.100935
249.597839
180.000000
0.750000
GRASS_SPROUT
15.905256
254.776062
165.000000
1.100000
GRASS_SPROUT
15.493406
253.756683
285.000000
1.100000
GRASS_SPROUT
16.787903
253.914383
300.000000
0.950000
GRASS_SPROUT
18.089262
253.219131
165.000000
0.850000
GRASS_SPROUT
18.991749
252.775375
0.000000
1.050000
GRASS_SPROUT
16.625013
253.206009
90.000000
0.850000
GRASS_SPROUT
17.318279
252.523743
120.000000
1.150000
GRASS_SPROUT
16.269918
252.523743
270.000000
0.800000
GRASS_SPROUT
17.004890
251.760498
285.000000
0.800000
GRASS_SPROUT
18.374107
250.954498
0.000000
0.900000
GRASS_SPROUT
19.309303
250.559387
45.000000
0.850000
GRASS_SPROUT
17.908392
251.528030
315.000000
0.900000
GRASS_SPROUT
19.774117
251.760498
120.000000
1.150000
GRASS_SPROUT
18.941517
252.034576
165.000000
0.800000
GRASS_SPROUT
20.313540
252.479965
30.000000
0.750000
GRASS_SPROUT
17.247591
254.737610
300.000000
0.750000
GRASS_SPROUT
18.626041
254.295914
315.000000
1.050000
GRASS_SPROUT
20.434589
254.050919
120.000000
0.800000
GRASS_SPROUT
19.517202
253.728210
345.000000
1.250000
GRASS_SPROUT
20.777563
250.152054
105.000000
0.750000
GRASS_SPROUT
19.399546
249.685074
195.000000
0.950000
GRASS_SPROUT
18.189514
249.609207
45.000000
0.750000
GRASS_SPROUT
17.140083
249.183853
285.000000
1.250000
GRASS_SPROUT
15.201253
249.366852
195.000000
0.850000
GRASS_SPROUT
15.782681
249.870605
150.000000
1.050000
GRASS_SPROUT
15.543365
251.947403
75.000000
1.050000
GRASS_SPROUT
16.679827
250.327347
60.000000
1.100000