TILE
2
42
FIELD_GRASS
0
GRASS_SPROUT
12.332237
254.644943
15.000000
1.000000
GRASS_SPROUT
13.160175
253.929413
180.000000
1.250000
GRASS_SPROUT
14.120943
253.184448
285.000000
0.950000
GRASS_SPROUT
14.871042
254.629425
300.000000
1.250000
GRASS_SPROUT
13.738014
252.457092
240.000000
1.050000
GRASS_SPROUT
13.436831
251.676544
90.000000
1.000000
GRASS_SPROUT
13.155907
250.945068
15.000000
0.750000
GRASS_SPROUT
12.897682
250.240417
285.000000
0.750000
GRASS_SPROUT
12.641872
249.301224
300.000000
1.250000
GRASS_SPROUT
14.918016
250.396027
150.000000
1.100000
GRASS_SPROUT
12.267806
253.347824
315.000000
1.200000
GRASS_SPROUT
12.120799
252.345413
105.000000
1.250000
GRASS_SPROUT
12.094327
251.389816
285.000000
1.050000
GRASS_SPROUT
11.910757
250.547150
165.000000
1.000000
GRASS_SPROUT
11.578222
254.088577
255.000000
1.100000
GRASS_SPROUT
13.954433
249.273911
195.000000
1.200000
GRASS_SPROUT
14.634275
251.532806
90.000000
1.050000