TILE
7
41
FIELD_GRASS
0
PINE TREE 1
43.047695
248.941711
45.000000
0.850000
GRASS_SPROUT
40.371471
248.849869
15.000000
1.000000
GRASS_SPROUT
40.238632
248.076874
30.000000
0.850000
GRASS_SPROUT
40.406311
246.960999
105.000000
1.250000
GRASS_SPROUT
41.103706
245.810104
30.000000
0.900000
GRASS_SPROUT
42.311752
244.858612
345.000000
1.050000
GRASS_SPROUT
43.005077
244.449753
165.000000
0.900000
GRASS_SPROUT
43.889492
244.271332
90.000000
0.850000
GRASS_SPROUT
42.197517
248.170013
135.000000
1.050000
GRASS_SPROUT
42.427147
247.483429
240.000000
0.750000
GRASS_SPROUT
43.194111
246.993164
135.000000
1.100000
GRASS_SPROUT
44.262352
246.862885
165.000000
0.850000
GRASS_SPROUT
44.979488
247.066910
60.000000
0.900000
GRASS_SPROUT
44.189323
247.931625
195.000000
1.000000
GRASS_SPROUT
41.274551
247.649887
210.000000
1.150000
GRASS_SPROUT
41.646679
246.872131
15.000000
0.750000
GRASS_SPROUT
42.307274
246.445816
45.000000
0.950000
GRASS_SPROUT
43.143299
247.796402
255.000000
0.850000
GRASS_SPROUT
41.103828
244.983444
60.000000
1.150000
GRASS_SPROUT
43.506973
244.934784
60.000000
0.750000
GRASS_SPROUT
44.098324
245.414291
120.000000
0.750000
GRASS_SPROUT
44.602821
246.014862
285.000000
1.150000
GRASS_SPROUT
43.789524
246.283783
15.000000
0.900000