TILE
8
70
FIELD_GRASS
0
GRASS_SPROUT
48.265442
417.206665
135.000000
0.950000
GRASS_SPROUT
47.670578
417.928009
0.000000
1.250000
GRASS_SPROUT
47.054668
418.478577
225.000000
0.750000
GRASS_SPROUT
46.323570
417.331085
240.000000
1.050000
GRASS_SPROUT
45.260513
417.309998
165.000000
1.000000
GRASS_SPROUT
48.516731
418.051575
165.000000
0.850000
GRASS_SPROUT
46.008129
418.921478
345.000000
1.050000
GRASS_SPROUT
46.540707
421.951721
0.000000
0.850000
GRASS_SPROUT
47.265781
421.828247
345.000000
0.800000
GRASS_SPROUT
48.692612
421.703613
255.000000
0.850000
GRASS_SPROUT
49.574181
421.661804
195.000000
1.000000
GRASS_SPROUT
50.694351
421.493347
120.000000
1.200000
GRASS_SPROUT
47.792759
422.490997
195.000000
0.950000
GRASS_SPROUT
48.859558
422.568207
240.000000
1.200000
GRASS_SPROUT
49.857475
422.644989
45.000000
0.850000
GRASS_SPROUT
48.399387
418.920959
315.000000
0.750000
GRASS_SPROUT
49.071072
419.000244
345.000000
0.850000
GRASS_SPROUT
48.623573
420.243866
60.000000
0.800000
GRASS_SPROUT
47.888294
420.737091
135.000000
1.200000
GRASS_SPROUT
46.200676
421.178223
270.000000
1.050000
GRASS_SPROUT
50.507618
419.655731
120.000000
1.050000
GRASS_SPROUT
46.722149
419.916351
345.000000
1.250000
GRASS_SPROUT
45.110817
419.989868
270.000000
1.100000
GRASS_SPROUT
47.822472
419.690125
90.000000
1.100000
GRASS_SPROUT
50.859978
417.352417
165.000000
1.250000
GRASS_SPROUT
50.117943
418.743988
90.000000
0.950000
GRASS_SPROUT
49.717953
419.943481
30.000000
1.000000
GRASS_SPROUT
49.156895
418.310516
240.000000
0.850000
GRASS_SPROUT
45.739628
422.426117
285.000000
1.100000