TILE
6
72
FIELD_GRASS
0
GRASS_SPROUT
35.596775
429.186462
75.000000
1.050000
GRASS_SPROUT
35.500233
430.182495
60.000000
1.150000
GRASS_SPROUT
35.500233
431.157013
330.000000
1.250000
GRASS_SPROUT
35.500233
432.300873
315.000000
1.250000
GRASS_SPROUT
35.500233
433.636353
345.000000
1.150000
GRASS_SPROUT
35.864880
434.482758
240.000000
0.750000
GRASS_SPROUT
33.081890
434.038818
285.000000
0.850000
GRASS_SPROUT
33.370598
430.609314
210.000000
0.750000
GRASS_SPROUT
33.996269
429.686920
300.000000
0.850000
GRASS_SPROUT
34.676708
430.523651
315.000000
0.900000
GRASS_SPROUT
34.575130
431.311981
75.000000
1.000000
GRASS_SPROUT
34.414852
432.143768
15.000000
0.950000
GRASS_SPROUT
34.265152
432.974854
105.000000
1.000000
GRASS_SPROUT
34.196785
434.166687
240.000000
1.000000
GRASS_SPROUT
33.760139
431.212494
345.000000
0.850000
GRASS_SPROUT
33.585232
431.971741
255.000000
1.000000
GRASS_SPROUT
35.022095
434.771515
75.000000
1.200000
GRASS_SPROUT
33.268711
433.183655
240.000000
1.150000