TILE
52
9
FIELD_GRASS
0
PINE TREE 1
314.167908
53.765793
150.000000
1.050000
PINE TREE 1
312.601532
53.354271
195.000000
1.000000
PINE TREE 1
310.978333
53.033386
45.000000
1.000000
PINE TREE 1
309.598389
52.815384
120.000000
0.800000
PINE TREE 1
314.385223
52.220089
210.000000
0.900000
PINE TREE 1
309.372620
55.756966
285.000000
1.250000
PINE TREE 1
311.497589
55.794056
225.000000
1.100000
PINE TREE 1
313.456085
55.719692
60.000000
0.900000
PINE TREE 1
314.685974
55.719685
135.000000
0.750000
PINE TREE 1
310.521179
54.913200
60.000000
0.750000
GRASS_SPROUT
310.194611
52.040108
45.000000
0.850000
GRASS_SPROUT
311.618591
52.070347
285.000000
1.100000
GRASS_SPROUT
313.108795
52.075191
255.000000
1.250000
GRASS_SPROUT
311.569244
54.050819
195.000000
1.000000