TILE
53
0
FIELD_GRASS
0
PINE TREE 1
315.294769
-1.240880
0.000000
0.750000
PINE TREE 1
316.752838
-1.240880
30.000000
1.100000
PINE TREE 1
318.714050
-1.240880
315.000000
1.000000
PINE TREE 1
320.311768
-1.240880
75.000000
1.000000
PINE TREE 1
317.257019
0.019480
255.000000
0.800000
PINE TREE 1
318.405701
0.678881
165.000000
0.900000
PINE TREE 1
319.617004
1.358321
30.000000
1.050000
PINE TREE 1
318.660950
2.503255
75.000000
1.050000
PINE TREE 1
317.238617
2.679172
180.000000
0.850000
PINE TREE 1
315.689911
2.736804
165.000000
1.200000
PINE TREE 1
317.569977
1.556156
75.000000
0.800000
PINE TREE 1
316.243561
0.684631
225.000000
0.850000
GRASS_SPROUT
320.496918
2.738837
165.000000
0.950000
GRASS_SPROUT
320.277039
-0.121177
180.000000
0.950000
GRASS_SPROUT
319.296417
-0.148048
45.000000
1.050000
GRASS_SPROUT
315.609406
-0.148048
300.000000
0.850000
GRASS_SPROUT
320.490845
0.570070
180.000000
0.850000