TILE
58
1
FIELD_GRASS
0
GRASS_SPROUT
345.104065
8.960022
150.000000
1.000000
GRASS_SPROUT
346.415741
8.648603
315.000000
1.150000
GRASS_SPROUT
347.589874
7.971175
225.000000
0.750000
GRASS_SPROUT
348.602966
7.598773
300.000000
0.900000
GRASS_SPROUT
349.387329
7.521117
90.000000
0.950000
GRASS_SPROUT
350.113739
7.367413
45.000000
0.750000
GRASS_SPROUT
350.872559
7.133878
300.000000
1.100000
GRASS_SPROUT
347.810303
7.131692
330.000000
0.900000
GRASS_SPROUT
346.918335
7.131679
90.000000
1.200000
GRASS_SPROUT
345.998596
7.131670
0.000000
0.800000
GRASS_SPROUT
345.071472
7.131664
75.000000
1.250000
GRASS_SPROUT
345.247162
4.196255
240.000000
0.800000
GRASS_SPROUT
345.990967
3.661227
105.000000
0.800000
GRASS_SPROUT
346.776459
3.118038
150.000000
0.850000
GRASS_SPROUT
348.395233
3.952416
45.000000
1.250000
GRASS_SPROUT
349.262360
3.599182
345.000000
1.000000
GRASS_SPROUT
350.217194
3.051366
255.000000
1.250000
GRASS_SPROUT
345.934326
4.813109
60.000000
1.100000
GRASS_SPROUT
350.925415
4.174457
60.000000
1.100000
GRASS_SPROUT
349.456055
4.778862
300.000000
1.200000
GRASS_SPROUT
348.571869
5.054619
345.000000
0.750000
GRASS_SPROUT
347.528778
5.739823
15.000000
1.200000
GRASS_SPROUT
350.769501
5.576342
345.000000
1.050000
GRASS_SPROUT
349.317932
6.658728
45.000000
0.950000