TILE
57
4
FIELD_GRASS
0
PINE TREE 1
344.386597
24.785328
195.000000
0.800000
PINE TREE 1
342.897308
24.726471
90.000000
1.050000
PINE TREE 1
341.361877
24.689190
270.000000
0.900000
PINE TREE 1
339.605621
24.211315
75.000000
1.200000
PINE TREE 1
339.088470
25.848551
300.000000
1.250000
PINE TREE 1
343.750122
25.894485
255.000000
1.000000
PINE TREE 1
342.103516
25.841459
285.000000
0.850000
GRASS_SPROUT
340.982208
23.397860
150.000000
1.100000
GRASS_SPROUT
340.180206
22.409023
90.000000
1.050000
GRASS_SPROUT
339.282654
21.752645
210.000000
1.050000
GRASS_SPROUT
341.560333
21.178392
15.000000
1.200000
GRASS_SPROUT
342.644806
21.275591
255.000000
1.250000
GRASS_SPROUT
343.570404
21.307816
75.000000
1.050000
GRASS_SPROUT
344.497253
21.594006
150.000000
1.150000
GRASS_SPROUT
344.442322
23.447964
105.000000
0.800000
GRASS_SPROUT
343.629547
23.313610
210.000000
1.050000
GRASS_SPROUT
343.057373
22.733282
345.000000
0.850000
GRASS_SPROUT
341.910858
22.727739
135.000000
1.250000
GRASS_SPROUT
341.219879
22.018921
120.000000
0.850000
GRASS_SPROUT
340.743378
25.841370
15.000000
1.050000