TILE
50
3
FIELD_GRASS
0
PINE TREE 1
301.697693
17.191553
285.000000
1.150000
PINE TREE 1
299.735565
17.154264
270.000000
0.900000
PINE TREE 1
298.510925
18.211222
120.000000
1.100000
PINE TREE 1
298.268799
19.723911
195.000000
0.800000
PINE TREE 1
302.577393
19.753941
345.000000
0.800000
PINE TREE 1
301.105164
19.647160
255.000000
1.200000
PINE TREE 1
299.508148
19.291409
75.000000
0.950000
PINE TREE 1
302.471252
18.468769
30.000000
0.900000
PINE TREE 1
302.197784
15.168683
60.000000
1.050000
PINE TREE 1
300.577118
16.009453
0.000000
0.950000
PINE TREE 1
298.478729
16.711563
0.000000
1.000000
GRASS_SPROUT
300.961151
18.292454
90.000000
0.950000