TILE
53
7
FIELD_GRASS
0
PINE TREE 1
320.488586
39.138432
180.000000
0.800000
GRASS_SPROUT
315.800018
40.795406
195.000000
1.150000
GRASS_SPROUT
316.575562
40.626720
0.000000
0.800000
GRASS_SPROUT
316.113220
39.601368
195.000000
1.050000
GRASS_SPROUT
317.367157
39.321751
135.000000
0.900000
GRASS_SPROUT
318.543304
39.118404
135.000000
1.050000
GRASS_SPROUT
318.436279
40.059917
210.000000
1.200000
GRASS_SPROUT
315.966125
42.334541
240.000000
1.250000
GRASS_SPROUT
316.910889
42.050343
270.000000
1.100000
GRASS_SPROUT
317.676392
41.832939
270.000000
0.850000
GRASS_SPROUT
318.515808
41.796341
75.000000
0.750000
GRASS_SPROUT
319.399200
41.796341
225.000000
1.150000
GRASS_SPROUT
320.491333
41.796341
225.000000
1.100000
GRASS_SPROUT
320.304535
40.200256
300.000000
1.250000
GRASS_SPROUT
319.364807
40.106758
75.000000
0.750000
GRASS_SPROUT
320.354919
42.681145
255.000000
1.050000
GRASS_SPROUT
317.649017
42.758572
300.000000
1.200000
GRASS_SPROUT
318.803497
42.988201
210.000000
0.750000