TILE
15
72
FIELD_GRASS
0
PINE TREE 1
92.021729
430.628021
90.000000
0.750000
PINE TREE 1
90.889648
429.841217
240.000000
1.150000
PINE TREE 1
88.542175
430.392944
300.000000
1.200000
PINE TREE 1
92.787918
429.383270
135.000000
1.200000
GRASS_SPROUT
87.407410
431.350586
315.000000
0.950000
GRASS_SPROUT
88.149666
431.619690
60.000000
1.000000
GRASS_SPROUT
89.116539
431.957703
60.000000
1.150000
GRASS_SPROUT
87.299927
432.250885
0.000000
1.250000
GRASS_SPROUT
88.211853
433.077209
345.000000
0.900000
GRASS_SPROUT
88.797432
433.832245
135.000000
0.850000
GRASS_SPROUT
87.881645
434.013062
60.000000
1.150000
GRASS_SPROUT
88.430634
434.636658
150.000000
0.900000
GRASS_SPROUT
89.205070
434.875092
15.000000
1.100000
GRASS_SPROUT
90.185356
434.858215
105.000000
1.150000
GRASS_SPROUT
89.653122
433.888397
225.000000
1.000000
GRASS_SPROUT
89.399796
433.015839
285.000000
0.800000
GRASS_SPROUT
90.203194
432.491333
30.000000
1.050000
GRASS_SPROUT
91.866188
432.491333
60.000000
1.250000
GRASS_SPROUT
90.916222
431.218414
270.000000
0.950000
GRASS_SPROUT
92.293251
433.584015
15.000000
1.250000
GRASS_SPROUT
91.273209
433.100342
120.000000
0.800000
GRASS_SPROUT
91.191872
434.279572
240.000000
0.750000
GRASS_SPROUT
92.261658
434.989471
90.000000
0.800000
GRASS_SPROUT
89.894173
430.944397
330.000000
1.150000