TILE
15
71
FIELD_GRASS
0
PINE TREE 1
91.791573
423.671753
180.000000
0.850000
PINE TREE 1
90.407990
423.070129
195.000000
0.850000
PINE TREE 1
87.451218
423.191986
165.000000
0.850000
PINE TREE 1
87.571198
424.738373
240.000000
1.100000
PINE TREE 1
87.741257
427.321106
150.000000
1.150000
PINE TREE 1
89.547157
426.209869
150.000000
1.150000
PINE TREE 1
90.776634
425.376129
0.000000
0.800000
PINE TREE 1
92.383476
425.298706
210.000000
1.000000
PINE TREE 1
88.059692
425.988434
180.000000
0.800000
PINE TREE 1
89.309853
424.291321
285.000000
1.250000
PINE TREE 1
89.383469
428.709320
345.000000
1.250000
PINE TREE 1
90.995628
427.129028
135.000000
1.000000
PINE TREE 1
92.398041
427.704407
150.000000
1.000000
GRASS_SPROUT
91.521919
428.425598
270.000000
0.800000