TILE
16
72
FIELD_GRASS
0
PINE TREE 1
98.732460
433.087128
150.000000
0.950000
PINE TREE 1
96.560905
432.951294
345.000000
1.250000
PINE TREE 1
95.017090
432.384674
45.000000
0.900000
PINE TREE 1
93.353554
431.437897
225.000000
1.000000
PINE TREE 1
95.626190
430.278564
45.000000
0.900000
PINE TREE 1
98.120872
429.523926
210.000000
0.800000
PINE TREE 1
98.333679
430.681641
345.000000
0.850000
PINE TREE 1
97.102814
430.118774
135.000000
0.850000
PINE TREE 1
97.527901
431.530182
210.000000
0.750000
PINE TREE 1
94.437294
430.068787
210.000000
0.800000
PINE TREE 1
94.756088
431.135651
120.000000
0.750000
GRASS_SPROUT
93.075340
432.535797
0.000000
0.750000
GRASS_SPROUT
93.674156
432.712250
0.000000
0.750000
GRASS_SPROUT
93.528366
434.243591
210.000000
1.150000
GRASS_SPROUT
94.442215
434.497620
90.000000
1.100000
GRASS_SPROUT
96.702629
434.854706
210.000000
0.950000
GRASS_SPROUT
98.010330
434.577576
330.000000
0.950000
GRASS_SPROUT
96.054810
434.212616
345.000000
1.100000
GRASS_SPROUT
95.712921
431.413330
45.000000
0.950000