TILE
14
72
FIELD_GRASS
0
PINE TREE 1
81.041374
430.303619
45.000000
1.200000
PINE TREE 1
82.094185
429.268127
225.000000
0.750000
PINE TREE 1
82.598854
430.567688
345.000000
0.850000
PINE TREE 1
86.769440
430.438080
150.000000
1.000000
PINE TREE 1
83.885841
429.426758
135.000000
1.200000
PINE TREE 1
84.767349
430.619476
150.000000
0.800000
PINE TREE 1
86.928093
429.114838
105.000000
0.900000
GRASS_SPROUT
81.477097
432.871216
270.000000
0.900000
GRASS_SPROUT
82.667702
432.964966
0.000000
1.200000
GRASS_SPROUT
83.751083
433.288330
60.000000
0.950000
GRASS_SPROUT
84.659119
433.604553
75.000000
1.050000
GRASS_SPROUT
85.496155
434.044373
180.000000
0.850000
GRASS_SPROUT
86.043800
434.428711
75.000000
0.800000
GRASS_SPROUT
86.727371
434.843506
105.000000
0.750000
GRASS_SPROUT
81.775520
431.695557
60.000000
0.750000
GRASS_SPROUT
83.708214
431.389374
60.000000
1.200000
GRASS_SPROUT
82.357918
431.957703
315.000000
0.750000
GRASS_SPROUT
86.251640
432.359131
105.000000
0.800000
GRASS_SPROUT
84.661255
432.395020
315.000000
1.000000
GRASS_SPROUT
85.371696
431.770996
165.000000
0.850000
GRASS_SPROUT
86.792648
434.047394
195.000000
1.050000
GRASS_SPROUT
86.033516
433.513031
270.000000
1.000000