TILE
59
20
FIELD_GRASS
0
PINE TREE 1
351.076172
121.621796
255.000000
0.950000
PINE TREE 1
356.890015
120.095276
255.000000
0.750000
PINE TREE 1
355.847656
118.978798
75.000000
0.900000
PINE TREE 1
354.955170
117.818886
30.000000
1.150000
PINE TREE 1
353.121246
117.162498
120.000000
1.200000
PINE TREE 1
352.829865
120.122734
105.000000
1.250000
PINE TREE 1
352.829865
121.836723
300.000000
0.850000
PINE TREE 1
354.990295
120.653221
60.000000
1.100000
PINE TREE 1
355.775146
122.316154
105.000000
1.050000
PINE TREE 1
353.980164
122.736610
330.000000
0.950000
GRASS_SPROUT
354.178833
119.126625
210.000000
1.150000
GRASS_SPROUT
353.858185
121.555252
120.000000
0.750000
GRASS_SPROUT
351.093079
118.471565
165.000000
1.050000
GRASS_SPROUT
351.662933
117.140015
15.000000
1.050000
GRASS_SPROUT
352.214355
118.142815
135.000000
1.150000
GRASS_SPROUT
351.368256
119.819351
330.000000
1.000000