TILE
63
82
FIELD_GRASS
0
PINE TREE 2
379.635681
490.020233
90.000000
1.050000
PINE TREE 2
378.476807
489.060913
75.000000
0.900000
PINE TREE 2
376.602844
489.881775
15.000000
0.850000
GRASS_SPROUT
375.600830
491.634064
180.000000
1.250000
GRASS_SPROUT
376.521423
491.661926
15.000000
0.900000
GRASS_SPROUT
377.447937
491.661926
255.000000
1.200000
GRASS_SPROUT
378.454651
491.689758
90.000000
0.850000
GRASS_SPROUT
379.842682
491.550446
120.000000
0.850000
GRASS_SPROUT
380.464233
491.707458
105.000000
0.750000
GRASS_SPROUT
378.286530
490.729004
105.000000
0.900000
GRASS_SPROUT
375.446198
489.228424
90.000000
0.950000
GRASS_SPROUT
375.094147
490.116516
210.000000
0.850000
GRASS_SPROUT
379.262390
492.299286
330.000000
1.250000
GRASS_SPROUT
380.154968
492.429749
285.000000
0.850000