TILE
66
83
FIELD_GRASS
0
GRASS_SPROUT
395.043274
495.582947
255.000000
1.050000
GRASS_SPROUT
395.043274
496.724731
345.000000
0.950000
GRASS_SPROUT
395.043274
497.586243
105.000000
1.000000
GRASS_SPROUT
395.043274
498.484131
15.000000
0.950000
GRASS_SPROUT
394.833862
499.415527
300.000000
1.200000
GRASS_SPROUT
393.793488
500.168518
30.000000
1.200000
GRASS_SPROUT
393.682800
498.240326
255.000000
0.950000
GRASS_SPROUT
394.279785
497.319061
120.000000
0.750000
GRASS_SPROUT
394.147217
495.804993
285.000000
1.050000
GRASS_SPROUT
394.647400
500.650482
315.000000
1.150000