TILE
64
82
FIELD_GRASS
0
PINE TREE 2
386.246948
492.396912
330.000000
0.750000
PINE TREE 2
384.702362
492.282623
75.000000
1.000000
PINE TREE 2
383.218933
491.566864
180.000000
1.100000
PINE TREE 2
382.953247
489.885651
30.000000
1.150000
PINE TREE 2
386.197449
489.312561
30.000000
1.250000
PINE TREE 2
384.701447
490.539032
0.000000
1.250000
PINE TREE 2
386.893250
491.028809
90.000000
1.200000
PINE TREE 2
381.440338
490.808350
345.000000
1.200000
PINE TREE 2
385.723846
493.611877
60.000000
0.900000
GRASS_SPROUT
381.117126
492.146179
255.000000
0.950000
GRASS_SPROUT
382.052673
492.343475
255.000000
1.250000
GRASS_SPROUT
383.187286
492.697021
135.000000
0.750000
GRASS_SPROUT
383.536163
493.335266
0.000000
1.050000
GRASS_SPROUT
384.224365
493.864380
315.000000
1.100000
GRASS_SPROUT
385.086761
494.604675
15.000000
1.000000