TILE
65
81
FIELD_GRASS
0
PINE TREE 2
387.561310
485.686218
165.000000
1.150000
PINE TREE 2
388.808411
487.002319
345.000000
0.900000
PINE TREE 2
388.981293
488.610321
105.000000
1.150000
PINE TREE 2
387.075500
487.700409
150.000000
1.050000
GRASS_SPROUT
392.493164
485.831177
45.000000
0.800000
GRASS_SPROUT
391.922028
485.453796
240.000000
0.750000
GRASS_SPROUT
391.256439
484.967957
45.000000
0.850000
GRASS_SPROUT
390.123230
484.465759
225.000000
1.200000
GRASS_SPROUT
389.078369
483.999084
195.000000
1.000000
GRASS_SPROUT
388.492035
483.408752
270.000000
0.800000
GRASS_SPROUT
390.094330
487.929626
0.000000
1.050000
GRASS_SPROUT
390.380646
488.600891
300.000000
0.750000
GRASS_SPROUT
391.152191
488.001129
150.000000
1.150000
GRASS_SPROUT
391.308289
486.811310
0.000000
1.000000
GRASS_SPROUT
390.968048
486.085999
315.000000
0.900000
GRASS_SPROUT
390.053741
485.757233
255.000000
1.150000
GRASS_SPROUT
389.289703
485.189575
135.000000
0.850000
GRASS_SPROUT
390.181580
486.859589
150.000000
1.250000
GRASS_SPROUT
392.098053
487.474396
210.000000
0.900000
GRASS_SPROUT
392.904999
488.472382
75.000000
0.950000