TILE
61
80
FIELD_GRASS
0
PINE TREE 2
368.725342
482.010681
45.000000
1.150000
PINE TREE 2
368.152832
480.542938
45.000000
0.950000
PINE TREE 2
368.077148
478.925507
225.000000
1.100000
PINE TREE 2
366.596069
478.664246
165.000000
0.800000
PINE TREE 2
363.011139
479.145264
240.000000
0.950000
PINE TREE 2
364.428162
479.330872
315.000000
0.750000
PINE TREE 2
366.189941
480.072968
240.000000
1.150000
PINE TREE 2
364.842682
481.544739
255.000000
1.250000
PINE TREE 2
366.397675
482.423096
165.000000
1.100000
PINE TREE 2
365.051239
477.942902
270.000000
1.250000
GRASS_SPROUT
363.479004
480.950134
180.000000
1.150000
GRASS_SPROUT
363.852112
482.947968
105.000000
0.850000
GRASS_SPROUT
363.383881
482.367920
30.000000
1.000000