TILE
64
80
FIELD_GRASS
0
PINE TREE 2
381.222809
482.315552
60.000000
0.950000
PINE TREE 2
383.317413
482.445007
270.000000
1.200000
PINE TREE 2
384.907471
482.941711
60.000000
0.850000
GRASS_SPROUT
386.808746
481.798615
195.000000
1.200000
GRASS_SPROUT
386.221588
480.956421
15.000000
0.950000
GRASS_SPROUT
385.979828
480.225525
105.000000
0.750000
GRASS_SPROUT
385.689423
479.446716
165.000000
0.900000
GRASS_SPROUT
385.349060
478.434692
165.000000
0.850000
GRASS_SPROUT
385.222931
477.725128
0.000000
0.900000
GRASS_SPROUT
381.030792
478.467865
90.000000
1.100000
GRASS_SPROUT
383.482483
477.083862
0.000000
0.800000
GRASS_SPROUT
383.254150
477.846130
90.000000
1.100000
GRASS_SPROUT
382.577362
478.242889
135.000000
0.750000
GRASS_SPROUT
382.002777
479.150818
75.000000
1.100000
GRASS_SPROUT
381.621094
477.048096
315.000000
1.050000
GRASS_SPROUT
382.638306
479.993011
0.000000
1.150000
GRASS_SPROUT
381.612579
477.846130
150.000000
0.900000
GRASS_SPROUT
381.669922
480.645203
180.000000
0.900000
GRASS_SPROUT
382.548492
481.059326
90.000000
1.150000
GRASS_SPROUT
383.236877
480.671570
210.000000
0.750000
GRASS_SPROUT
383.448181
479.359863
285.000000
0.850000
GRASS_SPROUT
384.244843
479.964996
270.000000
0.750000
GRASS_SPROUT
384.837372
481.059326
270.000000
1.250000
GRASS_SPROUT
384.251770
477.778748
0.000000
1.150000
GRASS_SPROUT
384.409637
479.330231
210.000000
0.750000