TILE
14
40
FIELD_GRASS
0
GRASS_SPROUT
81.042130
238.980698
330.000000
0.750000
GRASS_SPROUT
82.083305
238.650208
345.000000
1.150000
GRASS_SPROUT
82.948257
238.255722
285.000000
1.200000
GRASS_SPROUT
83.998688
237.436432
30.000000
1.150000
GRASS_SPROUT
81.542580
241.986084
30.000000
0.800000
GRASS_SPROUT
82.247696
242.207016
225.000000
0.900000
GRASS_SPROUT
83.127930
242.424530
180.000000
1.050000
GRASS_SPROUT
84.036835
242.596130
0.000000
1.250000
GRASS_SPROUT
85.031281
242.849594
210.000000
1.100000
GRASS_SPROUT
82.711868
239.855881
90.000000
1.150000
GRASS_SPROUT
81.495987
239.953598
195.000000
0.900000
GRASS_SPROUT
81.358505
240.616196
45.000000
0.750000
GRASS_SPROUT
82.453728
240.859161
255.000000
1.150000
GRASS_SPROUT
83.384087
240.978729
285.000000
1.100000
GRASS_SPROUT
84.789688
240.768631
45.000000
1.050000
GRASS_SPROUT
85.666534
240.889160
330.000000
1.050000
GRASS_SPROUT
85.211372
241.473572
45.000000
0.800000
GRASS_SPROUT
86.600548
240.336746
60.000000
0.950000
GRASS_SPROUT
84.026749
241.530396
180.000000
0.900000
GRASS_SPROUT
83.274529
239.218140
315.000000
0.750000
GRASS_SPROUT
84.555382
239.423157
330.000000
1.150000
GRASS_SPROUT
83.858086
238.582230
180.000000
0.750000
GRASS_SPROUT
84.858551
238.545898
300.000000
1.050000
GRASS_SPROUT
85.546646
237.004730
255.000000
0.950000
GRASS_SPROUT
86.728539
238.833313
165.000000
1.050000
GRASS_SPROUT
86.340851
237.207474
75.000000
1.000000
GRASS_SPROUT
86.283569
239.490692
210.000000
0.900000
GRASS_SPROUT
86.191559
238.251862
345.000000
0.850000
GRASS_SPROUT
85.716354
238.868790
0.000000
0.750000
GRASS_SPROUT
85.632378
239.855881
285.000000
0.750000
GRASS_SPROUT
85.900948
241.733566
165.000000
0.850000
GRASS_SPROUT
86.732033
241.933746
240.000000
1.000000