TILE
19
44
FIELD_GRASS
0
PINE TREE 1
114.516129
266.942444
90.000000
0.750000
PINE TREE 1
113.254929
266.296417
315.000000
1.150000
GRASS_SPROUT
111.091621
266.265137
255.000000
1.250000
GRASS_SPROUT
111.750732
266.983551
225.000000
0.900000
GRASS_SPROUT
112.324234
261.514282
315.000000
0.950000
GRASS_SPROUT
111.596291
262.238068
135.000000
1.000000
GRASS_SPROUT
111.117805
264.248840
210.000000
0.850000
GRASS_SPROUT
112.001472
264.285797
345.000000
1.100000
GRASS_SPROUT
112.697609
263.690735
315.000000
1.150000
GRASS_SPROUT
113.406990
262.990601
150.000000
0.950000
GRASS_SPROUT
114.157379
262.394989
180.000000
1.000000
GRASS_SPROUT
114.878136
261.703796
330.000000
0.950000
GRASS_SPROUT
112.600815
262.664642
15.000000
1.000000
GRASS_SPROUT
113.367813
262.028687
75.000000
0.900000
GRASS_SPROUT
116.269203
261.830475
225.000000
1.250000
GRASS_SPROUT
116.585999
262.935425
135.000000
0.950000
GRASS_SPROUT
116.989204
265.156006
210.000000
1.050000
GRASS_SPROUT
116.635284
264.175201
0.000000
1.200000
GRASS_SPROUT
115.261307
262.465210
270.000000
0.850000
GRASS_SPROUT
115.203621
263.613129
300.000000
0.950000
GRASS_SPROUT
115.237854
264.796509
180.000000
1.250000
GRASS_SPROUT
115.433136
265.809601
180.000000
1.050000
GRASS_SPROUT
114.413765
265.506073
285.000000
0.950000
GRASS_SPROUT
114.146111
264.510101
255.000000
1.200000
GRASS_SPROUT
114.015976
263.480164
60.000000
1.000000
GRASS_SPROUT
113.359352
264.957489
30.000000
1.000000
GRASS_SPROUT
116.730568
266.695251
0.000000
0.800000