TILE
32
66
FIELD_GRASS
0
PINE TREE 1
193.863434
397.676270
210.000000
1.200000
PINE TREE 1
191.696304
397.638489
255.000000
1.200000
PINE TREE 1
189.630478
397.655640
315.000000
1.100000
PINE TREE 1
193.618271
394.066864
255.000000
1.050000
PINE TREE 1
192.144348
394.066681
240.000000
1.050000
PINE TREE 1
190.799683
394.066559
75.000000
0.850000
PINE TREE 1
189.209305
394.066467
315.000000
1.150000
PINE TREE 1
189.072754
396.002167
75.000000
1.250000
PINE TREE 1
191.127487
395.944427
300.000000
1.200000
PINE TREE 1
193.458389
395.944427
135.000000
1.250000