TILE
32
61
FIELD_GRASS
0
PINE TREE 1
193.726807
365.953400
255.000000
0.950000
PINE TREE 1
192.489456
365.374725
240.000000
0.900000
PINE TREE 1
191.357437
364.635223
330.000000
0.800000
PINE TREE 1
191.168762
363.306213
195.000000
0.750000
PINE TREE 1
192.625885
363.165405
15.000000
0.750000
PINE TREE 1
193.603455
364.505646
15.000000
1.000000
PINE TREE 1
194.188339
363.020782
285.000000
1.250000
GRASS_SPROUT
189.405472
363.927002
195.000000
0.750000
GRASS_SPROUT
190.295563
363.880951
315.000000
1.150000
GRASS_SPROUT
190.101212
364.921600
60.000000
1.100000
GRASS_SPROUT
189.618149
365.772949
90.000000
0.950000
GRASS_SPROUT
189.323441
366.628265
90.000000
1.100000
GRASS_SPROUT
189.143326
367.666382
345.000000
1.150000
GRASS_SPROUT
189.008011
368.591644
0.000000
0.800000