TILE
72
80
FIELD_GRASS
0
GRASS_SPROUT
434.512604
481.955566
210.000000
0.800000
GRASS_SPROUT
433.525787
481.848206
15.000000
1.250000
GRASS_SPROUT
432.311218
481.575165
135.000000
0.900000
GRASS_SPROUT
431.345642
481.323578
30.000000
1.200000
GRASS_SPROUT
430.388428
481.066223
150.000000
1.250000
GRASS_SPROUT
429.327118
480.319519
300.000000
1.150000
GRASS_SPROUT
431.543213
477.391907
180.000000
0.900000
GRASS_SPROUT
431.297333
478.176819
345.000000
1.100000
GRASS_SPROUT
430.435303
478.631042
315.000000
1.000000
GRASS_SPROUT
429.840363
477.739288
60.000000
1.200000
GRASS_SPROUT
429.500275
478.789185
135.000000
1.250000
GRASS_SPROUT
431.065704
480.317902
210.000000
0.800000
GRASS_SPROUT
430.503906
479.811523
285.000000
0.900000
GRASS_SPROUT
431.468018
479.695831
15.000000
1.000000
GRASS_SPROUT
432.724152
479.982849
120.000000
1.250000
GRASS_SPROUT
433.631897
480.516479
15.000000
0.800000
GRASS_SPROUT
434.551697
480.632263
120.000000
1.250000
GRASS_SPROUT
432.942841
480.976563
105.000000
1.250000
GRASS_SPROUT
434.786865
479.335419
195.000000
1.050000
GRASS_SPROUT
432.656372
478.664978
330.000000
1.150000
GRASS_SPROUT
434.137695
478.142944
90.000000
1.250000