TILE
74
83
FIELD_GRASS
0
GRASS_SPROUT
441.418060
499.754272
270.000000
1.150000
GRASS_SPROUT
442.935120
500.136597
120.000000
1.150000
GRASS_SPROUT
444.054047
500.183685
105.000000
1.000000
GRASS_SPROUT
444.950653
499.994385
195.000000
1.100000
GRASS_SPROUT
446.039490
499.559326
240.000000
1.000000
GRASS_SPROUT
446.756866
499.261993
330.000000
0.750000
GRASS_SPROUT
445.846039
500.463104
60.000000
1.100000
GRASS_SPROUT
442.510590
500.823730
180.000000
0.750000
GRASS_SPROUT
441.023163
500.661316
315.000000
1.100000