TILE
84
96
FIELD_GRASS
0
GRASS_SPROUT
502.549500
578.332642
195.000000
1.000000
GRASS_SPROUT
502.685974
577.235107
330.000000
1.250000
GRASS_SPROUT
502.490540
576.217773
90.000000
1.150000
GRASS_SPROUT
501.969330
574.490540
345.000000
0.750000
GRASS_SPROUT
501.766937
573.728271
15.000000
1.150000
GRASS_SPROUT
505.712311
574.132080
225.000000
0.900000
GRASS_SPROUT
504.911804
574.427429
75.000000
0.900000
GRASS_SPROUT
504.108795
574.851624
210.000000
1.150000
GRASS_SPROUT
503.588531
573.620361
135.000000
0.750000
GRASS_SPROUT
502.748840
574.069336
285.000000
0.850000
GRASS_SPROUT
504.506836
573.093567
225.000000
1.200000
GRASS_SPROUT
505.889069
573.320984
165.000000
0.950000
GRASS_SPROUT
503.064087
575.593872
90.000000
0.850000
GRASS_SPROUT
503.390717
576.381958
345.000000
0.800000
GRASS_SPROUT
503.659973
577.116516
315.000000
0.800000
GRASS_SPROUT
503.756042
577.914185
105.000000
1.000000
GRASS_SPROUT
503.756042
578.807739
315.000000
1.150000
GRASS_SPROUT
504.552490
576.017334
135.000000
1.200000
GRASS_SPROUT
502.051453
575.289490
180.000000
0.900000
GRASS_SPROUT
503.068085
574.806091
255.000000
0.950000
GRASS_SPROUT
502.904510
573.254211
15.000000
0.850000
GRASS_SPROUT
502.258789
573.075745
255.000000
0.800000
GRASS_SPROUT
506.912842
575.531555
180.000000
1.200000
GRASS_SPROUT
505.877960
576.030884
30.000000
1.000000
GRASS_SPROUT
506.604401
578.214600
105.000000
0.750000
GRASS_SPROUT
505.236755
578.343872
300.000000
1.200000
GRASS_SPROUT
505.512817
577.554688
300.000000
0.800000
GRASS_SPROUT
505.704407
576.814270
285.000000
1.000000
GRASS_SPROUT
504.790833
577.096375
195.000000
1.250000
GRASS_SPROUT
504.456726
578.042297
255.000000
0.750000