TILE
57
14
FIELD_GRASS
0
PINE TREE 1
339.733917
84.826950
240.000000
1.100000
PINE TREE 1
341.464630
85.031525
90.000000
1.200000
PINE TREE 1
342.899017
85.665993
330.000000
0.800000
PINE TREE 1
343.771057
86.563690
210.000000
0.800000
PINE TREE 1
341.642334
86.778648
165.000000
1.200000
PINE TREE 1
339.821259
86.635742
330.000000
1.250000
PINE TREE 1
339.225494
82.712883
45.000000
0.950000
PINE TREE 1
340.090210
81.571327
30.000000
1.050000
PINE TREE 1
341.341553
83.364822
225.000000
1.100000
GRASS_SPROUT
344.298615
85.850784
60.000000
0.800000
GRASS_SPROUT
344.027374
85.246712
195.000000
0.800000
GRASS_SPROUT
344.151367
84.344765
45.000000
1.050000
GRASS_SPROUT
344.510925
83.300529
150.000000
1.150000
GRASS_SPROUT
344.983643
82.345085
30.000000
1.000000
GRASS_SPROUT
341.724976
81.908760
255.000000
0.850000
GRASS_SPROUT
341.939423
81.110863
60.000000
0.800000
GRASS_SPROUT
343.535889
81.967354
180.000000
0.900000
GRASS_SPROUT
343.086609
82.762337
120.000000
1.250000
GRASS_SPROUT
342.520660
83.873032
30.000000
1.000000
GRASS_SPROUT
342.895905
84.682312
195.000000
0.850000
GRASS_SPROUT
343.220215
83.805870
0.000000
0.750000
GRASS_SPROUT
344.181488
81.175621
90.000000
1.000000