TILE
58
13
FIELD_GRASS
0
PINE TREE 1
350.469543
76.635986
45.000000
1.000000
GRASS_SPROUT
347.113495
80.785698
60.000000
0.900000
GRASS_SPROUT
348.760651
80.237320
285.000000
1.200000
GRASS_SPROUT
350.388306
80.020477
255.000000
1.050000
GRASS_SPROUT
345.051575
79.352226
330.000000
1.100000
GRASS_SPROUT
345.858154
78.902924
345.000000
1.050000
GRASS_SPROUT
347.131561
78.584831
0.000000
0.850000
GRASS_SPROUT
347.845490
78.077042
300.000000
1.200000
GRASS_SPROUT
347.735229
79.272057
90.000000
1.100000
GRASS_SPROUT
346.716034
80.002052
120.000000
0.750000
GRASS_SPROUT
345.724182
80.629814
120.000000
0.850000
GRASS_SPROUT
346.285400
77.562180
180.000000
1.150000
GRASS_SPROUT
350.576019
79.193375
315.000000
1.050000
GRASS_SPROUT
349.641937
79.093239
300.000000
1.150000
GRASS_SPROUT
348.816956
78.439499
330.000000
0.950000
GRASS_SPROUT
349.976074
78.333076
135.000000
0.800000
GRASS_SPROUT
349.668488
77.460403
15.000000
1.000000
GRASS_SPROUT
348.483521
76.874512
60.000000
1.000000
GRASS_SPROUT
347.971313
76.354782
255.000000
0.800000
GRASS_SPROUT
346.872437
76.018845
180.000000
1.150000
GRASS_SPROUT
346.059845
75.849983
270.000000
0.900000
GRASS_SPROUT
345.270233
75.522034
60.000000
0.750000
GRASS_SPROUT
348.533600
75.735733
270.000000
1.200000
GRASS_SPROUT
345.408051
78.032440
75.000000
1.250000
GRASS_SPROUT
345.045105
77.168427
345.000000
0.750000