TILE
56
15
FIELD_GRASS
0
PINE TREE 1
338.706024
87.801208
330.000000
0.750000
GRASS_SPROUT
334.139801
87.360161
60.000000
1.050000
GRASS_SPROUT
333.225281
87.656517
75.000000
1.000000
GRASS_SPROUT
333.629150
88.727966
180.000000
1.000000
GRASS_SPROUT
334.792511
88.488541
150.000000
1.250000
GRASS_SPROUT
336.098694
88.156113
210.000000
1.000000
GRASS_SPROUT
336.967529
87.710083
345.000000
1.150000
GRASS_SPROUT
333.447632
89.614365
120.000000
1.100000
GRASS_SPROUT
337.618500
88.517044
150.000000
1.150000
GRASS_SPROUT
334.477173
89.471741
240.000000
1.050000
GRASS_SPROUT
335.469727
89.278412
300.000000
1.100000
GRASS_SPROUT
336.544556
89.121681
270.000000
1.200000
GRASS_SPROUT
338.474121
89.278412
225.000000
1.200000
GRASS_SPROUT
338.171204
90.071838
180.000000
0.900000
GRASS_SPROUT
337.199127
89.887276
90.000000
1.150000