TILE
50
13
FIELD_GRASS
0
PINE TREE 1
297.928925
78.628830
15.000000
1.200000
PINE TREE 1
299.132294
79.424423
30.000000
0.750000
PINE TREE 1
300.190216
79.842453
0.000000
0.750000
PINE TREE 1
301.393585
80.279648
120.000000
0.900000
PINE TREE 1
297.109070
75.895691
75.000000
0.750000
PINE TREE 1
300.534302
78.771217
315.000000
0.800000
PINE TREE 1
299.442139
77.985970
105.000000
1.050000
PINE TREE 1
298.143311
77.141640
255.000000
0.850000
PINE TREE 1
298.372284
75.934158
285.000000
0.800000
GRASS_SPROUT
299.978241
80.862869
60.000000
1.150000
GRASS_SPROUT
297.854797
79.960258
210.000000
1.000000
GRASS_SPROUT
297.538300
80.774780
60.000000
0.900000
GRASS_SPROUT
298.855652
80.461067
165.000000
1.150000