TILE
51
10
FIELD_GRASS
0
PINE TREE 1
306.746429
57.600037
15.000000
1.200000
PINE TREE 1
305.129364
57.172791
120.000000
1.150000
PINE TREE 1
308.093475
58.713787
300.000000
1.200000
PINE TREE 1
305.707886
58.934608
300.000000
1.200000
PINE TREE 1
304.233765
58.777298
135.000000
0.900000
GRASS_SPROUT
303.097900
61.299351
15.000000
0.800000
GRASS_SPROUT
304.871613
60.043255
240.000000
1.200000
GRASS_SPROUT
305.818024
60.293343
180.000000
1.050000
GRASS_SPROUT
306.419708
60.741226
315.000000
0.750000
GRASS_SPROUT
305.783600
61.293312
120.000000
1.000000
GRASS_SPROUT
303.777954
61.751266
75.000000
0.900000
GRASS_SPROUT
303.931854
60.025845
210.000000
1.000000
GRASS_SPROUT
307.208801
61.553692
150.000000
0.850000
GRASS_SPROUT
303.301483
60.607155
330.000000
0.900000
GRASS_SPROUT
306.726501
62.820137
210.000000
0.900000
GRASS_SPROUT
308.061096
61.166786
105.000000
1.100000
GRASS_SPROUT
308.568146
62.256371
165.000000
1.000000
GRASS_SPROUT
307.656921
62.576546
210.000000
0.750000
GRASS_SPROUT
308.486908
60.107395
165.000000
1.200000
GRASS_SPROUT
307.436371
60.349503
255.000000
1.250000
GRASS_SPROUT
305.535156
62.644154
240.000000
0.750000
GRASS_SPROUT
304.750732
62.014500
255.000000
1.150000
GRASS_SPROUT
306.302002
62.261364
15.000000
0.800000