TILE
58
16
FIELD_GRASS
0
PINE TREE 1
350.186737
97.565125
345.000000
0.900000
PINE TREE 1
350.773407
95.753204
0.000000
1.250000
PINE TREE 1
350.951965
93.990822
135.000000
0.750000
PINE TREE 1
349.596313
98.920723
270.000000
1.150000
GRASS_SPROUT
345.571655
94.634407
15.000000
1.000000
GRASS_SPROUT
346.895020
94.860069
45.000000
0.900000
GRASS_SPROUT
347.855804
94.897301
120.000000
1.000000
GRASS_SPROUT
348.875183
94.822731
60.000000
1.250000
GRASS_SPROUT
349.820313
94.404778
330.000000
0.950000
GRASS_SPROUT
345.912628
96.419785
45.000000
0.850000
GRASS_SPROUT
346.663391
96.728561
240.000000
1.050000
GRASS_SPROUT
347.519470
97.062805
240.000000
0.950000
GRASS_SPROUT
348.577240
97.388115
45.000000
1.100000
GRASS_SPROUT
347.888245
96.067513
30.000000
1.100000
GRASS_SPROUT
348.836060
96.067513
105.000000
1.100000
GRASS_SPROUT
347.014435
95.631439
150.000000
0.950000
GRASS_SPROUT
346.260193
95.851334
210.000000
0.800000
GRASS_SPROUT
347.141418
98.013321
60.000000
1.250000
GRASS_SPROUT
345.745148
98.402534
150.000000
0.900000
GRASS_SPROUT
347.934204
98.635674
75.000000
1.000000
GRASS_SPROUT
349.483673
95.407730
255.000000
0.850000
GRASS_SPROUT
345.325836
97.484016
240.000000
1.250000