TILE
53
13
FIELD_GRASS
0
PINE TREE 1
315.461426
77.823174
180.000000
1.100000
PINE TREE 1
316.388519
76.761108
270.000000
0.850000
PINE TREE 1
317.342865
75.728188
105.000000
0.800000
PINE TREE 1
317.900787
80.779755
300.000000
0.750000
PINE TREE 1
316.480591
80.148003
240.000000
0.750000
PINE TREE 1
317.881561
79.296303
255.000000
1.100000
PINE TREE 1
318.884460
77.996712
270.000000
1.200000
PINE TREE 1
318.884460
76.096367
255.000000
1.200000
PINE TREE 1
315.309296
80.167778
300.000000
0.750000
PINE TREE 1
320.529633
76.627556
345.000000
1.200000
PINE TREE 1
319.533844
80.079315
330.000000
1.000000
GRASS_SPROUT
315.718689
75.487366
255.000000
1.200000
GRASS_SPROUT
320.167816
75.362038
75.000000
0.950000
GRASS_SPROUT
320.471710
78.175011
120.000000
1.050000
GRASS_SPROUT
319.745117
78.955559
0.000000
1.100000
GRASS_SPROUT
317.622711
77.281502
345.000000
1.250000
GRASS_SPROUT
316.295959
78.709358
150.000000
1.100000