TILE
57
15
FIELD_GRASS
0
PINE TREE 1
339.872314
88.923691
345.000000
1.250000
PINE TREE 1
343.806061
87.898926
15.000000
1.000000
PINE TREE 1
343.208069
89.390366
255.000000
1.000000
PINE TREE 1
342.311859
90.242317
255.000000
0.750000
PINE TREE 1
341.657471
88.469086
345.000000
1.100000
PINE TREE 1
341.139099
91.071045
255.000000
1.250000
GRASS_SPROUT
342.374756
92.231407
75.000000
1.200000
GRASS_SPROUT
341.259216
92.820885
240.000000
1.050000
GRASS_SPROUT
342.972443
91.556473
30.000000
0.800000
GRASS_SPROUT
339.857880
90.784454
105.000000
1.000000
GRASS_SPROUT
339.217102
90.325836
330.000000
0.800000