TILE
50
16
FIELD_GRASS
0
PINE TREE 1
301.719696
96.971687
300.000000
1.050000
GRASS_SPROUT
302.282745
98.524979
195.000000
0.950000
GRASS_SPROUT
301.493225
98.834969
285.000000
0.950000
GRASS_SPROUT
299.721222
98.967903
345.000000
0.900000
GRASS_SPROUT
299.615051
98.060005
90.000000
1.250000
GRASS_SPROUT
300.469574
97.101334
180.000000
0.850000
GRASS_SPROUT
300.705231
97.952980
300.000000
1.200000
GRASS_SPROUT
300.946564
96.149475
30.000000
0.950000
GRASS_SPROUT
300.978302
95.432304
330.000000
0.750000
GRASS_SPROUT
301.279694
94.676254
330.000000
1.100000
GRASS_SPROUT
302.230438
94.721863
300.000000
1.000000
GRASS_SPROUT
299.681458
96.752304
75.000000
1.100000
GRASS_SPROUT
298.580139
96.830666
300.000000
1.000000
GRASS_SPROUT
298.625916
95.858681
135.000000
1.150000
GRASS_SPROUT
299.536102
95.170067
0.000000
1.150000
GRASS_SPROUT
298.899719
98.917923
240.000000
1.000000
GRASS_SPROUT
298.376160
98.095474
270.000000
0.800000
GRASS_SPROUT
297.907837
97.441307
315.000000
0.750000
GRASS_SPROUT
299.846008
94.069855
210.000000
0.950000
GRASS_SPROUT
300.871613
93.437210
45.000000
1.250000
GRASS_SPROUT
301.606049
93.034103
165.000000
0.800000
GRASS_SPROUT
302.561493
94.081833
180.000000
0.800000