TILE
27
72
FIELD_GRASS
0
PINE TREE 2
164.061127
433.363678
210.000000
1.000000
PINE TREE 2
162.471405
433.312531
75.000000
0.800000
PINE TREE 2
161.104660
434.074341
45.000000
1.000000
PINE TREE 2
159.571350
434.920715
270.000000
0.750000
PINE TREE 2
164.523911
431.056000
180.000000
1.100000
PINE TREE 2
162.751816
430.940674
180.000000
1.250000
PINE TREE 2
161.192062
431.006989
15.000000
0.800000
PINE TREE 2
159.565430
431.113586
315.000000
1.050000
PINE TREE 2
161.350174
429.514099
45.000000
1.200000
PINE TREE 2
163.554871
429.068542
105.000000
1.200000
PINE TREE 2
160.912262
432.359589
330.000000
1.000000
PINE TREE 2
159.407654
433.447479
30.000000
1.050000