TILE
12
71
FIELD_GRASS
0
PINE TREE 1
69.487457
428.819672
75.000000
1.050000
PINE TREE 1
71.026855
428.742706
345.000000
1.050000
PINE TREE 1
72.674133
428.765167
45.000000
0.850000
PINE TREE 1
74.523315
428.634766
45.000000
1.000000
PINE TREE 1
72.407173
427.019257
270.000000
1.200000
GRASS_SPROUT
71.970879
423.246277
285.000000
0.950000
GRASS_SPROUT
72.272156
424.580505
210.000000
1.050000
GRASS_SPROUT
72.776268
425.509338
135.000000
1.050000
GRASS_SPROUT
73.915398
425.995514
90.000000
1.250000
GRASS_SPROUT
74.870056
424.323792
45.000000
0.950000
GRASS_SPROUT
74.100525
424.094757
30.000000
0.800000
GRASS_SPROUT
73.410362
423.772125
75.000000
1.000000
GRASS_SPROUT
72.828415
423.035492
30.000000
0.750000
GRASS_SPROUT
70.061783
423.523224
270.000000
0.750000
GRASS_SPROUT
70.636116
424.314636
195.000000
1.150000
GRASS_SPROUT
71.260414
425.130981
180.000000
1.000000
GRASS_SPROUT
71.383965
426.169952
150.000000
1.050000
GRASS_SPROUT
70.549332
425.691345
240.000000
1.000000
GRASS_SPROUT
70.848274
426.846741
180.000000
1.050000
GRASS_SPROUT
69.237724
427.379547
270.000000
0.750000
GRASS_SPROUT
69.696419
426.301056
285.000000
1.200000