TILE
10
70
FIELD_GRASS
0
PINE TREE 1
62.541237
417.355713
120.000000
1.100000
PINE TREE 1
60.262600
417.356384
345.000000
1.150000
PINE TREE 1
58.200146
417.227509
225.000000
1.200000
PINE TREE 1
58.581955
419.244690
135.000000
1.050000
PINE TREE 1
61.245010
418.745331
150.000000
1.250000
GRASS_SPROUT
62.648876
420.103973
150.000000
0.900000
GRASS_SPROUT
61.832867
420.008820
255.000000
0.750000
GRASS_SPROUT
60.443916
419.720673
120.000000
0.900000
GRASS_SPROUT
61.036667
420.449554
150.000000
1.200000
GRASS_SPROUT
61.995781
420.722626
15.000000
0.750000
GRASS_SPROUT
62.680000
420.876160
225.000000
0.950000
GRASS_SPROUT
59.747364
419.886078
75.000000
0.850000
GRASS_SPROUT
57.748528
420.008820
315.000000
0.800000
GRASS_SPROUT
62.819553
418.710052
345.000000
0.850000
GRASS_SPROUT
57.652378
418.326111
30.000000
0.950000
GRASS_SPROUT
57.063946
418.800018
240.000000
0.800000
GRASS_SPROUT
57.884266
422.769196
255.000000
1.150000
GRASS_SPROUT
58.673965
422.769196
345.000000
0.800000
GRASS_SPROUT
60.121532
422.732391
150.000000
1.250000
GRASS_SPROUT
60.995213
422.842499
0.000000
0.850000
GRASS_SPROUT
57.514977
421.855743
15.000000
1.150000
GRASS_SPROUT
58.972755
421.855743
270.000000
0.750000
GRASS_SPROUT
58.428673
420.618347
330.000000
1.050000
GRASS_SPROUT
59.855896
421.085205
315.000000
1.150000
GRASS_SPROUT
62.193890
421.723175
285.000000
1.100000
GRASS_SPROUT
62.013939
422.809540
300.000000
1.100000
GRASS_SPROUT
60.729912
421.833710
105.000000
1.200000