TILE
11
71
FIELD_GRASS
0
PINE TREE 1
68.031189
428.937561
45.000000
0.800000
GRASS_SPROUT
67.669815
423.590179
15.000000
0.950000
GRASS_SPROUT
67.623940
424.569672
315.000000
1.000000
GRASS_SPROUT
67.579788
425.512299
300.000000
1.150000
GRASS_SPROUT
63.382202
428.677582
240.000000
1.200000
GRASS_SPROUT
64.229774
428.501404
45.000000
0.800000
GRASS_SPROUT
64.897369
427.956116
225.000000
1.200000
GRASS_SPROUT
65.534012
427.220703
135.000000
1.200000
GRASS_SPROUT
65.846649
426.225403
270.000000
0.850000
GRASS_SPROUT
66.041672
425.261200
165.000000
0.850000
GRASS_SPROUT
66.243866
424.468079
45.000000
0.800000
GRASS_SPROUT
66.127625
423.450775
180.000000
1.150000
GRASS_SPROUT
68.543251
423.486359
300.000000
1.100000
GRASS_SPROUT
67.408348
426.465668
15.000000
1.100000
GRASS_SPROUT
68.752533
424.485504
255.000000
0.900000
GRASS_SPROUT
68.786591
425.608521
60.000000
1.200000
GRASS_SPROUT
68.837524
426.524323
120.000000
0.950000
GRASS_SPROUT
68.588745
427.850586
330.000000
1.100000
GRASS_SPROUT
67.713509
427.447815
0.000000
1.250000
GRASS_SPROUT
66.655052
428.064392
345.000000
1.150000
GRASS_SPROUT
63.952316
427.705078
300.000000
0.750000
GRASS_SPROUT
63.592793
426.123230
210.000000
0.900000
GRASS_SPROUT
64.510254
427.035095
225.000000
0.900000
GRASS_SPROUT
63.168484
425.539093
315.000000
0.800000
GRASS_SPROUT
64.068169
423.507080
165.000000
0.950000
GRASS_SPROUT
64.200554
424.318176
300.000000
1.100000
GRASS_SPROUT
64.240013
425.269928
75.000000
1.000000
GRASS_SPROUT
64.367088
426.344543
180.000000
0.800000
GRASS_SPROUT
65.213028
423.488312
345.000000
1.100000
GRASS_SPROUT
65.201530
424.555939
300.000000
1.250000
GRASS_SPROUT
63.684555
426.949951
150.000000
1.150000
GRASS_SPROUT
65.085167
425.661255
75.000000
1.250000
GRASS_SPROUT
63.626350
424.849945
195.000000
0.800000