TILE
10
74
FIELD_GRASS
0
PINE TREE 1
58.416809
442.436005
225.000000
1.100000
PINE TREE 1
59.942425
441.452454
135.000000
0.900000
PINE TREE 1
57.221447
441.375763
15.000000
1.050000
GRASS_SPROUT
62.589821
442.321228
255.000000
0.900000
GRASS_SPROUT
61.771046
442.207855
165.000000
0.950000
GRASS_SPROUT
60.984657
442.122070
135.000000
0.950000
GRASS_SPROUT
57.006042
444.481750
15.000000
1.250000
GRASS_SPROUT
58.031002
444.612915
225.000000
0.850000
GRASS_SPROUT
58.720016
444.710388
165.000000
0.850000
GRASS_SPROUT
59.652256
444.677979
180.000000
1.100000
GRASS_SPROUT
60.617905
444.580261
30.000000
0.950000
GRASS_SPROUT
61.430004
444.382416
180.000000
1.050000
GRASS_SPROUT
62.289970
444.147491
195.000000
0.750000
GRASS_SPROUT
61.756813
443.013367
150.000000
0.750000
GRASS_SPROUT
60.760056
443.233887
45.000000
1.150000
GRASS_SPROUT
59.817814
443.522125
45.000000
1.250000
GRASS_SPROUT
58.551510
443.699005
255.000000
1.200000
GRASS_SPROUT
60.155102
442.599030
75.000000
0.950000
GRASS_SPROUT
61.367237
441.453033
255.000000
0.800000