TILE
13
72
FIELD_GRASS
0
PINE TREE 1
77.238091
429.298248
15.000000
1.000000
PINE TREE 1
76.202293
430.336578
180.000000
0.800000
PINE TREE 1
75.998085
434.810791
75.000000
0.800000
PINE TREE 1
77.099861
433.991241
330.000000
0.800000
PINE TREE 1
78.293922
432.932983
90.000000
1.200000
PINE TREE 1
79.643623
431.660736
45.000000
1.200000
PINE TREE 1
75.208717
432.895874
90.000000
1.200000
PINE TREE 1
76.327415
431.824646
90.000000
0.850000
PINE TREE 1
78.396896
430.431580
165.000000
1.200000
PINE TREE 1
79.520866
429.153656
15.000000
0.750000
PINE TREE 1
75.876236
429.142212
45.000000
0.750000
GRASS_SPROUT
79.739433
433.104431
75.000000
1.250000
GRASS_SPROUT
80.561241
432.918182
60.000000
0.850000
GRASS_SPROUT
80.909004
431.926178
195.000000
0.850000
GRASS_SPROUT
77.120140
430.966827
255.000000
1.250000
GRASS_SPROUT
77.810158
431.664948
285.000000
0.800000
GRASS_SPROUT
76.849884
432.902710
30.000000
0.950000