TILE
52
11
FIELD_GRASS
0
PINE TREE 1
314.851410
63.133625
330.000000
0.950000
PINE TREE 1
314.711456
65.099205
15.000000
0.850000
PINE TREE 1
313.315308
63.623138
345.000000
1.250000
GRASS_SPROUT
309.139465
67.626404
90.000000
0.900000
GRASS_SPROUT
310.775696
68.006256
120.000000
1.150000
GRASS_SPROUT
311.710205
68.647888
150.000000
1.000000
GRASS_SPROUT
314.972504
68.954552
135.000000
0.950000
GRASS_SPROUT
314.409790
68.286697
60.000000
0.850000
GRASS_SPROUT
313.779846
67.575516
120.000000
0.950000
GRASS_SPROUT
313.134308
66.948418
285.000000
0.800000
GRASS_SPROUT
312.371643
66.486160
240.000000
1.100000
GRASS_SPROUT
311.446381
66.114113
345.000000
1.000000
GRASS_SPROUT
310.613159
65.878639
180.000000
1.000000
GRASS_SPROUT
309.680878
65.696686
135.000000
0.900000
GRASS_SPROUT
309.122192
66.226700
75.000000
0.900000
GRASS_SPROUT
312.798706
67.521019
45.000000
0.800000
GRASS_SPROUT
311.864960
67.309822
60.000000
0.950000
GRASS_SPROUT
310.130219
67.001343
270.000000
0.800000
GRASS_SPROUT
312.165771
64.316284
120.000000
1.100000
GRASS_SPROUT
311.539673
63.775566
120.000000
0.750000
GRASS_SPROUT
309.874725
63.778053
120.000000
1.050000
GRASS_SPROUT
310.228394
64.728844
60.000000
1.150000
GRASS_SPROUT
314.447662
66.170891
180.000000
0.850000
GRASS_SPROUT
313.377594
65.956108
195.000000
1.000000
GRASS_SPROUT
313.126831
65.121498
330.000000
1.000000
GRASS_SPROUT
313.394470
68.548363
180.000000
1.100000
GRASS_SPROUT
313.941132
66.659714
195.000000
0.800000
GRASS_SPROUT
314.732239
67.319420
345.000000
0.950000
GRASS_SPROUT
312.066284
65.377907
195.000000
1.250000
GRASS_SPROUT
311.314758
64.658554
270.000000
1.100000
GRASS_SPROUT
309.137787
64.862938
330.000000
0.900000