TILE
55
10
FIELD_GRASS
0
PINE TREE 1
329.739410
62.580322
240.000000
0.750000
PINE TREE 1
329.741150
61.346592
195.000000
0.800000
PINE TREE 1
329.628937
60.128555
240.000000
0.800000
PINE TREE 1
328.139465
59.744484
210.000000
0.900000
PINE TREE 1
331.260040
61.202835
105.000000
1.200000
PINE TREE 1
332.156647
62.741859
135.000000
1.050000
PINE TREE 1
327.356567
62.493904
0.000000
0.950000
PINE TREE 1
328.661682
61.911610
270.000000
0.900000
PINE TREE 1
329.603363
58.802608
165.000000
1.000000
PINE TREE 1
328.206848
57.609913
75.000000
1.250000
PINE TREE 1
331.347168
58.979542
300.000000
1.200000