TILE
5
51
FIELD_GRASS
0
GRASS_SPROUT
30.670542
303.186035
45.000000
1.100000
GRASS_SPROUT
29.918396
304.331085
300.000000
1.100000
GRASS_SPROUT
31.986620
303.222443
150.000000
1.000000
GRASS_SPROUT
32.606224
303.935028
0.000000
0.900000
GRASS_SPROUT
31.990547
304.558228
165.000000
1.250000
GRASS_SPROUT
27.730055
305.202301
165.000000
0.800000
GRASS_SPROUT
28.781900
303.525208
30.000000
0.900000
GRASS_SPROUT
29.492128
306.920380
75.000000
0.900000
GRASS_SPROUT
29.508867
307.721069
240.000000
0.800000
GRASS_SPROUT
29.355000
308.437561
60.000000
0.800000
GRASS_SPROUT
27.751945
308.047150
30.000000
0.750000
GRASS_SPROUT
28.066559
306.621674
240.000000
1.050000
GRASS_SPROUT
29.063093
305.058777
30.000000
0.900000
GRASS_SPROUT
31.181768
305.318085
120.000000
1.150000
GRASS_SPROUT
27.010788
305.711548
135.000000
0.800000
GRASS_SPROUT
28.560612
304.304169
285.000000
1.050000
GRASS_SPROUT
28.398842
305.785431
285.000000
1.000000
GRASS_SPROUT
27.066984
307.977173
345.000000
0.750000
GRASS_SPROUT
27.453318
303.800323
270.000000
1.050000
GRASS_SPROUT
30.061769
308.723907
225.000000
1.050000
GRASS_SPROUT
30.724409
307.748383
345.000000
1.100000
GRASS_SPROUT
30.599581
306.859253
255.000000
1.100000
GRASS_SPROUT
32.515892
308.283386
30.000000
1.000000
GRASS_SPROUT
32.338673
306.547058
45.000000
1.250000
GRASS_SPROUT
32.343555
305.620880
30.000000
0.950000
GRASS_SPROUT
30.343006
305.867249
75.000000
1.150000
GRASS_SPROUT
27.332388
308.586853
285.000000
0.800000
GRASS_SPROUT
29.294212
305.947479
195.000000
1.150000
GRASS_SPROUT
27.187199
306.623352
300.000000
1.100000