TILE
8
59
FIELD_GRASS
0
PINE TREE 1
49.981491
351.308716
150.000000
0.850000
PINE TREE 1
48.806572
351.986816
210.000000
0.800000
PINE TREE 1
47.832092
352.866821
105.000000
0.850000
PINE TREE 1
46.879856
351.986023
285.000000
1.000000
PINE TREE 1
45.702282
352.909424
45.000000
1.050000
PINE TREE 1
46.956005
356.234406
75.000000
1.250000
PINE TREE 1
46.960835
354.602112
0.000000
0.800000
PINE TREE 1
45.395733
355.654816
60.000000
1.000000
PINE TREE 1
48.150154
354.100311
255.000000
0.850000
PINE TREE 1
49.381111
354.749908
165.000000
0.900000
PINE TREE 1
50.838303
354.537842
180.000000
1.000000
PINE TREE 1
49.271202
356.026093
330.000000
0.800000
PINE TREE 1
50.935501
356.634644
300.000000
1.250000