TILE
6
52
FIELD_GRASS
0
PINE TREE 1
33.831787
311.932007
195.000000
1.250000
PINE TREE 1
36.096344
311.447296
300.000000
1.150000
PINE TREE 1
37.545105
310.818756
345.000000
0.900000
PINE TREE 1
38.829521
310.198334
285.000000
1.000000
PINE TREE 1
33.118919
314.145264
270.000000
0.750000
PINE TREE 1
34.276081
313.558899
15.000000
0.850000
PINE TREE 1
36.016693
313.712097
60.000000
1.000000
PINE TREE 1
37.801617
313.694550
60.000000
0.900000
PINE TREE 1
38.765911
311.816071
195.000000
1.250000
PINE TREE 1
37.208527
312.551514
30.000000
0.850000
GRASS_SPROUT
35.932804
309.017670
30.000000
0.900000
GRASS_SPROUT
36.587025
309.330444
225.000000
0.850000
GRASS_SPROUT
36.587025
310.231323
105.000000
0.800000
GRASS_SPROUT
33.207649
310.702057
195.000000
0.850000
GRASS_SPROUT
33.117264
309.364319
210.000000
1.100000
GRASS_SPROUT
33.918041
310.219421
225.000000
1.050000
GRASS_SPROUT
34.378281
309.554108
15.000000
0.950000