TILE
4
52
FIELD_GRASS
0
PINE TREE 1
21.502857
309.967346
270.000000
0.850000
PINE TREE 1
22.692034
309.811310
0.000000
0.800000
PINE TREE 1
24.509987
310.265564
105.000000
0.950000
PINE TREE 1
25.742094
310.737610
285.000000
0.850000
PINE TREE 1
26.950409
311.262482
210.000000
0.800000
PINE TREE 1
23.465681
314.191040
15.000000
1.150000
PINE TREE 1
21.559853
314.037903
90.000000
1.050000
PINE TREE 1
21.587276
312.304199
60.000000
1.200000
PINE TREE 1
23.350584
311.613373
270.000000
1.250000
PINE TREE 1
26.625662
314.302917
195.000000
0.850000
PINE TREE 1
25.292431
314.380493
90.000000
0.900000
PINE TREE 1
25.432508
312.782928
135.000000
1.250000
GRASS_SPROUT
25.876818
309.654724
30.000000
0.750000
GRASS_SPROUT
25.635149
309.072876
285.000000
0.800000
GRASS_SPROUT
26.741741
309.417145
75.000000
0.900000