TILE
1
50
FIELD_GRASS
0
PINE TREE 1
3.820291
301.879852
120.000000
0.850000
PINE TREE 1
3.916343
300.349365
105.000000
0.950000
PINE TREE 1
4.121868
298.796204
30.000000
0.800000
PINE TREE 1
4.665144
297.193481
210.000000
1.250000
PINE TREE 1
6.990554
302.475006
30.000000
0.950000
PINE TREE 1
6.960019
300.690399
180.000000
0.850000
PINE TREE 1
7.256873
299.399567
195.000000
0.950000
PINE TREE 1
7.774921
297.748749
330.000000
1.050000
PINE TREE 1
5.854163
298.519104
105.000000
1.100000
PINE TREE 1
5.707397
300.122101
285.000000
0.800000
PINE TREE 1
5.619275
301.606873
300.000000
1.250000
PINE TREE 1
8.066331
301.811035
60.000000
0.850000
PINE TREE 1
8.710062
298.958740
255.000000
0.900000
PINE TREE 1
8.444454
300.420441
30.000000
1.100000