TILE
2
55
FIELD_GRASS
0
PINE TREE 1
12.500652
327.411499
135.000000
1.000000
PINE TREE 1
13.677816
328.757538
30.000000
1.050000
PINE TREE 1
14.595451
329.741974
0.000000
0.800000
PINE TREE 1
13.842570
327.372559
270.000000
0.850000
GRASS_SPROUT
14.770976
332.193115
210.000000
0.850000
GRASS_SPROUT
14.030388
331.431152
0.000000
0.800000
GRASS_SPROUT
13.344227
330.776855
345.000000
0.900000
GRASS_SPROUT
12.640152
330.100189
90.000000
0.800000
GRASS_SPROUT
11.900976
329.382233
180.000000
0.850000
GRASS_SPROUT
11.320963
328.595490
300.000000
0.900000
GRASS_SPROUT
10.883560
327.720612
300.000000
0.900000
GRASS_SPROUT
9.974474
327.781281
240.000000
1.100000
GRASS_SPROUT
9.974474
328.799774
135.000000
1.100000
GRASS_SPROUT
9.974474
329.757050
150.000000
0.900000
GRASS_SPROUT
9.974474
330.825348
45.000000
1.200000
GRASS_SPROUT
9.974474
331.788666
180.000000
1.000000
GRASS_SPROUT
9.732506
332.923584
60.000000
0.950000
GRASS_SPROUT
9.014195
330.922363
255.000000
1.150000
GRASS_SPROUT
9.252671
330.117188
315.000000
0.800000
GRASS_SPROUT
11.800437
331.839142
285.000000
1.250000
GRASS_SPROUT
12.588774
331.452789
15.000000
0.800000
GRASS_SPROUT
13.089993
332.821289
180.000000
0.950000
GRASS_SPROUT
10.986816
330.324158
105.000000
1.150000
GRASS_SPROUT
11.795555
330.698303
165.000000
0.800000
GRASS_SPROUT
13.896989
332.437744
330.000000
1.200000
GRASS_SPROUT
14.360259
330.704254
0.000000
1.050000
GRASS_SPROUT
9.117761
329.462280
315.000000
0.800000
GRASS_SPROUT
9.196110
328.230835
285.000000
1.050000