TILE
2
51
FIELD_GRASS
0
PINE TREE 1
11.691934
304.273438
150.000000
1.100000
PINE TREE 1
11.353737
305.996246
45.000000
0.900000
PINE TREE 1
11.719578
307.447357
255.000000
0.800000
PINE TREE 1
12.904812
308.387115
135.000000
1.050000
PINE TREE 1
14.434704
308.841522
240.000000
0.950000
PINE TREE 1
9.602468
308.756622
75.000000
1.000000
PINE TREE 1
11.052216
308.936218
180.000000
1.050000
PINE TREE 1
9.703646
305.117920
255.000000
1.250000
PINE TREE 1
9.540929
303.386261
60.000000
0.850000
GRASS_SPROUT
10.314079
307.014313
240.000000
1.200000
GRASS_SPROUT
13.661245
306.743744
195.000000
1.050000
GRASS_SPROUT
12.649627
307.047485
30.000000
0.950000
GRASS_SPROUT
12.180532
305.335480
210.000000
0.950000
GRASS_SPROUT
14.850811
304.908844
270.000000
1.200000
GRASS_SPROUT
13.257896
305.181915
60.000000
1.000000
GRASS_SPROUT
13.446840
305.895538
315.000000
0.750000
GRASS_SPROUT
12.711910
306.148834
330.000000
0.950000
GRASS_SPROUT
14.353146
303.188324
240.000000
1.250000
GRASS_SPROUT
13.992799
304.096436
75.000000
0.900000
GRASS_SPROUT
12.796963
304.304169
135.000000
0.750000
GRASS_SPROUT
14.693995
307.112061
330.000000
0.750000
GRASS_SPROUT
14.628510
306.198456
285.000000
1.100000
GRASS_SPROUT
14.035577
307.469025
240.000000
0.850000