TILE
2
50
FIELD_GRASS
0
PINE TREE 1
14.515392
301.459625
180.000000
1.100000
PINE TREE 1
13.236223
301.954102
75.000000
0.750000
PINE TREE 1
12.364341
302.764862
345.000000
0.800000
PINE TREE 1
9.666203
301.899414
150.000000
1.050000
PINE TREE 1
9.975008
300.150818
255.000000
0.900000
PINE TREE 1
10.338919
298.901703
345.000000
0.900000
PINE TREE 1
9.340939
297.764282
60.000000
0.850000
PINE TREE 1
11.635137
298.691101
285.000000
0.850000
PINE TREE 1
12.957673
297.466827
240.000000
1.050000
PINE TREE 1
11.528289
301.330322
195.000000
1.150000
PINE TREE 1
14.487400
299.641754
240.000000
0.850000
PINE TREE 1
13.474219
300.439758
30.000000
0.950000
GRASS_SPROUT
14.779568
297.674164
210.000000
0.950000
GRASS_SPROUT
14.062406
298.090881
315.000000
0.900000
GRASS_SPROUT
12.681235
299.144684
150.000000
1.150000