TILE
3
50
FIELD_GRASS
0
PINE TREE 1
19.878489
301.273956
225.000000
1.100000
PINE TREE 1
17.958229
301.290863
240.000000
1.100000
PINE TREE 1
16.048897
301.299591
0.000000
1.100000
PINE TREE 1
18.437078
297.480927
120.000000
0.850000
PINE TREE 1
17.705946
298.978333
165.000000
1.250000
PINE TREE 1
15.847396
298.715240
315.000000
1.200000
PINE TREE 1
20.289820
298.346771
0.000000
1.100000
PINE TREE 1
17.222595
297.235199
0.000000
0.850000
GRASS_SPROUT
19.516068
297.480530
30.000000
0.900000
GRASS_SPROUT
18.986326
299.028992
45.000000
1.000000
GRASS_SPROUT
19.504578
299.803467
45.000000
0.850000
GRASS_SPROUT
15.272466
302.642090
345.000000
0.900000
GRASS_SPROUT
16.048828
302.826538
75.000000
1.050000
GRASS_SPROUT
17.280439
302.963226
285.000000
0.950000
GRASS_SPROUT
18.785576
302.826416
180.000000
0.950000
GRASS_SPROUT
20.542959
302.734467
45.000000
0.900000