TILE
2
54
FIELD_GRASS
0
PINE TREE 1
14.999582
325.269592
300.000000
1.050000
PINE TREE 1
13.067828
324.203979
90.000000
1.050000
PINE TREE 1
11.434317
322.695007
285.000000
1.050000
PINE TREE 1
10.619795
321.487518
195.000000
0.900000
PINE TREE 1
11.466743
324.461853
180.000000
1.250000
PINE TREE 1
11.605709
326.201904
120.000000
0.850000
PINE TREE 1
13.194050
326.190002
90.000000
0.950000
PINE TREE 1
14.819242
322.043457
345.000000
1.200000
PINE TREE 1
12.813081
322.761322
15.000000
0.900000
PINE TREE 1
12.579556
321.538177
75.000000
0.800000
GRASS_SPROUT
10.591343
326.864807
165.000000
1.000000
GRASS_SPROUT
10.333124
326.021545
30.000000
1.150000
GRASS_SPROUT
10.058550
325.124817
0.000000
0.900000
GRASS_SPROUT
10.504370
323.437958
225.000000
1.100000
GRASS_SPROUT
9.563487
326.732117
345.000000
0.800000