TILE
9
58
FIELD_GRASS
0
PINE TREE 1
54.508041
350.998627
0.000000
1.250000
PINE TREE 1
52.696594
350.793976
180.000000
1.150000
PINE TREE 1
51.242790
350.857147
30.000000
0.900000
GRASS_SPROUT
51.543304
349.582855
15.000000
1.200000
GRASS_SPROUT
52.407387
349.582855
135.000000
0.950000
GRASS_SPROUT
53.146477
349.299103
135.000000
0.800000
GRASS_SPROUT
53.946320
349.115417
315.000000
0.800000
GRASS_SPROUT
54.722961
348.897491
15.000000
1.050000
GRASS_SPROUT
55.436348
348.449310
315.000000
0.750000
GRASS_SPROUT
56.014244
347.949951
345.000000
0.900000
GRASS_SPROUT
56.723499
347.358521
0.000000
0.900000
GRASS_SPROUT
53.525970
349.873962
150.000000
0.850000
GRASS_SPROUT
56.151672
349.671997
210.000000
0.900000
GRASS_SPROUT
55.427818
349.361053
135.000000
1.050000