TILE
28
56
FIELD_GRASS
0
PINE TREE 1
167.936661
334.547760
90.000000
0.900000
PINE TREE 1
168.570358
336.030182
75.000000
1.000000
PINE TREE 1
169.560425
337.456848
210.000000
0.850000
PINE TREE 1
170.508118
338.604492
15.000000
0.850000
PINE TREE 1
168.790665
338.540131
60.000000
0.900000
PINE TREE 1
167.344254
338.007965
225.000000
1.150000
PINE TREE 1
165.746490
336.354034
60.000000
0.950000
PINE TREE 1
166.158600
334.688019
150.000000
1.200000
PINE TREE 1
165.303284
333.278595
0.000000
0.900000