TILE
25
58
FIELD_GRASS
0
GRASS_SPROUT
152.887070
345.089996
45.000000
1.050000
GRASS_SPROUT
152.479233
345.753906
315.000000
0.850000
GRASS_SPROUT
151.944275
346.505127
120.000000
1.000000
GRASS_SPROUT
151.452759
347.059814
225.000000
0.800000
GRASS_SPROUT
150.813705
347.595551
75.000000
1.050000
GRASS_SPROUT
150.111343
348.164032
0.000000
1.200000
GRASS_SPROUT
149.355270
348.711884
30.000000
0.850000
GRASS_SPROUT
148.668091
349.145538
195.000000
0.950000
GRASS_SPROUT
147.923508
349.612732
150.000000
0.800000
GRASS_SPROUT
147.238617
349.975861
30.000000
0.850000
GRASS_SPROUT
147.997940
350.659637
165.000000
1.100000
GRASS_SPROUT
149.157303
350.493866
195.000000
0.800000
GRASS_SPROUT
150.017014
349.810455
240.000000
0.800000
GRASS_SPROUT
151.100464
348.938110
0.000000
1.250000
GRASS_SPROUT
152.117950
348.002991
120.000000
1.200000
GRASS_SPROUT
152.785568
347.213593
180.000000
1.050000
GRASS_SPROUT
152.714874
350.286560
255.000000
0.850000
GRASS_SPROUT
151.507233
350.595154
330.000000
1.200000
GRASS_SPROUT
152.378052
348.986084
45.000000
0.800000