TILE
29
54
FIELD_GRASS
0
PINE TREE 1
175.479843
325.288879
225.000000
0.950000
PINE TREE 1
174.118011
326.593048
30.000000
1.100000
PINE TREE 1
171.893845
326.086456
300.000000
1.000000
PINE TREE 1
173.026169
325.027252
90.000000
1.150000
PINE TREE 1
171.180176
321.717072
255.000000
1.250000
PINE TREE 1
171.549011
323.294067
45.000000
1.050000
PINE TREE 1
173.099915
322.011017
75.000000
0.900000
PINE TREE 1
174.233276
321.381897
300.000000
0.950000
PINE TREE 1
172.893539
323.437744
30.000000
0.800000
PINE TREE 1
174.178024
324.129852
30.000000
0.900000
PINE TREE 1
175.382462
323.119202
150.000000
1.250000
PINE TREE 1
176.285828
321.717651
30.000000
0.750000