TILE
27
57
FIELD_GRASS
0
PINE TREE 1
160.025681
339.299652
315.000000
1.200000
PINE TREE 1
161.106903
340.311127
105.000000
0.800000
PINE TREE 1
161.315247
341.848236
0.000000
0.800000
PINE TREE 1
161.547897
343.483337
165.000000
1.100000
PINE TREE 1
160.186569
343.464355
135.000000
0.750000
PINE TREE 1
163.202972
340.098877
0.000000
0.850000
PINE TREE 1
163.383713
341.751007
225.000000
1.100000
PINE TREE 1
163.527985
343.548615
210.000000
1.250000
PINE TREE 1
164.759796
344.944305
255.000000
0.800000
PINE TREE 1
164.558304
339.255127
150.000000
1.250000
GRASS_SPROUT
162.411499
342.572784
75.000000
1.150000
GRASS_SPROUT
162.095978
340.753265
300.000000
1.150000
GRASS_SPROUT
161.839462
339.582855
345.000000
0.900000