TILE
89
21
FIELD_GRASS
0
GRASS_SPROUT
532.732483
125.594063
345.000000
1.200000
GRASS_SPROUT
533.874939
125.642227
225.000000
1.150000
GRASS_SPROUT
535.524841
125.384766
255.000000
0.900000
GRASS_SPROUT
536.259705
125.121696
45.000000
1.050000
GRASS_SPROUT
536.483887
123.532433
105.000000
1.250000
GRASS_SPROUT
535.555725
123.943703
150.000000
1.150000
GRASS_SPROUT
534.338989
123.982559
225.000000
1.200000
GRASS_SPROUT
533.190430
123.985779
90.000000
0.850000
GRASS_SPROUT
532.286011
123.987305
75.000000
1.050000
GRASS_SPROUT
531.475037
123.988220
195.000000
0.950000
GRASS_SPROUT
531.536255
124.839615
60.000000
0.950000
GRASS_SPROUT
534.747559
124.954002
165.000000
1.200000
GRASS_SPROUT
531.361633
123.105255
60.000000
0.850000
GRASS_SPROUT
534.844238
123.021515
225.000000
0.800000