TILE
83
29
FIELD_GRASS
0
PINE TREE 2
495.228241
173.825119
180.000000
1.050000
PINE TREE 2
497.275299
173.824982
45.000000
1.250000
PINE TREE 2
499.163788
174.298416
225.000000
1.250000
PINE TREE 2
500.339508
175.814728
315.000000
0.800000
PINE TREE 2
496.158936
176.057877
105.000000
1.200000
PINE TREE 2
498.006195
176.057602
90.000000
0.900000
GRASS_SPROUT
500.436768
171.635147
300.000000
1.150000
GRASS_SPROUT
499.369415
171.728958
75.000000
1.150000
GRASS_SPROUT
498.247070
171.635147
165.000000
0.750000
GRASS_SPROUT
496.990753
171.635147
0.000000
1.250000
GRASS_SPROUT
495.571167
171.728958
60.000000
1.200000
GRASS_SPROUT
498.457458
172.921661
255.000000
1.100000
GRASS_SPROUT
500.548309
173.480164
240.000000
0.900000
GRASS_SPROUT
499.948822
172.858917
240.000000
0.750000