TILE
80
27
FIELD_GRASS
0
PINE TREE 2
478.025116
162.172211
315.000000
0.750000
GRASS_SPROUT
477.553894
159.145920
45.000000
1.200000
GRASS_SPROUT
477.553894
160.100052
60.000000
0.950000
GRASS_SPROUT
477.073395
160.839798
180.000000
1.250000
GRASS_SPROUT
477.311920
162.813736
150.000000
0.950000
GRASS_SPROUT
477.970642
160.967712
180.000000
0.950000
GRASS_SPROUT
478.696045
159.003082
270.000000
0.750000
GRASS_SPROUT
478.689850
159.776184
270.000000
1.150000
GRASS_SPROUT
478.747620
160.705353
75.000000
1.050000
GRASS_SPROUT
478.928864
161.475861
255.000000
0.900000
GRASS_SPROUT
479.472626
162.052170
240.000000
1.050000
GRASS_SPROUT
479.051117
162.879547
150.000000
1.250000
GRASS_SPROUT
478.256256
163.546570
345.000000
1.000000
GRASS_SPROUT
477.610443
163.952850
60.000000
0.750000
GRASS_SPROUT
478.577179
164.304749
30.000000
1.000000