TILE
84
27
FIELD_GRASS
0
PINE TREE 2
506.381897
164.045700
270.000000
1.150000
GRASS_SPROUT
504.562927
164.577942
60.000000
1.050000
GRASS_SPROUT
506.177765
162.620819
120.000000
1.150000
GRASS_SPROUT
504.534576
163.600464
315.000000
0.950000
GRASS_SPROUT
504.773315
162.633026
15.000000
1.200000
GRASS_SPROUT
505.121277
161.826141
150.000000
0.800000
GRASS_SPROUT
505.506653
161.165649
30.000000
1.100000
GRASS_SPROUT
506.212982
160.321686
105.000000
0.950000
GRASS_SPROUT
506.910309
159.749329
135.000000
1.150000