TILE
86
20
FIELD_GRASS
0
GRASS_SPROUT
516.758179
117.864304
135.000000
1.250000
GRASS_SPROUT
516.760742
118.902405
90.000000
1.250000
GRASS_SPROUT
516.760742
119.877121
315.000000
0.950000
GRASS_SPROUT
516.760742
120.899445
345.000000
1.000000
GRASS_SPROUT
516.760742
121.826462
30.000000
0.850000
GRASS_SPROUT
516.760742
122.491257
165.000000
0.750000
GRASS_SPROUT
517.692383
118.309166
285.000000
1.050000
GRASS_SPROUT
517.922974
119.041801
300.000000
0.750000
GRASS_SPROUT
518.041321
119.806129
165.000000
0.900000
GRASS_SPROUT
517.958984
120.626305
120.000000
1.100000
GRASS_SPROUT
517.818726
121.394760
30.000000
0.800000
GRASS_SPROUT
517.601196
122.261002
135.000000
1.200000
GRASS_SPROUT
515.962341
117.428986
120.000000
0.950000
GRASS_SPROUT
518.962769
122.232155
135.000000
1.100000
GRASS_SPROUT
518.192261
117.248138
75.000000
0.950000
GRASS_SPROUT
518.602295
121.271614
240.000000
1.050000