TILE
86
21
FIELD_GRASS
0
GRASS_SPROUT
516.760742
123.121078
315.000000
0.800000
GRASS_SPROUT
516.759949
123.840698
285.000000
0.900000
GRASS_SPROUT
516.301208
124.709328
285.000000
1.150000
GRASS_SPROUT
515.905273
125.537422
270.000000
1.000000
GRASS_SPROUT
515.783875
126.243980
255.000000
0.750000
GRASS_SPROUT
515.558105
126.952194
255.000000
1.000000
GRASS_SPROUT
515.486084
127.910812
45.000000
1.200000
GRASS_SPROUT
515.557800
128.805618
105.000000
0.850000
GRASS_SPROUT
517.788818
128.970093
150.000000
0.850000
GRASS_SPROUT
517.510376
128.298843
315.000000
0.950000
GRASS_SPROUT
517.529358
127.388016
345.000000
1.200000
GRASS_SPROUT
516.929321
128.897202
150.000000
0.950000
GRASS_SPROUT
516.495789
127.949814
60.000000
1.250000
GRASS_SPROUT
516.589539
127.014145
60.000000
1.100000
GRASS_SPROUT
517.587219
126.307724
150.000000
1.150000
GRASS_SPROUT
518.108582
125.530502
0.000000
1.050000
GRASS_SPROUT
518.485962
124.570648
45.000000
1.100000
GRASS_SPROUT
518.300964
128.434723
255.000000
0.800000
GRASS_SPROUT
518.773315
126.410652
150.000000
1.050000
GRASS_SPROUT
517.252747
125.478806
270.000000
0.750000
GRASS_SPROUT
518.158875
123.136917
255.000000
1.250000
GRASS_SPROUT
517.624146
124.597443
45.000000
0.900000
GRASS_SPROUT
516.658142
125.714119
0.000000
0.800000