TILE
63
66
FIELD_GRASS
0
PINE TREE 2
377.332642
396.153320
105.000000
0.750000
GRASS_SPROUT
379.644135
397.409760
30.000000
0.850000
GRASS_SPROUT
378.880737
397.636261
180.000000
1.100000
GRASS_SPROUT
377.761993
397.490753
75.000000
1.150000
GRASS_SPROUT
376.937439
397.079803
210.000000
0.750000
GRASS_SPROUT
376.317139
396.691406
150.000000
0.950000
GRASS_SPROUT
375.678772
396.086792
180.000000
1.100000
GRASS_SPROUT
375.085297
395.060028
120.000000
1.050000
GRASS_SPROUT
380.406036
396.964478
255.000000
0.750000
GRASS_SPROUT
377.586639
395.191742
225.000000
0.900000
GRASS_SPROUT
377.586639
394.362305
150.000000
0.900000
GRASS_SPROUT
376.967438
393.896301
30.000000
0.850000
GRASS_SPROUT
376.382324
393.348969
240.000000
0.900000
GRASS_SPROUT
378.518799
393.621918
210.000000
0.800000
GRASS_SPROUT
379.671356
394.087982
60.000000
1.050000
GRASS_SPROUT
375.513855
393.739990
300.000000
1.100000
GRASS_SPROUT
376.505219
395.530273
105.000000
0.950000
GRASS_SPROUT
377.148132
393.179871
180.000000
0.850000
GRASS_SPROUT
376.064148
394.684631
225.000000
1.100000
GRASS_SPROUT
378.471100
394.865540
105.000000
1.050000
GRASS_SPROUT
378.717255
395.965424
255.000000
1.150000
GRASS_SPROUT
380.176849
395.766510
225.000000
1.000000
GRASS_SPROUT
380.731354
393.220642
285.000000
1.150000