TILE
63
65
FIELD_GRASS
0
GRASS_SPROUT
377.346283
387.523010
345.000000
1.200000
GRASS_SPROUT
377.359894
388.761292
0.000000
0.750000
GRASS_SPROUT
377.400421
389.729553
135.000000
0.950000
GRASS_SPROUT
377.526031
390.644989
240.000000
1.250000
GRASS_SPROUT
377.857361
391.511810
225.000000
1.000000
GRASS_SPROUT
378.620575
392.226685
0.000000
1.100000
GRASS_SPROUT
379.497253
392.387115
315.000000
1.100000
GRASS_SPROUT
380.196625
391.955566
195.000000
0.800000
GRASS_SPROUT
375.855621
392.448151
0.000000
1.150000
GRASS_SPROUT
375.995453
387.594025
15.000000
1.000000
GRASS_SPROUT
376.063171
388.541046
345.000000
1.000000
GRASS_SPROUT
376.063171
389.507507
60.000000
0.800000
GRASS_SPROUT
376.063171
390.372620
180.000000
1.250000
GRASS_SPROUT
376.406036
391.607605
120.000000
1.050000
GRASS_SPROUT
376.652649
392.579193
180.000000
0.750000
GRASS_SPROUT
375.620880
391.709503
270.000000
0.750000
GRASS_SPROUT
377.554199
392.552887
180.000000
0.900000