TILE
64
66
FIELD_GRASS
0
PINE TREE 2
385.093384
393.864502
150.000000
1.250000
GRASS_SPROUT
386.753723
396.612366
255.000000
0.750000
GRASS_SPROUT
385.987427
397.194122
75.000000
1.250000
GRASS_SPROUT
385.075562
397.604858
30.000000
1.050000
GRASS_SPROUT
384.274811
397.678162
240.000000
0.950000
GRASS_SPROUT
383.557556
397.382446
270.000000
0.850000
GRASS_SPROUT
382.893616
397.079803
300.000000
0.950000
GRASS_SPROUT
382.173340
396.848145
300.000000
0.900000
GRASS_SPROUT
381.256836
396.770020
345.000000
1.250000
GRASS_SPROUT
381.244019
395.184814
255.000000
1.100000
GRASS_SPROUT
381.901581
393.621918
210.000000
0.900000
GRASS_SPROUT
382.629578
393.856995
225.000000
0.950000
GRASS_SPROUT
383.432739
393.621918
150.000000
1.100000
GRASS_SPROUT
383.496155
394.574829
45.000000
1.000000
GRASS_SPROUT
383.021210
395.496155
180.000000
1.000000
GRASS_SPROUT
384.283478
395.254669
165.000000
1.100000
GRASS_SPROUT
384.524963
395.998260
195.000000
0.750000
GRASS_SPROUT
384.110535
396.574524
345.000000
0.850000
GRASS_SPROUT
383.334412
396.448853
315.000000
0.750000
GRASS_SPROUT
385.385284
395.427643
285.000000
1.150000
GRASS_SPROUT
386.160797
395.799896
60.000000
0.850000
GRASS_SPROUT
382.222260
395.998260
120.000000
1.200000
GRASS_SPROUT
382.173737
394.799957
0.000000
1.050000