TILE
69
68
FIELD_GRASS
0
GRASS_SPROUT
411.117493
409.085175
195.000000
0.900000
GRASS_SPROUT
411.739502
409.753815
345.000000
1.250000
GRASS_SPROUT
411.621704
410.773773
150.000000
0.800000
GRASS_SPROUT
411.799377
408.590942
135.000000
1.050000
GRASS_SPROUT
412.867828
408.590942
315.000000
0.800000
GRASS_SPROUT
413.644135
408.590942
195.000000
0.900000
GRASS_SPROUT
414.532440
408.590942
0.000000
0.900000
GRASS_SPROUT
415.401306
408.590942
30.000000
1.100000
GRASS_SPROUT
416.348633
408.590942
315.000000
0.800000
GRASS_SPROUT
416.559937
405.911133
180.000000
1.200000
GRASS_SPROUT
415.447571
405.911133
285.000000
0.900000
GRASS_SPROUT
414.480438
405.911133
345.000000
0.800000
GRASS_SPROUT
413.397675
405.911133
90.000000
1.000000
GRASS_SPROUT
412.351410
405.911133
15.000000
1.150000
GRASS_SPROUT
411.496002
405.911133
240.000000
0.900000
GRASS_SPROUT
411.911835
407.121277
315.000000
1.250000
GRASS_SPROUT
413.189240
406.800751
240.000000
1.250000
GRASS_SPROUT
411.257996
407.726776
180.000000
0.750000
GRASS_SPROUT
414.916046
407.726349
150.000000
1.000000
GRASS_SPROUT
413.766632
407.738586
105.000000
1.250000
GRASS_SPROUT
412.924469
407.675537
165.000000
0.850000
GRASS_SPROUT
416.702454
407.618622
60.000000
1.150000
GRASS_SPROUT
415.675842
407.307495
285.000000
1.100000
GRASS_SPROUT
414.587524
406.657349
330.000000
1.050000