TILE
63
81
FIELD_GRASS
0
PINE TREE 2
380.762360
485.773254
75.000000
0.750000
PINE TREE 2
379.349670
485.095184
75.000000
0.800000
PINE TREE 2
380.319916
483.855103
30.000000
0.950000
PINE TREE 2
380.192627
487.378601
45.000000
1.000000
PINE TREE 2
378.835541
486.806824
240.000000
0.950000
PINE TREE 2
377.248047
486.450195
165.000000
1.200000
PINE TREE 2
376.365479
484.981964
90.000000
0.900000
PINE TREE 2
376.105164
483.383942
315.000000
1.250000
PINE TREE 2
376.361664
488.103729
45.000000
1.100000
GRASS_SPROUT
378.560669
484.386536
300.000000
1.000000
GRASS_SPROUT
378.585754
483.497589
240.000000
1.050000
GRASS_SPROUT
377.748840
483.896912
45.000000
1.050000
GRASS_SPROUT
377.461060
484.855347
285.000000
0.950000
GRASS_SPROUT
379.830597
488.584930
165.000000
1.250000