TILE
65
83
FIELD_GRASS
0
PINE TREE 2
389.010437
495.413055
345.000000
1.200000
PINE TREE 2
389.074890
497.180115
45.000000
0.850000
PINE TREE 2
389.075348
498.556427
330.000000
0.800000
PINE TREE 2
387.721954
496.170044
45.000000
0.750000
PINE TREE 2
392.164001
499.208771
120.000000
1.200000
PINE TREE 2
392.979736
495.884491
255.000000
1.000000
GRASS_SPROUT
392.816620
500.517639
240.000000
1.150000
GRASS_SPROUT
391.289764
500.481476
180.000000
1.050000
GRASS_SPROUT
390.395416
500.127075
90.000000
1.050000
GRASS_SPROUT
389.732635
499.481781
285.000000
1.200000
GRASS_SPROUT
390.399658
498.359375
210.000000
1.250000
GRASS_SPROUT
390.952972
497.260834
90.000000
1.250000
GRASS_SPROUT
390.948578
496.296021
90.000000
1.000000
GRASS_SPROUT
390.376465
495.632019
15.000000
0.950000
GRASS_SPROUT
389.999542
496.803192
270.000000
0.850000
GRASS_SPROUT
391.235870
495.028748
150.000000
1.150000
GRASS_SPROUT
391.812836
496.636841
45.000000
1.050000
GRASS_SPROUT
391.922455
497.789764
165.000000
1.050000
GRASS_SPROUT
392.804474
497.132019
225.000000
1.150000
GRASS_SPROUT
387.164581
498.702545
60.000000
1.150000
GRASS_SPROUT
387.420258
499.621338
135.000000
1.050000
GRASS_SPROUT
387.431854
500.547852
285.000000
1.250000
GRASS_SPROUT
388.959717
500.582153
30.000000
1.250000
GRASS_SPROUT
387.688904
497.500946
150.000000
1.200000
GRASS_SPROUT
388.458313
499.630096
240.000000
1.250000