TILE
92
20
FIELD_GRASS
0
GRASS_SPROUT
554.859619
122.683052
105.000000
1.200000
GRASS_SPROUT
554.621338
121.800453
210.000000
0.850000
GRASS_SPROUT
554.282471
120.545212
255.000000
0.900000
GRASS_SPROUT
554.141357
119.745079
165.000000
1.050000
GRASS_SPROUT
554.041321
118.906616
120.000000
0.950000
GRASS_SPROUT
553.936401
118.027008
90.000000
0.900000
GRASS_SPROUT
553.896606
117.024048
300.000000
1.050000
GRASS_SPROUT
554.832153
118.447014
90.000000
1.050000
GRASS_SPROUT
549.622742
117.653084
75.000000
0.950000
GRASS_SPROUT
551.861389
117.569145
30.000000
0.750000
GRASS_SPROUT
552.076111
118.457237
15.000000
1.000000
GRASS_SPROUT
551.998413
119.872482
270.000000
0.800000
GRASS_SPROUT
551.852966
120.873993
315.000000
1.100000
GRASS_SPROUT
551.895874
122.264969
285.000000
1.150000
GRASS_SPROUT
553.174622
122.763046
90.000000
1.000000
GRASS_SPROUT
553.192261
121.656456
135.000000
1.200000
GRASS_SPROUT
553.206177
120.692329
15.000000
0.900000
GRASS_SPROUT
553.253235
119.881668
120.000000
0.750000
GRASS_SPROUT
553.305481
119.181396
255.000000
0.900000
GRASS_SPROUT
553.305481
118.511505
45.000000
0.750000
GRASS_SPROUT
550.597778
122.740822
330.000000
1.050000
GRASS_SPROUT
550.871033
121.675011
0.000000
1.100000
GRASS_SPROUT
551.062805
120.596199
120.000000
0.950000
GRASS_SPROUT
551.224609
119.558487
120.000000
1.250000
GRASS_SPROUT
551.150818
118.125183
210.000000
1.250000
GRASS_SPROUT
549.583679
122.767021
60.000000
1.050000
GRASS_SPROUT
549.617493
118.606575
315.000000
1.100000
GRASS_SPROUT
549.305786
119.823067
30.000000
1.100000
GRASS_SPROUT
549.556885
120.695435
165.000000
1.100000
GRASS_SPROUT
549.304993
121.637398
30.000000
0.900000
GRASS_SPROUT
550.299927
117.397766
165.000000
0.850000
GRASS_SPROUT
552.919556
117.693886
45.000000
1.150000