TILE
17
52
FIELD_GRASS
0
PINE TREE 1
103.990799
312.621094
255.000000
1.250000
PINE TREE 1
102.021805
312.689026
255.000000
1.050000
PINE TREE 1
100.748192
313.061646
90.000000
0.750000
PINE TREE 1
99.192711
313.844330
165.000000
1.100000
PINE TREE 1
101.541290
314.026947
315.000000
0.900000
PINE TREE 1
100.450256
314.864594
315.000000
0.950000
PINE TREE 1
103.873848
314.661469
285.000000
0.950000
GRASS_SPROUT
102.750404
311.022827
105.000000
0.950000
GRASS_SPROUT
103.473053
310.385834
165.000000
1.200000
GRASS_SPROUT
103.761337
309.579987
105.000000
0.800000
GRASS_SPROUT
104.908554
310.329834
15.000000
1.050000
GRASS_SPROUT
104.974884
311.243591
240.000000
1.150000
GRASS_SPROUT
104.515076
309.071991
240.000000
0.750000