TILE
18
52
FIELD_GRASS
0
PINE TREE 1
110.692390
312.564789
315.000000
0.850000
PINE TREE 1
109.260445
312.690979
165.000000
0.850000
PINE TREE 1
107.814713
312.768433
150.000000
0.850000
PINE TREE 1
106.378998
312.783020
315.000000
1.200000
PINE TREE 1
105.169907
314.270233
15.000000
0.850000
PINE TREE 1
106.852051
314.436218
60.000000
1.150000
PINE TREE 1
108.393280
314.466156
300.000000
0.900000
PINE TREE 1
109.719711
313.828674
210.000000
0.850000
GRASS_SPROUT
105.088158
309.435608
15.000000
0.850000
GRASS_SPROUT
105.976059
309.829437
330.000000
1.200000
GRASS_SPROUT
107.114510
309.725586
45.000000
0.950000
GRASS_SPROUT
108.140175
310.129486
90.000000
1.050000
GRASS_SPROUT
108.925255
309.725586
210.000000
0.950000
GRASS_SPROUT
107.757599
310.869629
105.000000
0.850000
GRASS_SPROUT
108.116982
311.555939
30.000000
0.850000
GRASS_SPROUT
107.445580
311.590698
300.000000
0.800000
GRASS_SPROUT
106.719345
311.452515
285.000000
0.850000
GRASS_SPROUT
106.143906
311.027435
150.000000
0.750000
GRASS_SPROUT
110.113625
310.020844
105.000000
1.250000
GRASS_SPROUT
109.838776
311.004120
0.000000
0.950000
GRASS_SPROUT
108.991356
311.369385
345.000000
1.100000
GRASS_SPROUT
109.057800
310.567535
180.000000
0.750000
GRASS_SPROUT
108.052452
309.150452
0.000000
1.250000
GRASS_SPROUT
109.839401
309.150482
105.000000
0.850000