TILE
14
59
FIELD_GRASS
0
PINE TREE 1
82.728073
352.984222
45.000000
0.950000
PINE TREE 1
84.249748
352.905090
210.000000
0.950000
PINE TREE 1
86.146355
352.467346
15.000000
0.950000
PINE TREE 1
81.697075
354.105072
315.000000
0.900000
PINE TREE 1
85.235741
356.964203
180.000000
1.050000
PINE TREE 1
82.931419
355.888550
30.000000
1.200000
PINE TREE 1
81.454620
356.047668
135.000000
0.800000
PINE TREE 1
84.374611
354.870148
90.000000
1.250000
PINE TREE 1
86.463516
353.905792
210.000000
1.050000
PINE TREE 1
86.777100
356.208466
135.000000
0.750000
PINE TREE 1
84.201286
351.108887
285.000000
0.900000
PINE TREE 1
81.764946
351.742798
315.000000
1.250000