TILE
15
57
FIELD_GRASS
0
PINE TREE 1
87.259659
343.257172
180.000000
0.850000
PINE TREE 1
88.436676
344.007507
330.000000
0.700000
GRASS_SPROUT
90.133789
339.499939
285.000000
0.950000
GRASS_SPROUT
90.873749
339.845917
120.000000
0.900000
GRASS_SPROUT
91.861717
340.366455
180.000000
1.150000
GRASS_SPROUT
87.015305
340.567780
165.000000
1.150000
GRASS_SPROUT
88.273315
341.991516
150.000000
0.850000
GRASS_SPROUT
89.175964
342.774902
45.000000
0.900000
GRASS_SPROUT
88.312531
339.052979
345.000000
0.950000
GRASS_SPROUT
88.953247
339.844055
45.000000
1.250000
GRASS_SPROUT
88.774704
341.192139
240.000000
1.150000
GRASS_SPROUT
89.668449
343.412018
255.000000
0.950000
GRASS_SPROUT
87.526093
341.752350
75.000000
1.100000
GRASS_SPROUT
87.923882
340.299500
105.000000
1.200000
GRASS_SPROUT
90.551025
342.609039
75.000000
1.100000
GRASS_SPROUT
91.466339
341.908600
225.000000
1.050000
GRASS_SPROUT
89.680962
340.860748
285.000000
1.000000
GRASS_SPROUT
90.791214
341.052460
225.000000
1.050000
GRASS_SPROUT
92.510063
343.572388
0.000000
1.150000
GRASS_SPROUT
90.989960
344.156281
150.000000
0.750000
GRASS_SPROUT
90.227180
344.340363
195.000000
1.050000
GRASS_SPROUT
88.239952
342.804260
330.000000
0.950000
GRASS_SPROUT
91.589188
343.339752
30.000000
0.850000
GRASS_SPROUT
92.644943
342.186432
165.000000
0.950000
GRASS_SPROUT
90.339592
341.664917
285.000000
0.750000
GRASS_SPROUT
89.628563
341.891815
75.000000
1.000000