TILE
15
58
FIELD_GRASS
0
PINE TREE 1
90.196617
350.117859
195.000000
0.950000
PINE TREE 1
91.701614
348.849854
195.000000
1.250000
PINE TREE 1
92.837471
347.814636
315.000000
0.900000
PINE TREE 1
92.552170
350.400940
135.000000
1.150000
PINE TREE 1
91.194931
350.963470
135.000000
0.800000
PINE TREE 1
87.158798
349.796295
180.000000
1.050000
PINE TREE 1
88.128502
345.279114
15.000000
0.800000
PINE TREE 1
89.875122
345.859467
75.000000
1.150000
PINE TREE 1
91.135262
346.948853
180.000000
0.950000
PINE TREE 1
89.861015
347.710999
135.000000
0.950000
PINE TREE 1
88.160973
347.767029
45.000000
1.200000
PINE TREE 1
87.536850
346.364960
240.000000
0.950000
PINE TREE 1
88.669899
349.642761
180.000000
1.050000
PINE TREE 1
91.901222
345.640381
300.000000
1.200000