TILE
16
54
FIELD_GRASS
0
PINE TREE 1
94.023567
321.722412
180.000000
1.150000
GRASS_SPROUT
94.020569
323.656372
330.000000
1.250000
GRASS_SPROUT
95.707191
322.290192
60.000000
0.850000
GRASS_SPROUT
96.972008
321.343536
15.000000
1.000000
GRASS_SPROUT
93.452354
324.652222
225.000000
1.050000
GRASS_SPROUT
95.004860
323.541016
225.000000
1.000000
GRASS_SPROUT
94.347878
324.488251
210.000000
0.850000
GRASS_SPROUT
93.375565
325.512665
90.000000
0.850000
GRASS_SPROUT
96.532440
323.154663
150.000000
1.200000
GRASS_SPROUT
97.489151
322.579529
105.000000
1.150000
GRASS_SPROUT
98.507004
322.054108
105.000000
0.850000
GRASS_SPROUT
93.897446
326.842865
15.000000
1.050000
GRASS_SPROUT
94.658607
326.439545
345.000000
0.950000
GRASS_SPROUT
95.484703
325.987335
225.000000
0.750000
GRASS_SPROUT
96.261276
325.664429
15.000000
1.150000
GRASS_SPROUT
97.132774
325.183167
285.000000
0.950000
GRASS_SPROUT
97.972191
324.604797
180.000000
0.850000
GRASS_SPROUT
98.954620
324.041321
15.000000
1.000000
GRASS_SPROUT
98.327087
323.237305
150.000000
0.750000
GRASS_SPROUT
96.304756
323.917450
195.000000
0.750000
GRASS_SPROUT
95.152870
324.326019
255.000000
0.950000
GRASS_SPROUT
97.652031
323.958893
270.000000
0.850000
GRASS_SPROUT
96.718330
322.328857
120.000000
0.800000
GRASS_SPROUT
95.587990
323.061554
120.000000
0.850000
GRASS_SPROUT
96.296707
321.665314
300.000000
0.850000
GRASS_SPROUT
94.131981
325.299347
270.000000
1.100000
GRASS_SPROUT
95.385246
325.142303
0.000000
1.100000
GRASS_SPROUT
96.052887
324.687073
90.000000
0.900000