TILE
11
58
FIELD_GRASS
0
PINE TREE 1
68.114082
350.531647
120.000000
1.200000
GRASS_SPROUT
63.907661
347.158173
225.000000
1.000000
GRASS_SPROUT
65.091850
347.044891
120.000000
1.000000
GRASS_SPROUT
63.183380
347.638031
135.000000
0.800000
GRASS_SPROUT
63.963760
345.218140
240.000000
1.000000
GRASS_SPROUT
66.416191
345.390717
0.000000
0.850000
GRASS_SPROUT
65.852905
345.896149
165.000000
0.850000
GRASS_SPROUT
65.362473
347.916687
135.000000
1.100000
GRASS_SPROUT
64.398849
348.553894
270.000000
0.950000
GRASS_SPROUT
64.494667
350.637390
30.000000
1.050000
GRASS_SPROUT
65.584938
350.449127
75.000000
0.800000
GRASS_SPROUT
63.487949
349.083862
60.000000
0.850000
GRASS_SPROUT
63.400352
350.554138
270.000000
1.200000
GRASS_SPROUT
64.714012
349.672607
75.000000
1.200000
GRASS_SPROUT
66.476883
347.617615
345.000000
1.050000
GRASS_SPROUT
65.458336
348.867554
315.000000
1.100000
GRASS_SPROUT
67.552795
347.147247
135.000000
0.800000
GRASS_SPROUT
67.505394
348.099701
300.000000
1.150000
GRASS_SPROUT
67.010994
349.151764
150.000000
1.250000
GRASS_SPROUT
68.280312
347.397400
105.000000
1.000000
GRASS_SPROUT
68.226959
346.368164
135.000000
1.250000
GRASS_SPROUT
67.311928
345.948975
60.000000
1.150000
GRASS_SPROUT
64.409531
346.368164
180.000000
1.250000
GRASS_SPROUT
63.498905
345.984436
210.000000
1.000000
GRASS_SPROUT
68.750420
345.625153
270.000000
0.850000
GRASS_SPROUT
66.410469
346.619263
30.000000
1.150000