TILE
12
50
FIELD_GRASS
0
GRASS_SPROUT
71.077087
297.444366
120.000000
1.150000
GRASS_SPROUT
71.335182
298.402283
210.000000
1.150000
GRASS_SPROUT
71.260330
299.317474
150.000000
0.750000
GRASS_SPROUT
69.429405
299.167328
105.000000
1.000000
GRASS_SPROUT
69.495087
300.056458
195.000000
1.050000
GRASS_SPROUT
69.082748
297.581940
270.000000
1.000000
GRASS_SPROUT
69.868416
298.111389
60.000000
0.900000
GRASS_SPROUT
69.055779
301.847931
240.000000
0.800000
GRASS_SPROUT
69.027649
302.741608
60.000000
1.150000
GRASS_SPROUT
70.441933
298.805695
135.000000
1.250000
GRASS_SPROUT
70.473106
299.972046
60.000000
0.750000
GRASS_SPROUT
69.654739
301.287506
45.000000
1.200000