TILE
12
57
FIELD_GRASS
0
PINE TREE 1
72.635521
339.041626
45.000000
0.900000
PINE TREE 1
71.594467
340.160339
210.000000
1.000000
PINE TREE 1
70.824669
341.765228
180.000000
1.100000
PINE TREE 1
70.428780
343.584351
225.000000
1.150000
PINE TREE 1
70.266151
344.993378
0.000000
0.850000
PINE TREE 1
72.233162
344.042633
300.000000
1.150000
PINE TREE 1
72.340019
342.155090
30.000000
1.100000
PINE TREE 1
74.102341
344.374268
165.000000
1.250000
PINE TREE 1
74.101295
342.698242
165.000000
1.050000
PINE TREE 1
74.100899
341.325012
300.000000
0.800000
PINE TREE 1
74.100601
339.552368
270.000000
1.150000
GRASS_SPROUT
69.122887
342.405121
120.000000
0.850000
GRASS_SPROUT
69.551300
341.592041
45.000000
1.250000
GRASS_SPROUT
70.008461
340.720490
60.000000
1.200000
GRASS_SPROUT
72.877586
340.230560
285.000000
1.100000
GRASS_SPROUT
72.397896
340.949799
180.000000
0.950000