TILE
11
57
FIELD_GRASS
0
PINE TREE 1
64.501633
343.690216
90.000000
0.750000
GRASS_SPROUT
63.242825
342.596771
195.000000
1.100000
GRASS_SPROUT
64.046837
342.288788
75.000000
0.950000
GRASS_SPROUT
64.996735
342.171417
0.000000
1.150000
GRASS_SPROUT
65.850822
342.520447
135.000000
1.050000
GRASS_SPROUT
66.635742
342.897644
75.000000
0.950000
GRASS_SPROUT
67.376038
343.045502
330.000000
0.850000
GRASS_SPROUT
68.312996
342.934784
345.000000
1.200000
GRASS_SPROUT
65.426834
343.899048
0.000000
0.950000
GRASS_SPROUT
64.903366
344.551086
315.000000
0.850000
GRASS_SPROUT
63.495808
343.610352
180.000000
1.150000
GRASS_SPROUT
68.323593
344.866211
330.000000
1.000000
GRASS_SPROUT
68.958687
344.459625
75.000000
0.750000
GRASS_SPROUT
66.625504
344.641754
165.000000
0.900000
GRASS_SPROUT
67.339897
344.443329
75.000000
0.750000
GRASS_SPROUT
66.567917
343.789551
255.000000
1.200000
GRASS_SPROUT
67.986107
343.873016
30.000000
1.250000
GRASS_SPROUT
68.977287
343.621094
345.000000
1.000000