TILE
12
51
FIELD_GRASS
0
PINE TREE 1
74.617340
307.739014
300.000000
0.850000
PINE TREE 1
73.047966
307.775543
0.000000
0.850000
GRASS_SPROUT
70.651527
304.599945
165.000000
1.100000
GRASS_SPROUT
71.354485
305.390900
315.000000
1.200000
GRASS_SPROUT
72.380234
305.261566
75.000000
1.150000
GRASS_SPROUT
69.013832
304.144684
135.000000
1.250000
GRASS_SPROUT
69.182068
305.728638
270.000000
1.150000
GRASS_SPROUT
69.156364
307.315369
75.000000
1.250000
GRASS_SPROUT
69.032219
308.363770
315.000000
0.800000
GRASS_SPROUT
70.458000
305.604767
210.000000
1.100000
GRASS_SPROUT
70.051437
307.094849
120.000000
0.850000
GRASS_SPROUT
70.868912
306.680511
105.000000
0.750000
GRASS_SPROUT
70.579765
307.567932
45.000000
0.800000
GRASS_SPROUT
69.712845
308.856384
240.000000
0.900000
GRASS_SPROUT
70.658829
308.596161
15.000000
0.800000
GRASS_SPROUT
73.733269
308.582611
285.000000
0.850000
GRASS_SPROUT
69.696434
303.469299
300.000000
0.950000
GRASS_SPROUT
71.747665
304.553986
105.000000
1.100000
GRASS_SPROUT
73.164291
304.516754
330.000000
1.150000
GRASS_SPROUT
74.132591
304.516754
210.000000
0.950000
GRASS_SPROUT
74.492638
303.827759
255.000000
0.750000
GRASS_SPROUT
74.823273
305.311829
240.000000
0.750000
GRASS_SPROUT
73.832436
305.691315
165.000000
1.150000
GRASS_SPROUT
72.770340
306.544220
90.000000
1.150000
GRASS_SPROUT
71.980232
306.794922
225.000000
0.800000
GRASS_SPROUT
71.826889
308.202087
210.000000
1.100000