TILE
57
67
FIELD_DIRT
0
GRASS_SPROUT
342.920410
402.839539
0.000000
1.200000
GRASS_SPROUT
342.213348
402.461090
285.000000
0.750000
GRASS_SPROUT
342.658752
401.779327
0.000000
1.200000
GRASS_SPROUT
343.578522
401.518707
90.000000
1.100000
GRASS_SPROUT
344.265472
401.852844
135.000000
0.800000
GRASS_SPROUT
344.541656
402.565460
120.000000
1.050000
GRASS_SPROUT
340.032806
404.275543
225.000000
0.850000
GRASS_SPROUT
339.833374
400.213226
345.000000
1.050000
GRASS_SPROUT
340.063354
399.508575
255.000000
0.800000
GRASS_SPROUT
340.807495
399.472290
315.000000
1.050000