TILE
5
54
FIELD_GRASS
0
GRASS_SPROUT
28.890629
321.379517
135.000000
0.900000
GRASS_SPROUT
28.088436
321.408905
225.000000
0.800000
GRASS_SPROUT
27.353325
321.447388
165.000000
0.900000
GRASS_SPROUT
27.091022
322.418976
180.000000
0.950000
GRASS_SPROUT
28.043520
322.226563
15.000000
0.950000
GRASS_SPROUT
29.045958
322.110535
60.000000
0.900000
GRASS_SPROUT
29.827110
322.498444
45.000000
1.200000
GRASS_SPROUT
30.814081
322.574432
180.000000
1.250000
GRASS_SPROUT
31.687496
322.266449
180.000000
0.850000
GRASS_SPROUT
32.528774
322.070251
120.000000
1.200000
GRASS_SPROUT
28.511160
322.986359
195.000000
1.050000
GRASS_SPROUT
32.111649
323.059875
300.000000
1.200000
GRASS_SPROUT
31.155804
321.505096
195.000000
0.800000
GRASS_SPROUT
29.364206
323.421204
255.000000
0.900000
GRASS_SPROUT
30.024897
323.598083
30.000000
0.750000
GRASS_SPROUT
30.721731
323.492249
120.000000
0.850000