TILE
8
57
FIELD_GRASS
0
PINE TREE 1
45.353439
342.465668
240.000000
1.250000
GRASS_SPROUT
45.368710
339.656372
120.000000
0.900000
GRASS_SPROUT
50.717888
339.451233
315.000000
1.250000
GRASS_SPROUT
50.315308
340.711060
105.000000
1.100000
GRASS_SPROUT
49.915916
341.583069
120.000000
0.950000
GRASS_SPROUT
49.165283
342.237335
210.000000
0.750000
GRASS_SPROUT
48.238827
342.977875
195.000000
0.850000
GRASS_SPROUT
47.625088
343.471039
105.000000
0.950000
GRASS_SPROUT
46.863110
344.105103
0.000000
1.150000
GRASS_SPROUT
45.973083
344.862274
120.000000
0.950000
GRASS_SPROUT
46.416718
341.690063
330.000000
1.100000
GRASS_SPROUT
47.131092
342.560516
330.000000
1.200000
GRASS_SPROUT
47.532921
341.425293
225.000000
0.850000
GRASS_SPROUT
47.990452
340.940674
195.000000
0.750000
GRASS_SPROUT
47.704758
340.231323
285.000000
1.050000
GRASS_SPROUT
48.771320
339.325531
90.000000
0.950000
GRASS_SPROUT
46.555386
340.557800
105.000000
1.150000
GRASS_SPROUT
47.797649
339.299683
90.000000
1.000000
GRASS_SPROUT
49.011402
340.172211
270.000000
1.250000
GRASS_SPROUT
48.727585
341.422577
315.000000
1.050000
GRASS_SPROUT
48.164070
342.120270
165.000000
1.100000
GRASS_SPROUT
45.087463
343.758179
120.000000
1.100000
GRASS_SPROUT
45.979759
343.639221
345.000000
1.000000