TILE
50
42
FIELD_GRASS
0
GRASS_SPROUT
299.956940
254.455795
330.000000
1.000000
GRASS_SPROUT
300.091644
253.525970
300.000000
1.000000
GRASS_SPROUT
300.043884
252.754639
60.000000
0.850000
GRASS_SPROUT
299.906525
252.063309
30.000000
0.900000
GRASS_SPROUT
299.763763
251.093765
195.000000
1.050000
GRASS_SPROUT
299.491241
249.938919
60.000000
0.950000
GRASS_SPROUT
299.050537
249.069824
135.000000
1.250000
GRASS_SPROUT
301.457153
249.843704
105.000000
0.950000
GRASS_SPROUT
301.576569
250.967102
150.000000
1.050000
GRASS_SPROUT
301.740295
251.802902
30.000000
0.950000
GRASS_SPROUT
301.927551
252.745865
270.000000
1.200000
GRASS_SPROUT
302.739563
253.492859
240.000000
1.100000
GRASS_SPROUT
301.949646
254.264526
345.000000
1.050000
GRASS_SPROUT
301.013641
253.912781
270.000000
1.100000
GRASS_SPROUT
300.449188
249.280487
165.000000
1.000000
GRASS_SPROUT
302.213531
250.456940
285.000000
0.950000
GRASS_SPROUT
301.036652
252.473953
30.000000
0.800000
GRASS_SPROUT
300.771667
251.480484
120.000000
1.050000
GRASS_SPROUT
300.709534
250.506805
180.000000
0.900000
GRASS_SPROUT
302.957550
251.148834
195.000000
1.200000