TILE
59
40
FIELD_GRASS
0
GRASS_SPROUT
353.108795
237.894897
255.000000
0.950000
GRASS_SPROUT
352.719727
239.076218
165.000000
1.100000
GRASS_SPROUT
352.544983
239.939621
300.000000
0.900000
GRASS_SPROUT
352.417053
240.844971
75.000000
1.000000
GRASS_SPROUT
352.318237
241.833023
345.000000
1.000000
GRASS_SPROUT
352.251068
242.769623
60.000000
1.150000
GRASS_SPROUT
351.311584
242.158875
225.000000
0.950000
GRASS_SPROUT
351.795227
241.333160
90.000000
0.800000
GRASS_SPROUT
351.858459
239.328308
195.000000
1.100000
GRASS_SPROUT
351.854858
238.294708
270.000000
1.000000
GRASS_SPROUT
351.854858
237.386078
90.000000
0.750000
GRASS_SPROUT
351.653381
240.136261
0.000000
0.900000
GRASS_SPROUT
351.071075
239.583023
165.000000
0.800000