TILE
53
43
FIELD_GRASS
0
PINE TREE 1
317.523895
260.567932
345.000000
1.050000
PINE TREE 1
315.727966
260.019409
30.000000
0.950000
PINE TREE 1
318.252808
259.406555
225.000000
0.750000
PINE TREE 1
319.272491
259.102875
90.000000
0.750000
GRASS_SPROUT
318.668976
255.616119
330.000000
1.100000
GRASS_SPROUT
319.150238
256.488129
255.000000
1.100000
GRASS_SPROUT
319.348053
257.339478
75.000000
0.850000
GRASS_SPROUT
319.688049
258.075439
225.000000
0.950000
GRASS_SPROUT
318.544373
257.350616
120.000000
0.850000
GRASS_SPROUT
317.683838
256.561401
225.000000
1.200000
GRASS_SPROUT
316.864288
255.974777
105.000000
1.150000
GRASS_SPROUT
316.095093
255.424149
240.000000
0.950000
GRASS_SPROUT
316.997253
257.363312
0.000000
1.150000
GRASS_SPROUT
315.968750
257.921783
15.000000
1.200000
GRASS_SPROUT
315.005554
257.673889
330.000000
1.050000
GRASS_SPROUT
315.118256
256.675110
225.000000
0.750000
GRASS_SPROUT
315.690613
257.073608
120.000000
0.750000
GRASS_SPROUT
316.725647
259.072571
0.000000
1.200000
GRASS_SPROUT
318.285614
258.233307
270.000000
1.100000
GRASS_SPROUT
316.299377
256.621704
195.000000
0.750000