TILE
23
14
FIELD_GRASS
0
PINE TREE 2
135.709473
83.038277
120.000000
0.850000
PINE TREE 2
137.199310
83.027443
45.000000
0.850000
PINE TREE 2
138.716278
83.020790
195.000000
0.850000
PINE TREE 2
140.295288
83.016441
345.000000
0.950000
PINE TREE 2
137.898468
81.575058
75.000000
1.150000
PINE TREE 2
136.224594
81.148254
60.000000
1.100000
PINE TREE 2
137.536560
85.118675
285.000000
0.750000
PINE TREE 2
138.913666
84.914192
90.000000
0.950000
PINE TREE 2
140.682175
84.926651
150.000000
1.150000
PINE TREE 2
140.798859
86.548996
330.000000
0.800000
PINE TREE 2
138.916580
86.548996
90.000000
1.200000
PINE TREE 2
136.986160
86.548996
45.000000
1.200000
PINE TREE 2
135.151489
86.378708
45.000000
1.200000
PINE TREE 2
135.040863
84.544601
285.000000
1.050000