TILE
26
15
FIELD_GRASS
0
PINE TREE 2
153.900879
91.150787
75.000000
1.250000
PINE TREE 2
155.342941
92.254471
135.000000
0.950000
PINE TREE 2
154.781204
89.525246
90.000000
0.850000
PINE TREE 2
154.935028
87.963814
45.000000
0.800000
PINE TREE 2
156.178833
90.857819
210.000000
1.050000
PINE TREE 2
158.703674
91.556854
0.000000
1.000000
PINE TREE 2
156.364639
87.291779
255.000000
1.100000
PINE TREE 2
156.302551
89.152786
0.000000
1.000000
PINE TREE 2
157.600891
88.163742
330.000000
0.750000
PINE TREE 2
153.476791
87.098854
285.000000
0.800000