TILE
81
14
FIELD_GRASS
0
GRASS_SPROUT
483.545654
81.503571
225.000000
1.000000
GRASS_SPROUT
484.247101
81.264076
75.000000
0.800000
GRASS_SPROUT
488.662354
81.341019
75.000000
0.850000
GRASS_SPROUT
487.740570
81.491455
210.000000
0.950000
GRASS_SPROUT
486.944031
81.491455
120.000000
0.750000
GRASS_SPROUT
487.301117
82.267166
240.000000
1.050000
GRASS_SPROUT
487.533356
83.027534
0.000000
0.800000
GRASS_SPROUT
487.612061
84.147354
60.000000
1.150000
GRASS_SPROUT
487.765991
85.076874
285.000000
1.200000
GRASS_SPROUT
487.843903
85.950607
345.000000
0.800000
GRASS_SPROUT
487.843872
86.777328
255.000000
1.150000
GRASS_SPROUT
483.028656
82.340424
45.000000
1.000000
GRASS_SPROUT
483.927155
82.263435
345.000000
0.800000
GRASS_SPROUT
484.707123
82.301987
75.000000
1.000000
GRASS_SPROUT
485.435791
82.793083
90.000000
1.150000
GRASS_SPROUT
486.054474
83.443542
150.000000
0.750000
GRASS_SPROUT
486.520264
84.162148
165.000000
1.250000
GRASS_SPROUT
486.470428
82.378754
60.000000
0.950000
GRASS_SPROUT
485.865265
81.950897
15.000000
0.900000
GRASS_SPROUT
487.979889
82.566711
75.000000
0.800000
GRASS_SPROUT
488.745392
86.857277
210.000000
0.800000
GRASS_SPROUT
488.938568
85.534447
195.000000
0.900000
GRASS_SPROUT
488.776001
84.724869
180.000000
0.850000
GRASS_SPROUT
488.539368
83.617790
105.000000
1.100000
GRASS_SPROUT
488.709717
82.133980
120.000000
1.100000