TILE
83
11
FIELD_GRASS
0
PINE TREE 1
500.885132
65.473526
15.000000
1.000000
GRASS_SPROUT
498.145111
63.014091
165.000000
0.900000
GRASS_SPROUT
499.430725
63.680305
195.000000
1.100000
GRASS_SPROUT
500.632080
63.865520
225.000000
1.100000
GRASS_SPROUT
496.970032
65.475990
165.000000
1.200000
GRASS_SPROUT
496.820709
64.509689
225.000000
1.200000
GRASS_SPROUT
496.935425
63.354961
255.000000
1.150000
GRASS_SPROUT
497.953491
64.171440
90.000000
1.050000
GRASS_SPROUT
498.839874
65.217499
315.000000
1.000000
GRASS_SPROUT
499.362213
65.825897
150.000000
0.950000
GRASS_SPROUT
500.126465
66.612175
15.000000
1.100000
GRASS_SPROUT
500.860992
67.183800
330.000000
0.900000
GRASS_SPROUT
496.025085
63.421898
330.000000
1.050000
GRASS_SPROUT
495.133667
63.681591
195.000000
1.100000
GRASS_SPROUT
497.977875
65.845009
75.000000
1.100000
GRASS_SPROUT
499.018646
66.916237
195.000000
1.200000
GRASS_SPROUT
499.605103
67.444794
345.000000
0.750000
GRASS_SPROUT
499.697144
64.944229
105.000000
1.000000
GRASS_SPROUT
495.119934
65.464386
150.000000
1.250000
GRASS_SPROUT
495.057892
66.717278
285.000000
1.050000
GRASS_SPROUT
495.384186
68.400200
195.000000
1.150000
GRASS_SPROUT
496.319061
68.843361
15.000000
0.900000
GRASS_SPROUT
496.339813
67.313011
285.000000
1.250000
GRASS_SPROUT
497.799347
68.147804
120.000000
1.100000
GRASS_SPROUT
498.744354
68.839760
285.000000
1.050000
GRASS_SPROUT
497.514526
67.150963
255.000000
1.150000
GRASS_SPROUT
500.157227
68.108162
165.000000
1.100000
GRASS_SPROUT
496.205170
66.060249
90.000000
1.200000
GRASS_SPROUT
499.464966
68.695000
105.000000
0.750000
GRASS_SPROUT
498.852081
67.900475
120.000000
1.250000