TILE
83
13
FIELD_GRASS
0
GRASS_SPROUT
495.137726
76.684464
90.000000
1.050000
GRASS_SPROUT
495.833893
76.417755
165.000000
0.800000
GRASS_SPROUT
496.529968
76.180916
150.000000
0.950000
GRASS_SPROUT
497.472534
76.064285
165.000000
1.050000
GRASS_SPROUT
498.552277
76.023125
315.000000
0.900000
GRASS_SPROUT
499.379089
76.023125
315.000000
0.750000
GRASS_SPROUT
500.300232
76.023125
165.000000
1.000000
GRASS_SPROUT
498.238922
80.666061
75.000000
1.100000
GRASS_SPROUT
499.103729
80.621033
300.000000
1.000000
GRASS_SPROUT
500.073242
80.977325
255.000000
0.900000
GRASS_SPROUT
500.665497
80.069313
195.000000
0.950000
GRASS_SPROUT
499.804871
80.022369
15.000000
1.100000