TILE
83
14
FIELD_GRASS
0
PINE TREE 1
500.444672
82.302910
345.000000
0.850000
GRASS_SPROUT
500.927826
81.195518
315.000000
1.000000
GRASS_SPROUT
499.949921
83.241753
45.000000
0.750000
GRASS_SPROUT
499.247589
83.352806
195.000000
0.750000
GRASS_SPROUT
498.647369
82.978859
150.000000
0.750000
GRASS_SPROUT
498.444061
82.237556
135.000000
1.150000
GRASS_SPROUT
498.964752
81.621895
315.000000
0.800000
GRASS_SPROUT
498.054260
81.495361
15.000000
0.900000
GRASS_SPROUT
500.627350
83.699928
90.000000
1.250000