TILE
88
10
FIELD_GRASS
0
GRASS_SPROUT
530.309570
61.529510
345.000000
1.000000
GRASS_SPROUT
529.873657
60.459064
255.000000
1.250000
GRASS_SPROUT
529.730713
59.383049
150.000000
0.850000
GRASS_SPROUT
529.613098
58.215561
30.000000
0.800000
GRASS_SPROUT
529.525635
57.040043
105.000000
0.750000
GRASS_SPROUT
529.442322
61.429913
270.000000
1.050000
GRASS_SPROUT
529.598572
62.225418
270.000000
0.900000
GRASS_SPROUT
529.896057
62.865803
60.000000
0.750000
GRASS_SPROUT
525.344238
62.979187
30.000000
1.100000
GRASS_SPROUT
526.284912
62.802315
270.000000
1.150000
GRASS_SPROUT
525.285522
61.917431
300.000000
1.200000
GRASS_SPROUT
526.248291
61.804123
30.000000
1.150000
GRASS_SPROUT
527.085693
61.744938
120.000000
0.800000
GRASS_SPROUT
527.989868
61.474796
135.000000
1.100000
GRASS_SPROUT
528.634583
60.625050
210.000000
0.850000
GRASS_SPROUT
528.948730
59.954636
0.000000
1.000000
GRASS_SPROUT
528.839294
62.505501
345.000000
1.100000
GRASS_SPROUT
527.214661
62.542519
300.000000
0.950000