TILE
80
14
FIELD_GRASS
0
GRASS_SPROUT
477.824921
81.660355
75.000000
1.250000
GRASS_SPROUT
478.682892
82.042595
0.000000
0.800000
GRASS_SPROUT
479.630127
81.916695
315.000000
1.150000
GRASS_SPROUT
480.508881
81.840439
90.000000
0.800000
GRASS_SPROUT
481.440857
81.686264
210.000000
0.750000
GRASS_SPROUT
482.475952
81.608345
300.000000
1.150000
GRASS_SPROUT
480.315643
81.092613
255.000000
1.050000
GRASS_SPROUT
481.165710
82.472931
210.000000
1.250000
GRASS_SPROUT
480.399933
82.710289
150.000000
0.750000
GRASS_SPROUT
479.735443
83.028831
15.000000
1.000000
GRASS_SPROUT
478.886566
83.085800
105.000000
1.050000
GRASS_SPROUT
478.038544
82.856186
75.000000
1.050000
GRASS_SPROUT
477.138885
83.179344
30.000000
1.250000