TILE
84
14
FIELD_GRASS
0
GRASS_SPROUT
501.843201
81.410347
90.000000
0.850000
GRASS_SPROUT
502.594788
81.579849
195.000000
0.950000
GRASS_SPROUT
503.518341
81.705612
165.000000
1.000000
GRASS_SPROUT
504.359802
81.705612
300.000000
0.800000
GRASS_SPROUT
505.054932
81.705612
105.000000
0.750000
GRASS_SPROUT
505.786621
81.705612
75.000000
0.950000
GRASS_SPROUT
502.861664
82.317566
255.000000
0.850000
GRASS_SPROUT
502.178009
82.671783
120.000000
0.850000
GRASS_SPROUT
501.328766
82.940865
225.000000
1.000000
GRASS_SPROUT
504.055237
81.021240
105.000000
0.900000
GRASS_SPROUT
503.876129
82.647713
255.000000
1.100000
GRASS_SPROUT
504.842194
82.506813
105.000000
1.150000
GRASS_SPROUT
501.700531
83.838570
135.000000
1.250000
GRASS_SPROUT
501.626770
84.827087
210.000000
1.200000
GRASS_SPROUT
502.084778
85.671158
165.000000
1.000000
GRASS_SPROUT
502.755646
86.205452
255.000000
1.000000
GRASS_SPROUT
503.369659
86.574059
120.000000
0.750000
GRASS_SPROUT
502.964813
83.091293
195.000000
1.000000
GRASS_SPROUT
502.821564
84.054382
135.000000
1.050000
GRASS_SPROUT
502.948334
84.817604
15.000000
0.800000
GRASS_SPROUT
503.411194
85.614342
270.000000
1.200000
GRASS_SPROUT
504.084656
86.414604
210.000000
1.050000
GRASS_SPROUT
506.677032
82.031776
30.000000
0.850000
GRASS_SPROUT
505.655060
82.742340
270.000000
0.900000