TILE
53
55
FIELD_GRASS
0
GRASS_SPROUT
315.123138
329.073944
225.000000
0.950000
GRASS_SPROUT
315.948547
329.031097
225.000000
1.050000
GRASS_SPROUT
315.541779
328.372345
195.000000
0.750000
GRASS_SPROUT
315.763672
327.395752
225.000000
1.200000
GRASS_SPROUT
316.758209
327.347565
255.000000
1.150000
GRASS_SPROUT
318.145691
327.055115
180.000000
1.100000
GRASS_SPROUT
320.140137
330.780090
225.000000
0.950000
GRASS_SPROUT
318.501282
331.671051
15.000000
1.200000
GRASS_SPROUT
315.875946
332.358032
225.000000
1.100000
GRASS_SPROUT
316.881500
328.660736
285.000000
0.750000
GRASS_SPROUT
316.545227
329.782349
45.000000
1.200000
GRASS_SPROUT
315.839813
330.526642
30.000000
0.850000
GRASS_SPROUT
315.026245
331.232941
135.000000
1.150000
GRASS_SPROUT
318.228882
328.612061
240.000000
1.050000
GRASS_SPROUT
319.356781
327.913605
255.000000
0.750000
GRASS_SPROUT
320.286530
327.446930
90.000000
1.100000
GRASS_SPROUT
319.375488
328.612061
150.000000
0.900000
GRASS_SPROUT
317.638245
329.871979
150.000000
0.800000
GRASS_SPROUT
318.936798
329.510010
60.000000
0.850000
GRASS_SPROUT
317.746002
330.696136
180.000000
1.050000
GRASS_SPROUT
317.035217
331.353851
15.000000
1.000000
GRASS_SPROUT
320.337708
328.757568
285.000000
1.050000
GRASS_SPROUT
319.148956
330.653961
150.000000
1.250000
GRASS_SPROUT
320.120575
329.961060
90.000000
0.750000
GRASS_SPROUT
316.103973
331.201416
105.000000
0.950000
GRASS_SPROUT
320.524567
332.186859
300.000000
1.250000
GRASS_SPROUT
319.556854
331.676147
30.000000
1.250000
GRASS_SPROUT
318.661438
332.969391
270.000000
1.100000
GRASS_SPROUT
317.255096
332.435852
240.000000
0.900000
GRASS_SPROUT
318.011322
332.435852
270.000000
0.900000