TILE
53
59
FIELD_GRASS
0
PINE TREE 1
319.890808
356.137207
0.000000
1.250000
PINE TREE 1
317.304626
355.110413
75.000000
1.250000
PINE TREE 1
315.516083
355.103577
195.000000
1.150000
PINE TREE 1
319.364532
354.531586
0.000000
1.150000
PINE TREE 1
319.285797
353.006592
225.000000
0.800000
PINE TREE 1
320.128143
351.819916
345.000000
0.900000
PINE TREE 1
320.415283
353.343292
90.000000
0.800000
PINE TREE 1
316.193481
351.325439
105.000000
1.050000
PINE TREE 1
315.165222
352.354858
90.000000
0.950000
PINE TREE 1
317.973755
352.581696
60.000000
1.150000
PINE TREE 1
316.392914
353.506317
60.000000
1.150000