TILE
54
57
FIELD_GRASS
0
PINE TREE 1
326.449951
344.882141
60.000000
0.750000
PINE TREE 1
325.196686
344.296143
15.000000
1.000000
PINE TREE 1
325.586334
343.095581
90.000000
0.800000
PINE TREE 1
326.256683
341.813446
45.000000
0.950000
PINE TREE 1
326.435883
340.476990
330.000000
0.950000
PINE TREE 1
324.775116
342.021271
45.000000
1.000000
PINE TREE 1
323.481628
343.377716
45.000000
0.950000
PINE TREE 1
322.516479
344.598145
225.000000
0.950000
PINE TREE 1
321.131317
342.575897
300.000000
0.800000
PINE TREE 1
321.412384
340.711090
270.000000
1.200000
PINE TREE 1
323.403656
339.261414
255.000000
0.950000
PINE TREE 1
323.128052
341.383850
165.000000
1.000000
PINE TREE 1
321.644379
343.675323
180.000000
0.850000
GRASS_SPROUT
324.536469
339.204285
315.000000
0.950000
GRASS_SPROUT
325.671234
339.427490
180.000000
1.150000
GRASS_SPROUT
325.172333
340.484009
330.000000
0.900000
GRASS_SPROUT
322.573212
342.698059
345.000000
1.150000
GRASS_SPROUT
323.629639
342.278381
135.000000
0.800000
GRASS_SPROUT
323.810028
344.864563
120.000000
1.250000
GRASS_SPROUT
326.685028
343.351837
120.000000
0.750000
GRASS_SPROUT
324.397736
343.051453
165.000000
0.750000