TILE
52
56
FIELD_GRASS
0
GRASS_SPROUT
310.089691
333.067352
135.000000
0.950000
GRASS_SPROUT
310.651459
333.978302
105.000000
0.900000
GRASS_SPROUT
311.008942
334.753510
60.000000
0.850000
GRASS_SPROUT
311.362946
335.635284
30.000000
1.050000
GRASS_SPROUT
311.594055
336.701447
195.000000
1.200000
GRASS_SPROUT
311.625549
337.620026
300.000000
0.800000
GRASS_SPROUT
311.671967
338.560547
105.000000
1.000000
GRASS_SPROUT
311.767883
333.150848
240.000000
1.150000
GRASS_SPROUT
313.825134
333.150848
135.000000
1.050000
GRASS_SPROUT
312.706085
333.324310
255.000000
0.950000
GRASS_SPROUT
313.718872
338.908875
345.000000
1.150000
GRASS_SPROUT
314.254150
338.132690
15.000000
0.900000
GRASS_SPROUT
313.649200
337.684143
30.000000
0.800000
GRASS_SPROUT
313.704224
336.852539
225.000000
1.150000
GRASS_SPROUT
312.466248
338.272919
255.000000
1.000000
GRASS_SPROUT
312.339935
335.769226
90.000000
1.200000
GRASS_SPROUT
312.541138
336.744598
150.000000
1.050000
GRASS_SPROUT
313.174500
335.049011
180.000000
1.250000
GRASS_SPROUT
313.258209
334.069611
15.000000
1.200000
GRASS_SPROUT
312.284454
334.113678
165.000000
1.150000
GRASS_SPROUT
312.012634
335.049011
300.000000
0.750000
GRASS_SPROUT
314.662048
334.966583
300.000000
1.200000
GRASS_SPROUT
314.926514
337.344360
45.000000
1.200000