TILE
50
58
FIELD_GRASS
0
PINE TREE 1
302.195282
349.776215
270.000000
0.900000
PINE TREE 1
302.131805
348.288757
195.000000
1.200000
PINE TREE 1
300.529694
348.046143
135.000000
1.050000
PINE TREE 1
298.480743
349.484222
255.000000
1.100000
PINE TREE 1
297.375854
346.169617
150.000000
0.850000
PINE TREE 1
302.347931
345.079865
75.000000
0.950000
PINE TREE 1
298.571411
347.058319
210.000000
1.100000
PINE TREE 1
299.395203
345.759186
15.000000
1.000000
PINE TREE 1
300.128113
350.975525
180.000000
1.200000
PINE TREE 1
301.081665
346.263672
180.000000
1.150000