TILE
59
52
FIELD_GRASS
0
GRASS_SPROUT
356.858337
312.276886
240.000000
1.200000
GRASS_SPROUT
356.518951
311.063721
195.000000
1.250000
GRASS_SPROUT
356.205566
309.884064
150.000000
0.900000
GRASS_SPROUT
354.556335
309.245483
225.000000
1.150000
GRASS_SPROUT
353.476135
310.319702
255.000000
1.050000
GRASS_SPROUT
353.042847
311.167023
255.000000
1.100000
GRASS_SPROUT
352.609772
312.087677
105.000000
0.950000
GRASS_SPROUT
352.270874
312.790894
330.000000
0.750000
GRASS_SPROUT
351.474518
313.843292
315.000000
1.000000
GRASS_SPROUT
351.148010
312.535126
150.000000
0.900000
GRASS_SPROUT
351.544006
310.999268
135.000000
1.150000
GRASS_SPROUT
351.544006
309.873352
180.000000
1.200000
GRASS_SPROUT
356.805817
314.583649
120.000000
0.850000
GRASS_SPROUT
356.324890
313.256958
285.000000
1.100000
GRASS_SPROUT
355.860718
312.199860
255.000000
1.250000
GRASS_SPROUT
355.383667
311.196686
105.000000
0.800000
GRASS_SPROUT
355.150482
310.399994
90.000000
1.250000
GRASS_SPROUT
354.714966
311.249664
210.000000
0.800000
GRASS_SPROUT
354.216858
312.035919
180.000000
1.250000
GRASS_SPROUT
353.937622
312.790161
150.000000
0.750000
GRASS_SPROUT
353.767670
313.613861
270.000000
1.100000
GRASS_SPROUT
353.631256
314.517609
60.000000
1.000000
GRASS_SPROUT
352.176147
314.738831
300.000000
1.000000
GRASS_SPROUT
354.533051
314.886200
30.000000
0.950000
GRASS_SPROUT
354.838104
313.822479
285.000000
1.250000
GRASS_SPROUT
355.382935
314.945862
345.000000
0.900000
GRASS_SPROUT
355.931335
314.435638
60.000000
0.800000
GRASS_SPROUT
351.766724
311.961029
150.000000
1.050000
GRASS_SPROUT
352.577148
313.468781
240.000000
1.050000
GRASS_SPROUT
352.737457
309.646362
135.000000
1.250000
GRASS_SPROUT
353.626923
309.331512
15.000000
0.950000