TILE
58
55
FIELD_GRASS
0
GRASS_SPROUT
350.767731
328.613220
15.000000
1.000000
GRASS_SPROUT
349.590088
328.797241
135.000000
1.200000
GRASS_SPROUT
348.688263
329.086304
30.000000
0.800000
GRASS_SPROUT
347.806549
329.368896
15.000000
1.100000
GRASS_SPROUT
346.971985
329.747345
180.000000
1.150000
GRASS_SPROUT
346.289612
330.212769
135.000000
0.900000
GRASS_SPROUT
345.915253
330.940430
255.000000
1.050000
GRASS_SPROUT
345.700317
329.410309
135.000000
1.050000
GRASS_SPROUT
345.700317
328.317932
180.000000
1.050000
GRASS_SPROUT
345.700317
327.486694
300.000000
0.750000
GRASS_SPROUT
347.175690
327.654938
210.000000
1.050000
GRASS_SPROUT
347.175690
328.680695
270.000000
0.950000
GRASS_SPROUT
347.175690
330.601257
90.000000
0.900000
GRASS_SPROUT
346.770355
331.355713
240.000000
1.100000
GRASS_SPROUT
346.364471
332.181244
225.000000
1.100000
GRASS_SPROUT
346.141632
332.979065
300.000000
0.850000
GRASS_SPROUT
348.731628
327.449310
45.000000
1.050000
GRASS_SPROUT
350.591705
327.321838
180.000000
0.800000
GRASS_SPROUT
349.539948
327.412567
0.000000
0.750000