TILE
54
54
FIELD_GRASS
0
PINE TREE 1
326.638153
326.311554
165.000000
0.900000
PINE TREE 1
326.638153
324.857208
120.000000
0.800000
PINE TREE 1
326.543671
322.971527
180.000000
1.150000
PINE TREE 1
326.430328
321.337585
75.000000
1.050000
PINE TREE 1
324.690308
325.773407
60.000000
1.050000
PINE TREE 1
324.208282
324.120087
60.000000
1.200000
PINE TREE 1
323.574371
322.758575
315.000000
0.900000
PINE TREE 1
322.768555
321.412872
225.000000
0.950000
PINE TREE 1
322.122650
323.275696
75.000000
1.200000
PINE TREE 1
325.116882
322.516815
210.000000
0.950000
PINE TREE 1
321.274933
321.920685
285.000000
0.750000
GRASS_SPROUT
321.461121
324.441559
255.000000
0.950000
GRASS_SPROUT
321.065796
326.401123
180.000000
1.150000
GRASS_SPROUT
322.701080
326.194061
105.000000
1.000000
GRASS_SPROUT
323.642792
325.931244
150.000000
0.800000
GRASS_SPROUT
322.405457
325.446594
165.000000
0.950000
GRASS_SPROUT
323.036255
324.693207
150.000000
1.100000
GRASS_SPROUT
322.257202
326.908875
0.000000
1.000000