TILE
59
51
FIELD_GRASS
0
GRASS_SPROUT
356.045746
308.502167
30.000000
1.200000
GRASS_SPROUT
355.949432
307.216125
345.000000
0.750000
GRASS_SPROUT
355.887726
305.819031
210.000000
1.150000
GRASS_SPROUT
355.894226
304.324097
300.000000
1.150000
GRASS_SPROUT
352.744202
303.183350
240.000000
1.250000
GRASS_SPROUT
352.587097
304.402435
255.000000
1.200000
GRASS_SPROUT
352.395050
305.693207
105.000000
0.850000
GRASS_SPROUT
352.449493
306.505035
330.000000
0.850000
GRASS_SPROUT
354.086700
303.748718
285.000000
0.750000
GRASS_SPROUT
353.961823
304.933807
300.000000
1.150000
GRASS_SPROUT
353.779602
305.844238
210.000000
1.000000
GRASS_SPROUT
355.187958
304.729584
270.000000
0.850000
GRASS_SPROUT
355.094208
305.460236
15.000000
0.800000
GRASS_SPROUT
354.961609
306.245361
270.000000
1.150000
GRASS_SPROUT
354.596985
307.261993
135.000000
1.200000
GRASS_SPROUT
354.556335
308.115326
330.000000
0.800000
GRASS_SPROUT
351.933716
308.699310
255.000000
1.150000
GRASS_SPROUT
352.428894
307.944244
0.000000
1.100000
GRASS_SPROUT
353.019989
307.245483
75.000000
1.000000
GRASS_SPROUT
351.191772
305.748291
0.000000
1.200000
GRASS_SPROUT
351.425964
303.378326
165.000000
1.150000
GRASS_SPROUT
351.902313
305.199554
210.000000
0.850000
GRASS_SPROUT
351.697540
306.592804
0.000000
0.950000
GRASS_SPROUT
353.294556
303.918060
0.000000
0.750000
GRASS_SPROUT
351.261841
307.916199
150.000000
1.150000