TILE
52
53
FIELD_GRASS
0
GRASS_SPROUT
309.177155
315.721954
225.000000
1.150000
GRASS_SPROUT
309.240265
316.596069
30.000000
0.850000
GRASS_SPROUT
309.291504
317.617706
75.000000
0.800000
GRASS_SPROUT
309.326324
318.577148
45.000000
1.100000
GRASS_SPROUT
309.351807
319.552795
255.000000
1.150000
GRASS_SPROUT
309.371521
320.582672
60.000000
1.100000
GRASS_SPROUT
312.601898
315.601715
195.000000
0.750000
GRASS_SPROUT
312.514282
316.260803
165.000000
0.850000
GRASS_SPROUT
312.855011
317.094696
0.000000
1.100000
GRASS_SPROUT
313.630219
317.822205
300.000000
0.800000
GRASS_SPROUT
314.064850
318.376007
285.000000
0.750000
GRASS_SPROUT
314.714783
319.278412
120.000000
1.050000
GRASS_SPROUT
314.656921
320.378052
255.000000
0.900000
GRASS_SPROUT
312.029053
320.891785
195.000000
1.100000
GRASS_SPROUT
312.369080
319.498047
330.000000
1.000000
GRASS_SPROUT
312.616302
318.459442
165.000000
0.800000
GRASS_SPROUT
310.741638
320.421051
345.000000
1.200000
GRASS_SPROUT
310.754120
319.306732
240.000000
0.800000
GRASS_SPROUT
310.944122
318.504578
90.000000
0.950000
GRASS_SPROUT
310.480255
317.316681
135.000000
0.750000
GRASS_SPROUT
310.564331
316.469238
210.000000
0.850000
GRASS_SPROUT
310.755646
315.372498
285.000000
1.200000
GRASS_SPROUT
314.852142
316.637390
105.000000
0.850000
GRASS_SPROUT
311.823364
318.640930
120.000000
1.200000
GRASS_SPROUT
311.262665
317.050446
240.000000
1.150000
GRASS_SPROUT
313.731049
319.191833
45.000000
1.000000
GRASS_SPROUT
313.789551
320.285645
150.000000
1.000000
GRASS_SPROUT
313.005310
320.028381
225.000000
0.750000
GRASS_SPROUT
313.331543
320.826569
75.000000
0.750000
GRASS_SPROUT
313.165100
315.809235
90.000000
0.750000
GRASS_SPROUT
314.120270
316.960144
135.000000
1.050000
GRASS_SPROUT
313.800110
316.024994
300.000000
0.900000
GRASS_SPROUT
314.459686
317.792969
255.000000
0.900000