TILE
50
51
FIELD_GRASS
0
PINE TREE 1
302.054199
306.907623
180.000000
1.100000
PINE TREE 1
300.781494
306.142548
135.000000
0.850000
PINE TREE 1
299.490356
305.188507
90.000000
0.850000
PINE TREE 1
298.031921
303.923706
135.000000
1.250000
PINE TREE 1
299.706085
303.566986
270.000000
0.950000
PINE TREE 1
300.879486
304.408478
285.000000
1.050000
PINE TREE 1
302.455902
304.594543
150.000000
1.100000
PINE TREE 1
301.780731
303.044983
105.000000
0.900000
GRASS_SPROUT
297.567322
305.596802
75.000000
0.800000
GRASS_SPROUT
298.375031
305.879211
330.000000
1.050000
GRASS_SPROUT
299.108154
306.155029
105.000000
0.900000
GRASS_SPROUT
299.767639
306.245544
315.000000
0.750000