TILE
51
54
FIELD_GRASS
0
PINE TREE 1
303.102539
324.947235
15.000000
0.900000
GRASS_SPROUT
308.958618
323.434143
300.000000
1.250000
GRASS_SPROUT
308.463562
324.688538
30.000000
1.150000
GRASS_SPROUT
308.230499
325.613861
255.000000
1.200000
GRASS_SPROUT
308.008728
326.995972
315.000000
1.250000
GRASS_SPROUT
307.881348
321.285797
180.000000
0.900000
GRASS_SPROUT
307.422699
322.035126
315.000000
0.800000
GRASS_SPROUT
306.858734
322.709229
135.000000
1.150000
GRASS_SPROUT
306.100708
323.316711
300.000000
1.050000
GRASS_SPROUT
305.523773
323.805176
345.000000
0.750000
GRASS_SPROUT
304.875031
324.245148
210.000000
1.000000
GRASS_SPROUT
304.210419
324.778992
225.000000
1.050000
GRASS_SPROUT
304.210419
325.723755
90.000000
0.850000
GRASS_SPROUT
303.846466
326.503174
45.000000
0.850000
GRASS_SPROUT
305.692902
325.984070
225.000000
0.750000
GRASS_SPROUT
306.433899
325.984070
105.000000
0.800000
GRASS_SPROUT
305.492065
326.906708
90.000000
0.850000
GRASS_SPROUT
306.728943
324.719055
270.000000
1.000000
GRASS_SPROUT
307.327850
323.896820
165.000000
0.950000
GRASS_SPROUT
308.058167
323.345581
150.000000
0.950000
GRASS_SPROUT
305.939240
325.391815
30.000000
0.800000
GRASS_SPROUT
305.364166
324.776215
255.000000
0.800000
GRASS_SPROUT
306.004730
324.313141
300.000000
0.750000
GRASS_SPROUT
307.491547
326.194061
30.000000
1.100000
GRASS_SPROUT
307.517181
325.059021
285.000000
1.000000
GRASS_SPROUT
308.120575
322.384644
165.000000
1.150000