TILE
92
48
FIELD_GRASS
0
PINE TREE 2
553.547058
290.859680
195.000000
0.950000
PINE TREE 2
552.407593
289.693970
255.000000
1.050000
PINE TREE 2
551.010620
288.278778
225.000000
1.000000
PINE TREE 2
550.146423
286.711914
195.000000
1.050000
PINE TREE 2
550.252380
285.154602
300.000000
0.850000
PINE TREE 2
554.831360
289.009247
180.000000
1.150000
PINE TREE 2
551.064819
290.408203
105.000000
0.850000
PINE TREE 2
549.491211
290.458801
345.000000
1.150000
PINE TREE 2
549.270874
288.866547
180.000000
0.950000
PINE TREE 2
551.659302
285.701172
135.000000
1.150000
PINE TREE 2
552.613281
287.968994
105.000000
1.100000
PINE TREE 2
553.191284
285.496613
225.000000
0.900000
PINE TREE 2
554.238892
286.403076
105.000000
0.850000