TILE
90
49
FIELD_GRASS
0
PINE TREE 2
539.010681
296.527222
330.000000
1.100000
PINE TREE 2
538.419189
294.852295
240.000000
0.750000
PINE TREE 2
537.674133
293.660858
135.000000
0.900000
PINE TREE 2
537.059448
296.666870
120.000000
1.100000
PINE TREE 2
538.930298
291.509796
285.000000
1.100000
PINE TREE 2
539.777649
292.769470
225.000000
0.850000
PINE TREE 2
540.286987
294.113068
45.000000
0.950000
PINE TREE 2
540.593140
295.507080
255.000000
0.800000
PINE TREE 2
540.772095
296.899994
90.000000
0.950000