680 450
A 375 5 70 38
B 375 54 70 40
C 375 105 70 40
D 375 157 70 40
E 375 206 70 35
F 375 252 70 35
G 375 300 70 40
H 375 355 70 40
I 375 400 70 20
J 375 430 70 40
K 375 480 70 40
L 375 530 70 40
M 375 575 70 49
N 285 4 70 40
O 285 55 70 40
P 285 105 70 40
Q 285 157 70 44
R 285 210 70 40
S 285 260 70 40
T 285 310 70 38
U 285 355 70 40
V 285 407 70 40
W 285 458 70 48
X 285 520 70 40
Y 285 575 70 40
Z 285 620 70 40
1 195 3 70 25
2 195 35 70 40
3 195 88 70 40
4 195 135 70 40
5 195 188 70 40
6 195 237 70 40
7 195 288 70 40
8 195 339 70 40
9 195 390 70 40
0 195 441 70 40
! 90 4 80 22
@ 90 35 80 45
# 90 93 80 50
$ 90 152 80 40
% 90 201 80 57
^ 90 268 80 35
& 90 318 80 45
* 90 370 80 40
( 90 420 80 31
) 90 457 80 31
- 90 498 80 35
_ 90 535 80 41
+ 90 582 80 40
= 90 635 80 40
[ 0 5 80 27
{ 0 40 80 35
] 0 85 80 27
} 0 122 80 35
\ 0 165 80 40
| 0 216 80 22
; 0 248 80 21
: 0 281 80 18
' 0 310 80 17
" 0 340 80 25
, 0 382 80 15
< 0 410 80 29
. 0 456 80 15
> 0 486 80 29
/ 0 527 80 40
? 0 579 80 30
  0 620 80 28