TILE
88
85
FIELD_GRASS
0
GRASS_SPROUT
525.231689
507.833710
30.000000
1.250000
GRASS_SPROUT
525.645569
508.747284
315.000000
1.200000
GRASS_SPROUT
530.665161
507.041046
15.000000
0.850000
GRASS_SPROUT
525.234009
511.387726
345.000000
1.250000
GRASS_SPROUT
525.465088
512.286926
285.000000
1.000000
GRASS_SPROUT
530.581299
511.569153
0.000000
0.800000
GRASS_SPROUT
529.592651
510.990784
240.000000
1.250000
GRASS_SPROUT
528.899780
510.144257
150.000000
1.050000
GRASS_SPROUT
528.432068
509.179565
285.000000
1.100000
GRASS_SPROUT
527.702332
508.705872
45.000000
0.800000
GRASS_SPROUT
527.290894
510.514526
75.000000
1.150000
GRASS_SPROUT
527.082092
511.522919
255.000000
1.100000
GRASS_SPROUT
526.379639
511.916809
120.000000
0.850000
GRASS_SPROUT
526.112488
511.135101
45.000000
0.800000
GRASS_SPROUT
526.064697
510.305634
180.000000
1.050000
GRASS_SPROUT
526.927124
509.552582
0.000000
1.050000
GRASS_SPROUT
528.017639
511.397095
120.000000
1.200000
GRASS_SPROUT
528.559326
512.765564
285.000000
0.850000
GRASS_SPROUT
527.647156
512.889526
210.000000
0.800000
GRASS_SPROUT
526.730225
512.994690
120.000000
1.150000
GRASS_SPROUT
529.618347
512.284302
105.000000
0.800000
GRASS_SPROUT
527.558228
507.743927
60.000000
1.100000
GRASS_SPROUT
528.678650
508.277161
60.000000
1.000000
GRASS_SPROUT
529.515503
509.031158
285.000000
1.200000
GRASS_SPROUT
530.244507
509.399445
30.000000
0.750000
GRASS_SPROUT
530.971436
509.863007
15.000000
1.000000
GRASS_SPROUT
529.873108
507.721375
15.000000
1.100000
GRASS_SPROUT
530.571838
508.615112
15.000000
0.950000
GRASS_SPROUT
526.148865
507.581329
330.000000
1.000000
GRASS_SPROUT
529.780884
510.017883
330.000000
0.950000
GRASS_SPROUT
530.866089
510.597687
60.000000
0.750000