TILE
88
84
FIELD_GRASS
0
GRASS_SPROUT
529.645874
501.321259
300.000000
1.150000
GRASS_SPROUT
528.548279
501.914124
90.000000
0.850000
GRASS_SPROUT
527.914856
502.425842
315.000000
1.050000
GRASS_SPROUT
527.555542
501.764313
165.000000
0.750000
GRASS_SPROUT
526.512573
501.420990
30.000000
0.950000
GRASS_SPROUT
525.768066
501.914948
30.000000
0.850000
GRASS_SPROUT
525.180908
502.354767
75.000000
0.750000
GRASS_SPROUT
525.209656
502.982452
0.000000
0.800000
GRASS_SPROUT
525.220764
503.712555
135.000000
0.800000
GRASS_SPROUT
525.231689
504.751068
15.000000
0.950000
GRASS_SPROUT
525.231689
505.944794
90.000000
1.150000
GRASS_SPROUT
525.231689
506.857452
180.000000
0.750000
GRASS_SPROUT
526.194336
503.298859
135.000000
1.200000
GRASS_SPROUT
526.959045
502.495422
195.000000
0.800000
GRASS_SPROUT
528.336792
501.084106
315.000000
1.050000
GRASS_SPROUT
528.855652
502.675934
300.000000
1.050000
GRASS_SPROUT
529.131958
503.965424
315.000000
1.250000
GRASS_SPROUT
530.084106
503.863373
285.000000
0.950000
GRASS_SPROUT
529.934082
503.011261
210.000000
0.850000
GRASS_SPROUT
530.559265
502.015472
135.000000
0.800000
GRASS_SPROUT
530.665161
506.251190
135.000000
0.750000
GRASS_SPROUT
530.863220
504.544434
15.000000
0.800000
GRASS_SPROUT
527.164734
506.896271
60.000000
0.950000
GRASS_SPROUT
526.885193
506.210205
180.000000
0.750000
GRASS_SPROUT
526.807068
505.260010
165.000000
0.800000
GRASS_SPROUT
526.699707
504.509857
240.000000
0.750000
GRASS_SPROUT
525.994690
505.390594
45.000000
1.050000
GRASS_SPROUT
526.046326
506.426300
135.000000
0.950000
GRASS_SPROUT
528.151306
506.721436
180.000000
0.950000
GRASS_SPROUT
529.114319
506.721436
150.000000
0.900000
GRASS_SPROUT
529.877136
506.721436
150.000000
0.750000
GRASS_SPROUT
527.969727
504.168274
45.000000
1.150000
GRASS_SPROUT
527.786438
504.999817
165.000000
0.950000
GRASS_SPROUT
528.467163
505.552765
0.000000
1.200000
GRASS_SPROUT
529.602661
505.464539
150.000000
1.250000
GRASS_SPROUT
525.744446
504.266968
300.000000
0.800000
GRASS_SPROUT
527.062561
503.734253
75.000000
1.050000