TILE
82
81
FIELD_GRASS
0
PINE TREE 2
490.786987
487.126678
270.000000
1.150000
GRASS_SPROUT
491.993011
483.021362
120.000000
0.900000
GRASS_SPROUT
492.949615
483.194031
105.000000
1.100000
GRASS_SPROUT
493.857605
483.364563
45.000000
1.000000
GRASS_SPROUT
493.663147
487.963074
90.000000
0.750000
GRASS_SPROUT
493.327362
487.175659
60.000000
0.900000
GRASS_SPROUT
492.487885
486.355103
165.000000
0.950000
GRASS_SPROUT
489.307404
488.262939
300.000000
1.100000
GRASS_SPROUT
489.031311
485.249786
15.000000
0.900000
GRASS_SPROUT
489.448639
486.441864
315.000000
1.000000
GRASS_SPROUT
489.989563
485.045349
225.000000
1.100000
GRASS_SPROUT
490.669861
484.459320
0.000000
0.850000
GRASS_SPROUT
490.935455
488.564270
210.000000
0.950000
GRASS_SPROUT
491.978912
488.888184
45.000000
0.850000
GRASS_SPROUT
492.465668
488.274353
285.000000
0.850000
GRASS_SPROUT
492.875427
488.952484
315.000000
1.100000
GRASS_SPROUT
492.025513
485.217560
240.000000
1.250000
GRASS_SPROUT
491.928009
484.253052
300.000000
1.150000
GRASS_SPROUT
490.568665
483.565613
315.000000
1.000000
GRASS_SPROUT
489.833710
483.986145
150.000000
1.100000
GRASS_SPROUT
493.406555
485.400818
0.000000
1.050000
GRASS_SPROUT
494.033813
485.828522
315.000000
0.750000
GRASS_SPROUT
494.745361
486.284088
60.000000
0.900000
GRASS_SPROUT
493.465759
484.176697
300.000000
1.150000
GRASS_SPROUT
494.295837
484.779205
180.000000
0.850000
GRASS_SPROUT
494.422455
487.415863
75.000000
0.900000
GRASS_SPROUT
494.557037
483.889984
150.000000
1.150000