TILE
89
84
FIELD_GRASS
0
GRASS_SPROUT
532.747986
506.533936
255.000000
0.750000
GRASS_SPROUT
532.731201
505.762726
30.000000
0.800000
GRASS_SPROUT
532.802795
504.892761
75.000000
0.750000
GRASS_SPROUT
533.100525
504.036804
90.000000
0.750000
GRASS_SPROUT
533.545471
503.266632
0.000000
1.150000
GRASS_SPROUT
534.402832
502.252777
165.000000
1.000000
GRASS_SPROUT
535.612366
501.103180
315.000000
1.100000
GRASS_SPROUT
535.254395
502.174866
150.000000
0.750000
GRASS_SPROUT
536.051147
501.861420
315.000000
0.850000
GRASS_SPROUT
532.384766
501.081329
75.000000
1.250000
GRASS_SPROUT
532.918701
502.606812
330.000000
1.100000
GRASS_SPROUT
533.693848
501.344879
315.000000
1.000000
GRASS_SPROUT
531.601257
502.732208
240.000000
1.050000
GRASS_SPROUT
531.034851
503.381927
150.000000
0.800000
GRASS_SPROUT
531.370728
501.762451
90.000000
1.000000
GRASS_SPROUT
531.103149
505.473022
195.000000
0.800000
GRASS_SPROUT
531.468567
506.743988
345.000000
1.250000
GRASS_SPROUT
532.059753
505.274567
90.000000
0.950000
GRASS_SPROUT
531.563538
504.042725
240.000000
1.250000