TILE
80
83
FIELD_GRASS
0
PINE TREE 2
481.084015
495.671631
30.000000
0.900000
GRASS_SPROUT
482.216858
500.921509
30.000000
0.900000
GRASS_SPROUT
480.909424
500.488739
225.000000
1.150000
GRASS_SPROUT
479.859070
499.827637
270.000000
1.200000
GRASS_SPROUT
479.072235
499.054535
75.000000
0.850000
GRASS_SPROUT
478.468292
498.273041
15.000000
1.000000
GRASS_SPROUT
477.720551
497.227783
60.000000
1.000000
GRASS_SPROUT
477.347839
496.377258
135.000000
0.800000
GRASS_SPROUT
477.329651
495.619934
60.000000
0.950000
GRASS_SPROUT
480.000061
495.486359
240.000000
0.850000
GRASS_SPROUT
479.064331
496.143707
285.000000
1.000000
GRASS_SPROUT
478.892731
497.183380
285.000000
1.050000
GRASS_SPROUT
479.786682
496.753693
60.000000
1.100000
GRASS_SPROUT
480.598846
497.634277
240.000000
1.250000
GRASS_SPROUT
481.493744
498.272156
45.000000
0.750000
GRASS_SPROUT
482.136841
498.514374
90.000000
0.800000
GRASS_SPROUT
482.866089
498.925110
30.000000
1.200000
GRASS_SPROUT
482.992035
499.777924
300.000000
0.900000
GRASS_SPROUT
482.233276
500.049744
135.000000
0.850000
GRASS_SPROUT
480.515411
499.143768
180.000000
1.150000
GRASS_SPROUT
481.742249
499.179840
60.000000
1.050000
GRASS_SPROUT
482.890503
497.767059
270.000000
1.100000
GRASS_SPROUT
482.110138
497.519897
75.000000
0.750000
GRASS_SPROUT
482.659210
496.473145
15.000000
0.950000
GRASS_SPROUT
481.438477
497.123840
225.000000
1.100000