TILE
83
89
FIELD_GRASS
0
PINE TREE 2
497.303650
534.542480
210.000000
1.250000
GRASS_SPROUT
497.288147
536.128967
345.000000
0.900000
GRASS_SPROUT
495.520233
533.814636
240.000000
1.150000
GRASS_SPROUT
495.666290
532.720032
315.000000
0.800000
GRASS_SPROUT
495.665466
535.961304
105.000000
1.150000
GRASS_SPROUT
496.475403
536.579895
315.000000
1.200000
GRASS_SPROUT
495.302216
532.032104
195.000000
0.950000
GRASS_SPROUT
496.023529
531.586060
105.000000
1.150000
GRASS_SPROUT
497.384888
532.502319
30.000000
1.200000
GRASS_SPROUT
498.591705
533.286621
180.000000
0.850000
GRASS_SPROUT
499.277039
533.818787
45.000000
0.950000
GRASS_SPROUT
498.913422
534.494690
285.000000
0.750000
GRASS_SPROUT
496.609192
533.177429
105.000000
1.050000
GRASS_SPROUT
500.086060
531.709167
15.000000
0.800000
GRASS_SPROUT
500.484863
532.425110
345.000000
1.100000
GRASS_SPROUT
500.359192
533.679016
255.000000
0.750000
GRASS_SPROUT
498.635681
531.790649
330.000000
1.200000
GRASS_SPROUT
500.522736
534.625549
255.000000
1.000000
GRASS_SPROUT
498.179291
535.830933
255.000000
1.250000
GRASS_SPROUT
498.855377
536.487061
90.000000
0.900000
GRASS_SPROUT
499.745422
535.942444
120.000000
1.050000
GRASS_SPROUT
500.599152
536.322693
120.000000
1.150000