TILE
88
83
FIELD_GRASS
0
GRASS_SPROUT
527.546814
498.197998
105.000000
1.000000
GRASS_SPROUT
526.746460
497.916504
30.000000
1.100000
GRASS_SPROUT
526.054749
496.810394
135.000000
0.750000
GRASS_SPROUT
525.746399
495.825104
105.000000
0.850000
GRASS_SPROUT
530.494446
500.397583
45.000000
0.750000
GRASS_SPROUT
529.504272
500.353394
90.000000
1.250000
GRASS_SPROUT
528.545532
500.175262
300.000000
0.900000
GRASS_SPROUT
527.766418
499.766083
150.000000
1.050000
GRASS_SPROUT
529.044067
499.417145
135.000000
1.150000
GRASS_SPROUT
530.112427
499.182739
180.000000
1.100000
GRASS_SPROUT
530.979187
498.863647
165.000000
1.050000
GRASS_SPROUT
528.470154
498.701233
285.000000
0.800000
GRASS_SPROUT
526.812256
500.581604
90.000000
1.000000
GRASS_SPROUT
526.281067
499.775238
120.000000
1.100000
GRASS_SPROUT
525.339539
499.731628
330.000000
1.200000
GRASS_SPROUT
525.262268
500.827087
15.000000
1.200000
GRASS_SPROUT
525.567993
497.710663
105.000000
1.150000