TILE
82
83
FIELD_GRASS
0
PINE TREE 2
490.975739
498.385132
45.000000
1.050000
GRASS_SPROUT
492.465210
499.465729
0.000000
1.200000
GRASS_SPROUT
491.036163
500.522858
225.000000
0.800000
GRASS_SPROUT
490.130157
500.823212
30.000000
1.150000
GRASS_SPROUT
494.786774
498.070129
180.000000
1.100000
GRASS_SPROUT
493.836609
498.669373
45.000000
1.050000
GRASS_SPROUT
491.780090
500.110107
315.000000
0.750000
GRASS_SPROUT
489.224548
499.948517
75.000000
1.050000
GRASS_SPROUT
489.527344
499.042145
240.000000
1.150000
GRASS_SPROUT
492.137848
497.896301
150.000000
0.750000
GRASS_SPROUT
493.008636
497.397247
255.000000
1.100000
GRASS_SPROUT
489.740845
497.063904
135.000000
0.800000
GRASS_SPROUT
490.426666
496.920563
135.000000
0.950000
GRASS_SPROUT
491.173126
496.707977
75.000000
0.900000
GRASS_SPROUT
489.324493
497.851685
300.000000
1.200000
GRASS_SPROUT
490.540436
499.556641
75.000000
1.000000
GRASS_SPROUT
491.355316
499.544159
195.000000
0.750000
GRASS_SPROUT
492.886688
498.411438
15.000000
1.150000
GRASS_SPROUT
494.750244
496.629883
105.000000
0.850000
GRASS_SPROUT
493.826477
496.913544
315.000000
0.900000
GRASS_SPROUT
494.139038
496.065399
30.000000
1.200000
GRASS_SPROUT
492.713715
495.996124
75.000000
0.750000
GRASS_SPROUT
491.902435
496.099915
315.000000
0.900000
GRASS_SPROUT
490.946106
495.926453
285.000000
1.000000
GRASS_SPROUT
491.878632
495.096375
75.000000
0.750000
GRASS_SPROUT
489.248840
495.608063
255.000000
0.850000
GRASS_SPROUT
493.048340
495.023193
300.000000
0.850000
GRASS_SPROUT
492.164886
497.014160
90.000000
1.000000
GRASS_SPROUT
490.244690
495.173950
120.000000
0.950000
GRASS_SPROUT
490.000214
496.022461
225.000000
1.250000
GRASS_SPROUT
494.647766
499.332550
345.000000
1.200000
GRASS_SPROUT
493.775177
499.445709
345.000000
0.850000
GRASS_SPROUT
493.167908
499.812958
345.000000
0.750000