TILE
36
23
FIELD_GRASS
0
GRASS_SPROUT
217.184097
140.814728
315.000000
1.000000
GRASS_SPROUT
216.794312
140.044952
15.000000
0.950000
GRASS_SPROUT
216.340591
139.128616
345.000000
1.200000
GRASS_SPROUT
216.068268
138.098145
315.000000
1.000000
GRASS_SPROUT
215.828552
137.234406
330.000000
1.000000
GRASS_SPROUT
215.894318
136.508804
165.000000
0.750000
GRASS_SPROUT
216.329498
135.878998
75.000000
1.050000
GRASS_SPROUT
217.059601
135.091064
150.000000
1.100000
GRASS_SPROUT
218.691528
135.590240
285.000000
0.750000
GRASS_SPROUT
218.416519
136.502991
45.000000
0.850000
GRASS_SPROUT
218.124283
137.357605
195.000000
1.250000
GRASS_SPROUT
217.813782
138.229935
60.000000
1.050000
GRASS_SPROUT
217.010666
137.764832
165.000000
0.950000
GRASS_SPROUT
217.607864
135.887314
210.000000
0.950000
GRASS_SPROUT
216.695877
136.702118
135.000000
0.950000
GRASS_SPROUT
218.604309
139.819809
195.000000
1.000000
GRASS_SPROUT
218.564774
138.820709
15.000000
1.100000
GRASS_SPROUT
218.879608
140.751663
240.000000
0.850000
GRASS_SPROUT
217.340378
139.240921
345.000000
1.200000