TILE
4
29
FIELD_GRASS
0
GRASS_SPROUT
25.206051
176.274200
150.000000
1.000000
GRASS_SPROUT
25.846558
175.199631
180.000000
1.150000
GRASS_SPROUT
26.423004
174.327393
225.000000
0.950000
GRASS_SPROUT
26.933067
173.522705
315.000000
0.850000
GRASS_SPROUT
25.996435
176.063858
225.000000
0.850000
GRASS_SPROUT
26.375053
176.804428
165.000000
0.900000
GRASS_SPROUT
26.789539
176.078217
15.000000
0.950000
GRASS_SPROUT
22.171432
171.254990
180.000000
1.150000
GRASS_SPROUT
21.380020
171.739380
300.000000
0.900000