TILE
62
7
FIELD_GRASS
0
GRASS_SPROUT
369.276367
40.472969
240.000000
0.850000
GRASS_SPROUT
370.242218
40.684124
150.000000
0.950000
GRASS_SPROUT
371.202393
40.835548
195.000000
1.100000
GRASS_SPROUT
372.221191
40.949741
90.000000
0.850000
GRASS_SPROUT
373.222504
41.029968
180.000000
1.250000
GRASS_SPROUT
374.162811
41.083565
210.000000
0.750000
GRASS_SPROUT
369.884186
39.341358
285.000000
0.850000
GRASS_SPROUT
369.226105
39.526928
270.000000
0.850000
GRASS_SPROUT
370.866760
39.278851
30.000000
0.850000
GRASS_SPROUT
371.954010
39.152836
210.000000
1.250000
GRASS_SPROUT
374.212799
39.793327
240.000000
0.900000
GRASS_SPROUT
373.445709
39.936584
135.000000
0.800000
GRASS_SPROUT
372.293488
40.115280
30.000000
1.200000
GRASS_SPROUT
369.545380
43.338966
150.000000
0.750000
GRASS_SPROUT
370.329407
42.865864
315.000000
0.750000
GRASS_SPROUT
371.046326
42.542221
195.000000
0.850000
GRASS_SPROUT
371.765137
42.211746
30.000000
0.900000
GRASS_SPROUT
372.545349
41.874214
30.000000
1.050000
GRASS_SPROUT
369.908905
41.804222
195.000000
1.050000