TILE
60
6
FIELD_GRASS
0
PINE TREE 1
362.237640
38.308529
60.000000
1.150000
PINE TREE 1
361.228577
36.804523
30.000000
1.250000
PINE TREE 1
360.006622
35.311123
225.000000
1.050000
PINE TREE 1
358.736053
33.909664
285.000000
1.250000
PINE TREE 1
357.443573
36.713570
0.000000
0.800000
PINE TREE 1
358.531952
37.715065
60.000000
1.150000
PINE TREE 1
357.011322
34.072830
75.000000
1.000000
PINE TREE 1
359.673126
36.854362
90.000000
0.750000
PINE TREE 1
358.454681
35.716000
225.000000
1.150000
GRASS_SPROUT
361.709656
33.752647
60.000000
0.850000
GRASS_SPROUT
360.937195
34.543053
315.000000
1.150000
GRASS_SPROUT
360.827179
33.668442
60.000000
1.050000
GRASS_SPROUT
361.434387
35.380787
45.000000
1.250000
GRASS_SPROUT
362.500610
33.375774
240.000000
0.850000
GRASS_SPROUT
360.953644
38.992943
180.000000
0.900000
GRASS_SPROUT
361.130524
38.060818
150.000000
0.800000
GRASS_SPROUT
360.214142
37.727989
30.000000
1.200000