TILE
68
4
FIELD_GRASS
0
PINE TREE 1
409.945251
21.997158
165.000000
1.250000
PINE TREE 1
407.368683
22.298868
300.000000
1.050000
PINE TREE 1
407.368591
23.651850
165.000000
0.800000
PINE TREE 1
407.368591
25.011683
135.000000
1.100000
PINE TREE 1
407.405579
26.825838
150.000000
1.250000
PINE TREE 1
409.806488
26.139725
45.000000
0.850000
PINE TREE 1
409.807129
24.557171
75.000000
0.800000
PINE TREE 1
408.845612
23.122879
90.000000
0.900000
PINE TREE 1
405.111603
26.102695
15.000000
1.050000
PINE TREE 1
405.805756
21.808773
45.000000
1.000000
GRASS_SPROUT
408.492798
21.056934
255.000000
1.150000
GRASS_SPROUT
408.652710
24.372629
45.000000
1.100000
GRASS_SPROUT
406.095215
26.728809
90.000000
0.800000