TILE
66
3
FIELD_GRASS
0
GRASS_SPROUT
394.855011
15.376064
75.000000
0.850000
GRASS_SPROUT
394.166962
15.967581
30.000000
1.250000
GRASS_SPROUT
398.459076
16.673271
240.000000
1.150000
GRASS_SPROUT
398.224060
17.656033
15.000000
0.800000
GRASS_SPROUT
398.226501
18.393393
345.000000
0.950000
GRASS_SPROUT
394.742126
17.528728
315.000000
0.950000
GRASS_SPROUT
397.138641
16.136337
90.000000
0.800000
GRASS_SPROUT
398.274384
15.434352
345.000000
0.800000
GRASS_SPROUT
394.893829
18.283657
330.000000
0.900000
GRASS_SPROUT
393.289520
16.606026
240.000000
1.150000
GRASS_SPROUT
393.411682
20.955318
315.000000
0.850000
GRASS_SPROUT
394.361877
20.243353
90.000000
0.800000
GRASS_SPROUT
395.008789
19.802221
165.000000
1.050000
GRASS_SPROUT
395.976654
19.344889
105.000000
1.200000
GRASS_SPROUT
396.118591
20.539705
105.000000
1.250000
GRASS_SPROUT
397.099274
18.025797
240.000000
0.950000
GRASS_SPROUT
393.151733
19.416338
0.000000
1.100000
GRASS_SPROUT
393.973297
18.683214
75.000000
1.250000
GRASS_SPROUT
393.959961
17.704796
210.000000
1.050000
GRASS_SPROUT
395.533661
16.867451
30.000000
0.950000
GRASS_SPROUT
396.148346
15.556719
75.000000
1.050000
GRASS_SPROUT
396.974609
19.018311
195.000000
1.150000
GRASS_SPROUT
397.112518
17.208542
90.000000
0.850000
GRASS_SPROUT
396.268463
17.458927
270.000000
1.250000
GRASS_SPROUT
396.908081
19.911339
285.000000
1.050000