TILE
65
5
FIELD_GRASS
0
PINE TREE 1
389.815430
32.494820
165.000000
1.000000
PINE TREE 1
390.741882
31.376415
15.000000
0.750000
PINE TREE 1
391.700775
30.303638
210.000000
0.800000
PINE TREE 1
392.705566
29.227459
120.000000
1.050000
PINE TREE 1
392.211334
31.908943
225.000000
0.800000
GRASS_SPROUT
387.206848
30.073650
195.000000
1.100000
GRASS_SPROUT
387.580536
29.149612
315.000000
0.750000
GRASS_SPROUT
387.766754
28.537176
45.000000
0.850000
GRASS_SPROUT
388.049072
27.915842
165.000000
0.800000
GRASS_SPROUT
388.423889
27.253971
270.000000
0.750000
GRASS_SPROUT
390.677887
29.935217
105.000000
0.750000
GRASS_SPROUT
389.698944
30.349726
60.000000
1.150000
GRASS_SPROUT
388.716888
30.646982
240.000000
0.900000
GRASS_SPROUT
387.954529
30.860151
90.000000
1.050000
GRASS_SPROUT
387.372742
27.235397
330.000000
0.900000
GRASS_SPROUT
387.145966
27.993979
75.000000
0.900000
GRASS_SPROUT
390.354034
27.274544
60.000000
0.750000
GRASS_SPROUT
389.780151
27.991417
0.000000
1.250000
GRASS_SPROUT
388.841919
28.964914
0.000000
0.750000
GRASS_SPROUT
388.339355
29.654589
300.000000
1.100000
GRASS_SPROUT
391.288483
27.866432
120.000000
1.100000
GRASS_SPROUT
390.623840
28.706568
15.000000
1.100000
GRASS_SPROUT
392.684265
27.356724
165.000000
1.000000
GRASS_SPROUT
392.159637
28.123232
90.000000
1.050000
GRASS_SPROUT
388.611450
32.676582
135.000000
0.950000
GRASS_SPROUT
388.287811
31.872746
165.000000
1.050000