TILE
7
35
FIELD_GRASS
0
GRASS_SPROUT
44.347073
208.230606
30.000000
0.850000
GRASS_SPROUT
43.697300
208.649048
300.000000
0.750000
GRASS_SPROUT
43.093708
209.276566
180.000000
0.950000
GRASS_SPROUT
42.295044
209.919144
15.000000
1.250000
GRASS_SPROUT
41.463154
210.731491
30.000000
1.250000
GRASS_SPROUT
40.748203
211.497086
225.000000
0.850000
GRASS_SPROUT
40.001038
212.149384
300.000000
1.050000
GRASS_SPROUT
39.412113
212.668335
270.000000
0.750000
GRASS_SPROUT
43.144077
210.532944
60.000000
1.150000
GRASS_SPROUT
42.297340
211.754730
240.000000
1.200000
GRASS_SPROUT
41.221195
212.497742
330.000000
0.900000
GRASS_SPROUT
44.147068
210.532944
60.000000
0.950000
GRASS_SPROUT
44.977558
210.168015
345.000000
1.100000
GRASS_SPROUT
44.512234
211.388199
240.000000
1.250000
GRASS_SPROUT
42.952316
212.743347
195.000000
0.850000
GRASS_SPROUT
43.532993
211.556259
315.000000
0.900000
GRASS_SPROUT
44.454544
209.345062
180.000000
1.200000
GRASS_SPROUT
43.889771
212.506577
285.000000
1.150000