TILE
8
37
FIELD_GRASS
0
PINE TREE 1
50.451355
220.948914
315.000000
1.200000
PINE TREE 1
50.251900
222.624329
60.000000
1.150000
PINE TREE 1
49.004429
223.711624
315.000000
0.900000
PINE TREE 1
48.464214
219.899948
150.000000
1.050000
GRASS_SPROUT
46.203869
224.748795
75.000000
0.900000
GRASS_SPROUT
47.263180
224.138748
90.000000
1.050000
GRASS_SPROUT
48.085548
224.960327
270.000000
1.000000
GRASS_SPROUT
45.030190
219.799088
0.000000
1.250000
GRASS_SPROUT
46.075714
220.851746
60.000000
0.900000
GRASS_SPROUT
46.321953
220.081223
345.000000
1.000000
GRASS_SPROUT
47.109009
219.987778
0.000000
0.950000
GRASS_SPROUT
47.416122
221.157227
210.000000
1.250000
GRASS_SPROUT
46.615818
222.551361
135.000000
1.100000
GRASS_SPROUT
45.953182
223.048203
300.000000
0.850000
GRASS_SPROUT
45.369949
221.540359
75.000000
1.050000
GRASS_SPROUT
46.036720
219.168533
45.000000
0.950000
GRASS_SPROUT
46.378452
223.706116
30.000000
1.100000
GRASS_SPROUT
45.213936
224.195206
75.000000
1.200000
GRASS_SPROUT
48.223930
221.582291
240.000000
0.750000
GRASS_SPROUT
48.922497
221.243286
255.000000
1.100000
GRASS_SPROUT
47.951279
222.590256
345.000000
1.100000
GRASS_SPROUT
49.557331
220.127716
240.000000
0.900000
GRASS_SPROUT
46.928734
224.880173
255.000000
0.800000
GRASS_SPROUT
49.039848
224.956940
345.000000
1.050000
GRASS_SPROUT
49.879795
224.725281
210.000000
0.950000
GRASS_SPROUT
50.735832
224.449783
15.000000
0.900000