TILE
38
16
FIELD_DIRT
16
GRASS_SPROUT
226.062317
98.415092
285.000000
1.050000
GRASS_SPROUT
226.062317
97.649529
285.000000
0.850000
GRASS_SPROUT
226.062317
96.742043
285.000000
1.150000
GRASS_SPROUT
226.062332
95.731850
285.000000
1.000000
GRASS_SPROUT
226.062317
94.980667
285.000000
0.850000
GRASS_SPROUT
226.062317
94.096832
285.000000
0.850000
GRASS_SPROUT
226.062317
93.415199
285.000000
0.750000
GRASS_SPROUT
227.209381
94.041557
285.000000
1.150000
GRASS_SPROUT
228.119476
94.041557
285.000000
1.050000
GRASS_SPROUT
229.136505
94.041557
285.000000
1.200000
GRASS_SPROUT
230.372818
94.041557
285.000000
1.200000
GRASS_SPROUT
230.216721
97.915802
285.000000
1.050000
GRASS_SPROUT
229.215393
97.915802
285.000000
1.250000
GRASS_SPROUT
228.360474
97.915802
285.000000
0.850000
GRASS_SPROUT
230.160233
98.901367
285.000000
1.000000
GRASS_SPROUT
227.415695
98.336899
285.000000
0.800000
GRASS_SPROUT
227.309280
97.654205
285.000000
0.900000
GRASS_SPROUT
227.153214
96.875923
285.000000
0.950000
GRASS_SPROUT
227.035645
96.154526
285.000000
0.850000
GRASS_SPROUT
227.643402
95.638939
285.000000
1.100000
GRASS_SPROUT
228.243469
96.401237
285.000000
0.950000
GRASS_SPROUT
228.975037
96.918007
285.000000
1.200000
GRASS_SPROUT
228.974487
96.039726
285.000000
0.750000
GRASS_SPROUT
228.941254
95.268761
285.000000
1.150000
GRASS_SPROUT
229.810638
94.921593
285.000000
1.000000
GRASS_SPROUT
230.926025
96.377953
285.000000
0.950000
GRASS_SPROUT
229.787704
96.188957
285.000000
1.250000
GRASS_SPROUT
230.780655
97.213364
285.000000
0.900000