TILE
21
65
FIELD_GRASS
0
PINE TREE 1
128.603989
392.885284
300.000000
1.150000
PINE TREE 1
126.271057
392.678223
330.000000
1.250000
PINE TREE 1
123.919212
392.510284
150.000000
0.950000
PINE TREE 1
128.574005
391.157562
285.000000
1.100000
PINE TREE 1
128.410522
389.397003
180.000000
1.250000
PINE TREE 1
128.783371
387.075684
150.000000
1.100000
PINE TREE 1
127.343117
387.700775
45.000000
0.750000
PINE TREE 1
125.824234
388.515991
165.000000
0.800000
PINE TREE 1
124.433418
389.424500
60.000000
0.900000
PINE TREE 1
124.881310
391.289825
0.000000
1.000000
PINE TREE 1
126.380257
391.090332
240.000000
0.900000
PINE TREE 1
125.922569
389.833191
285.000000
0.950000
PINE TREE 1
125.043884
387.361511
255.000000
0.800000
PINE TREE 1
123.226089
388.726440
75.000000
0.900000
GRASS_SPROUT
127.481087
392.081421
330.000000
1.150000
GRASS_SPROUT
123.685814
391.365082
120.000000
1.100000
GRASS_SPROUT
123.990265
387.898346
90.000000
1.050000