TILE
28
64
FIELD_GRASS
0
GRASS_SPROUT
167.240753
386.671631
150.000000
1.200000
GRASS_SPROUT
168.127853
386.192780
135.000000
0.850000
GRASS_SPROUT
168.766220
385.752808
30.000000
1.050000
GRASS_SPROUT
169.418594
385.170441
45.000000
0.850000
GRASS_SPROUT
169.992447
384.458496
45.000000
1.100000
GRASS_SPROUT
170.608871
383.667053
45.000000
0.850000
GRASS_SPROUT
170.974976
383.048340
30.000000
0.850000
GRASS_SPROUT
170.196838
386.444977
165.000000
0.950000
GRASS_SPROUT
170.952469
385.833282
120.000000
1.200000
GRASS_SPROUT
168.937805
386.544037
285.000000
0.850000