TILE
25
68
FIELD_GRASS
0
GRASS_SPROUT
152.423935
408.391174
90.000000
1.150000
GRASS_SPROUT
151.632034
409.013092
15.000000
0.750000
GRASS_SPROUT
150.974503
409.572906
150.000000
0.950000
GRASS_SPROUT
150.251984
410.107849
345.000000
1.200000
GRASS_SPROUT
149.280029
410.560455
180.000000
1.100000
GRASS_SPROUT
148.361847
410.881439
255.000000
1.050000
GRASS_SPROUT
151.984222
410.232086
135.000000
1.000000
GRASS_SPROUT
152.948685
410.016602
345.000000
1.050000
GRASS_SPROUT
151.104828
410.815552
315.000000
1.200000