TILE
28
66
FIELD_GRASS
0
GRASS_SPROUT
167.411880
393.104797
165.000000
0.750000
GRASS_SPROUT
169.543472
394.133118
345.000000
1.200000
GRASS_SPROUT
170.278183
394.910583
150.000000
1.100000
GRASS_SPROUT
170.878204
395.506592
270.000000
1.000000
GRASS_SPROUT
168.978958
395.194336
135.000000
0.750000
GRASS_SPROUT
166.323944
394.582611
285.000000
1.250000
GRASS_SPROUT
167.011719
393.901489
345.000000
1.050000
GRASS_SPROUT
167.851364
394.321899
90.000000
1.100000
GRASS_SPROUT
167.570694
395.252808
330.000000
1.200000
GRASS_SPROUT
165.985916
395.897003
60.000000
1.100000
GRASS_SPROUT
166.049591
398.306854
135.000000
0.950000
GRASS_SPROUT
166.545807
398.937561
60.000000
0.750000
GRASS_SPROUT
169.599960
395.645569
240.000000
1.100000
GRASS_SPROUT
169.884125
396.725647
75.000000
0.950000
GRASS_SPROUT
169.302963
397.729645
0.000000
1.100000
GRASS_SPROUT
165.012589
398.546906
270.000000
1.050000
GRASS_SPROUT
168.016586
397.729645
150.000000
1.250000
GRASS_SPROUT
167.943512
398.821594
135.000000
1.050000
GRASS_SPROUT
168.469879
396.145905
180.000000
1.150000
GRASS_SPROUT
165.183395
396.312958
75.000000
1.050000
GRASS_SPROUT
169.051376
396.958344
105.000000
0.850000
GRASS_SPROUT
168.927292
398.907196
300.000000
1.100000
GRASS_SPROUT
167.104614
398.463531
255.000000
0.850000
GRASS_SPROUT
166.428162
397.058655
285.000000
0.850000
GRASS_SPROUT
166.682343
395.395721
240.000000
0.900000
GRASS_SPROUT
167.237564
396.041870
90.000000
0.800000
GRASS_SPROUT
170.262405
397.727966
45.000000
0.850000