TILE
21
61
FIELD_GRASS
0
GRASS_SPROUT
123.323448
363.285522
270.000000
1.250000
GRASS_SPROUT
124.268456
363.098816
75.000000
0.800000
GRASS_SPROUT
127.345093
363.173828
75.000000
1.100000
GRASS_SPROUT
128.264038
363.686951
315.000000
0.900000
GRASS_SPROUT
123.124176
367.932434
120.000000
1.200000
GRASS_SPROUT
123.909721
368.372253
150.000000
0.850000
GRASS_SPROUT
124.595886
368.840546
285.000000
1.200000
GRASS_SPROUT
127.660194
368.458588
60.000000
1.250000
GRASS_SPROUT
126.490479
367.616211
180.000000
0.800000
GRASS_SPROUT
125.123283
366.818024
45.000000
1.250000
GRASS_SPROUT
124.073448
366.327362
105.000000
0.750000
GRASS_SPROUT
123.070206
365.922913
30.000000
1.250000
GRASS_SPROUT
123.888794
365.507385
45.000000
1.000000
GRASS_SPROUT
125.736160
367.932434
15.000000
1.050000
GRASS_SPROUT
124.709671
368.021515
135.000000
0.850000
GRASS_SPROUT
124.083916
367.432312
225.000000
0.950000
GRASS_SPROUT
123.470825
366.818024
0.000000
0.750000
GRASS_SPROUT
125.918953
368.798645
240.000000
1.000000
GRASS_SPROUT
126.731842
366.724335
135.000000
1.250000
GRASS_SPROUT
124.038414
364.298981
150.000000
1.200000
GRASS_SPROUT
124.993080
364.920593
315.000000
0.800000
GRASS_SPROUT
125.830170
365.555908
45.000000
1.050000
GRASS_SPROUT
127.840004
367.129333
330.000000
1.250000
GRASS_SPROUT
127.435387
365.647522
45.000000
1.100000
GRASS_SPROUT
126.987976
364.842560
135.000000
1.200000
GRASS_SPROUT
126.248444
364.081726
120.000000
1.150000
GRASS_SPROUT
125.615753
363.614349
60.000000
0.750000
GRASS_SPROUT
128.208725
366.281799
150.000000
0.800000
GRASS_SPROUT
128.679413
367.484589
240.000000
0.950000
GRASS_SPROUT
128.810333
365.631348
15.000000
0.950000
GRASS_SPROUT
128.325302
364.961517
270.000000
1.100000