TILE
27
66
FIELD_GRASS
0
PINE TREE 1
159.062729
393.080261
270.000000
0.900000
GRASS_SPROUT
159.021774
394.549591
240.000000
0.750000
GRASS_SPROUT
160.474365
394.082153
300.000000
1.250000
GRASS_SPROUT
161.474472
393.678833
165.000000
0.900000
GRASS_SPROUT
162.201248
393.274841
135.000000
1.000000
GRASS_SPROUT
164.839966
393.901550
240.000000
0.750000
GRASS_SPROUT
164.043198
393.427155
270.000000
1.000000
GRASS_SPROUT
163.784332
396.596039
135.000000
0.800000
GRASS_SPROUT
161.432709
397.001923
150.000000
1.150000
GRASS_SPROUT
159.808380
397.353485
0.000000
1.250000
GRASS_SPROUT
160.960938
395.397491
300.000000
1.000000
GRASS_SPROUT
162.803955
394.530731
90.000000
0.950000
GRASS_SPROUT
164.108353
394.868164
105.000000
1.000000
GRASS_SPROUT
159.387909
398.327515
285.000000
0.750000
GRASS_SPROUT
159.496826
395.593506
15.000000
0.800000
GRASS_SPROUT
163.062912
395.935150
15.000000
1.050000
GRASS_SPROUT
164.806747
397.171021
45.000000
1.200000
GRASS_SPROUT
161.065079
398.976013
225.000000
0.850000
GRASS_SPROUT
163.396912
398.144440
105.000000
1.250000
GRASS_SPROUT
162.469086
397.645142
30.000000
0.950000
GRASS_SPROUT
162.229355
396.589264
180.000000
1.000000
GRASS_SPROUT
164.856964
395.250458
90.000000
0.900000
GRASS_SPROUT
161.848495
398.266174
255.000000
1.150000