TILE
26
61
FIELD_GRASS
0
PINE TREE 1
153.311020
366.801910
225.000000
1.050000
PINE TREE 1
154.933716
367.094299
225.000000
1.100000
PINE TREE 1
156.616211
367.316864
75.000000
1.000000
PINE TREE 1
153.965775
368.138092
195.000000
0.750000
PINE TREE 1
158.121872
366.646851
345.000000
1.250000
PINE TREE 1
158.480209
368.097687
120.000000
0.850000
GRASS_SPROUT
154.682892
363.242004
45.000000
0.800000
GRASS_SPROUT
154.873749
363.925812
240.000000
0.750000
GRASS_SPROUT
154.972336
364.699615
210.000000
1.050000
GRASS_SPROUT
155.152359
365.397400
60.000000
0.750000
GRASS_SPROUT
153.560089
364.547058
75.000000
1.200000
GRASS_SPROUT
153.977264
363.227051
270.000000
0.900000
GRASS_SPROUT
155.902161
363.469421
120.000000
1.000000
GRASS_SPROUT
156.719986
363.914215
225.000000
1.150000
GRASS_SPROUT
157.521225
364.180176
45.000000
0.950000
GRASS_SPROUT
158.686905
364.472565
300.000000
1.250000
GRASS_SPROUT
156.481140
365.218903
345.000000
1.150000
GRASS_SPROUT
154.280487
365.806335
210.000000
1.150000
GRASS_SPROUT
155.735031
365.748932
210.000000
0.750000
GRASS_SPROUT
156.218719
366.227783
315.000000
0.850000
GRASS_SPROUT
158.834290
365.552246
150.000000
1.000000
GRASS_SPROUT
157.556793
363.056061
135.000000
1.150000
GRASS_SPROUT
158.459122
363.298981
45.000000
0.800000