TILE
67
55
FIELD_GRASS
0
GRASS_SPROUT
399.493469
328.943298
90.000000
0.800000
GRASS_SPROUT
400.257935
328.750275
285.000000
0.850000
GRASS_SPROUT
401.277496
328.505371
315.000000
0.750000
GRASS_SPROUT
402.297394
328.356445
165.000000
1.100000
GRASS_SPROUT
403.317474
328.256348
30.000000
0.950000
GRASS_SPROUT
404.731750
328.054138
195.000000
1.250000
GRASS_SPROUT
404.771667
332.632141
45.000000
1.000000
GRASS_SPROUT
404.045227
332.260345
195.000000
0.850000
GRASS_SPROUT
403.306244
331.838715
165.000000
1.250000
GRASS_SPROUT
402.455597
331.483459
195.000000
0.850000
GRASS_SPROUT
401.641296
331.200470
105.000000
0.850000
GRASS_SPROUT
400.616547
330.994629
195.000000
0.750000
GRASS_SPROUT
399.202728
330.869629
60.000000
1.150000
GRASS_SPROUT
404.279358
330.977631
345.000000
1.250000
GRASS_SPROUT
404.966309
329.836761
330.000000
0.800000
GRASS_SPROUT
404.165131
329.473572
195.000000
0.900000
GRASS_SPROUT
403.140808
329.473572
225.000000
1.250000
GRASS_SPROUT
402.160675
329.473572
255.000000
1.200000
GRASS_SPROUT
400.608124
329.540436
285.000000
1.250000
GRASS_SPROUT
402.191254
330.496307
210.000000
1.250000
GRASS_SPROUT
403.059662
330.611633
30.000000
0.800000
GRASS_SPROUT
399.963623
331.499054
30.000000
1.250000