TILE
63
55
FIELD_GRASS
0
PINE TREE 1
375.177551
332.955078
135.000000
1.000000
PINE TREE 1
376.652161
332.942047
240.000000
0.850000
PINE TREE 1
378.147247
332.934052
300.000000
1.000000
PINE TREE 1
379.644287
332.929138
45.000000
1.000000
PINE TREE 1
376.415009
330.987274
285.000000
0.750000
PINE TREE 1
377.766937
331.212921
45.000000
0.800000
GRASS_SPROUT
378.744781
330.954224
150.000000
0.900000
GRASS_SPROUT
379.469635
330.996948
135.000000
0.750000
GRASS_SPROUT
380.518005
330.944550
90.000000
1.000000
GRASS_SPROUT
377.137207
331.976166
75.000000
1.000000
GRASS_SPROUT
378.381256
331.849457
30.000000
0.800000
GRASS_SPROUT
379.204071
331.849457
90.000000
0.800000
GRASS_SPROUT
379.906494
331.849457
300.000000
0.850000