TILE
65
55
FIELD_GRASS
0
PINE TREE 1
388.551666
331.703766
255.000000
1.200000
PINE TREE 1
390.259827
331.803741
60.000000
1.050000
PINE TREE 1
391.320343
332.840210
30.000000
1.050000
GRASS_SPROUT
392.524841
327.074219
45.000000
1.000000
GRASS_SPROUT
387.792999
329.704620
0.000000
1.000000
GRASS_SPROUT
387.329376
328.693054
345.000000
0.750000
GRASS_SPROUT
388.166107
328.433441
330.000000
0.750000
GRASS_SPROUT
388.944031
328.740692
150.000000
1.250000
GRASS_SPROUT
390.001495
328.740692
15.000000
1.100000
GRASS_SPROUT
390.301971
327.712158
75.000000
1.100000
GRASS_SPROUT
391.191803
327.831146
285.000000
1.050000
GRASS_SPROUT
389.378906
327.948914
90.000000
0.750000
GRASS_SPROUT
392.416809
330.593048
285.000000
0.750000
GRASS_SPROUT
391.626556
330.774780
315.000000
0.850000
GRASS_SPROUT
390.857452
330.346283
255.000000
0.850000
GRASS_SPROUT
390.320435
329.738800
150.000000
1.150000
GRASS_SPROUT
391.603851
330.030396
285.000000
0.750000
GRASS_SPROUT
387.942078
330.531860
255.000000
1.100000
GRASS_SPROUT
389.219910
330.189392
15.000000
1.250000
GRASS_SPROUT
391.703156
329.202484
285.000000
0.750000
GRASS_SPROUT
392.439240
329.738800
60.000000
1.250000
GRASS_SPROUT
392.259338
331.360687
270.000000
1.050000
GRASS_SPROUT
391.761566
328.461548
75.000000
1.000000
GRASS_SPROUT
392.809723
332.073517
225.000000
0.950000