TILE
82
78
FIELD_GRASS
0
GRASS_SPROUT
494.460144
465.702393
210.000000
0.750000
GRASS_SPROUT
493.712769
466.096222
135.000000
1.250000
GRASS_SPROUT
492.609070
466.558105
300.000000
1.100000
GRASS_SPROUT
491.555145
466.934387
135.000000
1.100000
GRASS_SPROUT
490.751801
467.008728
300.000000
0.900000
GRASS_SPROUT
489.962250
466.481903
135.000000
0.950000
GRASS_SPROUT
489.149597
465.939697
345.000000
1.050000
GRASS_SPROUT
489.460632
467.476532
165.000000
0.950000
GRASS_SPROUT
490.195007
467.545074
225.000000
0.800000
GRASS_SPROUT
489.886322
468.991608
330.000000
0.950000
GRASS_SPROUT
490.971313
468.678528
60.000000
0.950000
GRASS_SPROUT
491.913788
468.357452
345.000000
1.100000
GRASS_SPROUT
492.867615
468.065094
345.000000
1.200000
GRASS_SPROUT
493.767975
467.690063
90.000000
0.900000
GRASS_SPROUT
494.659515
467.303955
150.000000
1.150000
GRASS_SPROUT
489.833221
470.064209
120.000000
1.250000
GRASS_SPROUT
491.118317
470.205902
60.000000
0.850000
GRASS_SPROUT
491.865967
469.884827
150.000000
0.750000
GRASS_SPROUT
492.637024
469.481079
255.000000
0.800000
GRASS_SPROUT
493.430420
469.331085
135.000000
1.100000
GRASS_SPROUT
492.441162
470.484589
180.000000
0.900000
GRASS_SPROUT
494.557983
468.554169
195.000000
1.050000
GRASS_SPROUT
493.942688
470.276154
45.000000
0.750000
GRASS_SPROUT
490.285522
468.277832
120.000000
1.000000
GRASS_SPROUT
489.208954
468.344482
270.000000
1.100000