TILE
82
79
FIELD_GRASS
0
PINE TREE 2
492.030457
471.571350
135.000000
0.750000
GRASS_SPROUT
489.623810
473.478577
120.000000
1.250000
GRASS_SPROUT
490.815277
473.628479
255.000000
1.150000
GRASS_SPROUT
491.754639
473.678101
30.000000
0.900000
GRASS_SPROUT
492.751312
473.678101
330.000000
1.250000
GRASS_SPROUT
493.717468
473.478577
15.000000
0.950000
GRASS_SPROUT
494.680389
473.225372
30.000000
0.800000
GRASS_SPROUT
489.425415
471.474365
255.000000
1.200000
GRASS_SPROUT
490.279205
471.913300
0.000000
1.150000
GRASS_SPROUT
490.405090
472.796844
150.000000
0.850000
GRASS_SPROUT
490.766937
471.187561
135.000000
0.850000
GRASS_SPROUT
494.527283
471.252472
150.000000
0.800000
GRASS_SPROUT
493.836884
471.882660
240.000000
1.200000
GRASS_SPROUT
492.890350
472.596710
270.000000
1.150000
GRASS_SPROUT
493.280212
471.023834
15.000000
0.850000
GRASS_SPROUT
491.065247
472.596710
270.000000
0.800000
GRASS_SPROUT
493.042084
471.790222
150.000000
0.750000
GRASS_SPROUT
491.916962
472.596710
45.000000
1.050000
GRASS_SPROUT
494.771454
472.060181
0.000000
0.950000