TILE
92
9
FIELD_GRASS
0
PINE TREE 2
550.047302
54.434464
15.000000
0.900000
GRASS_SPROUT
549.381470
56.440746
60.000000
1.250000
GRASS_SPROUT
549.637573
52.387253
225.000000
0.950000
GRASS_SPROUT
550.509949
52.150063
60.000000
0.950000
GRASS_SPROUT
551.419067
52.029873
105.000000
0.950000
GRASS_SPROUT
552.179688
51.989567
105.000000
0.750000
GRASS_SPROUT
553.194885
51.949142
0.000000
1.250000
GRASS_SPROUT
554.194031
52.150063
345.000000
1.050000
GRASS_SPROUT
554.970276
52.465385
15.000000
0.950000
GRASS_SPROUT
554.909790
56.584244
45.000000
0.900000
GRASS_SPROUT
554.878967
53.505234
330.000000
1.000000
GRASS_SPROUT
553.632690
52.838268
315.000000
1.050000
GRASS_SPROUT
552.841919
52.838268
225.000000
0.850000
GRASS_SPROUT
552.004822
52.983765
315.000000
0.850000
GRASS_SPROUT
551.286865
53.411797
75.000000
1.150000
GRASS_SPROUT
551.154419
54.275768
255.000000
0.950000
GRASS_SPROUT
551.206909
55.337124
285.000000
1.050000
GRASS_SPROUT
553.869263
56.504551
120.000000
0.800000
GRASS_SPROUT
553.119629
56.356262
270.000000
0.800000
GRASS_SPROUT
551.914490
56.811874
345.000000
1.100000
GRASS_SPROUT
553.126404
55.488247
195.000000
0.750000
GRASS_SPROUT
553.509399
54.903336
135.000000
0.800000
GRASS_SPROUT
553.766724
54.011414
0.000000
1.100000
GRASS_SPROUT
552.114868
55.397511
330.000000
1.200000
GRASS_SPROUT
550.838623
56.829697
180.000000
1.150000
GRASS_SPROUT
552.171326
54.594997
45.000000
0.800000
GRASS_SPROUT
554.125000
55.664902
60.000000
1.200000
GRASS_SPROUT
554.228149
54.666851
165.000000
0.850000
GRASS_SPROUT
552.319275
53.853416
135.000000
1.050000