TILE
91
8
FIELD_GRASS
0
GRASS_SPROUT
543.250061
50.321072
165.000000
1.000000
GRASS_SPROUT
544.064941
50.863743
270.000000
1.200000
GRASS_SPROUT
543.340210
46.626049
135.000000
0.800000
GRASS_SPROUT
543.534241
47.323826
150.000000
0.750000
GRASS_SPROUT
543.599915
48.175941
15.000000
1.200000
GRASS_SPROUT
543.685547
49.010719
60.000000
0.750000
GRASS_SPROUT
543.436890
49.579231
255.000000
0.800000
GRASS_SPROUT
545.046204
50.754143
90.000000
0.950000
GRASS_SPROUT
544.607483
50.115528
15.000000
0.850000
GRASS_SPROUT
544.334045
49.371956
105.000000
0.800000