TILE
94
6
FIELD_GRASS
0
GRASS_SPROUT
563.682739
33.622826
285.000000
0.950000
GRASS_SPROUT
564.023254
34.453129
270.000000
0.850000
GRASS_SPROUT
564.294922
35.286259
120.000000
1.150000
GRASS_SPROUT
563.998535
36.142445
120.000000
0.950000
GRASS_SPROUT
563.278931
36.456787
30.000000
0.800000
GRASS_SPROUT
562.646667
36.585106
300.000000
0.750000
GRASS_SPROUT
561.788452
36.585106
315.000000
0.800000
GRASS_SPROUT
561.155396
36.610588
315.000000
0.750000
GRASS_SPROUT
561.093933
33.042259
240.000000
0.900000
GRASS_SPROUT
561.585938
35.633572
195.000000
1.200000
GRASS_SPROUT
561.278564
34.665310
135.000000
0.950000
GRASS_SPROUT
561.694214
33.643238
120.000000
1.200000
GRASS_SPROUT
562.330811
34.480225
15.000000
1.100000
GRASS_SPROUT
562.582764
35.319828
0.000000
0.900000
GRASS_SPROUT
562.851868
33.808773
0.000000
0.800000