TILE
38
4
FIELD_GRASS
0
PINE TREE 1
225.477798
24.270796
285.000000
0.950000
PINE TREE 1
226.223190
23.169302
120.000000
0.800000
PINE TREE 1
227.090408
22.083590
330.000000
1.100000
PINE TREE 1
227.187881
25.973082
45.000000
1.000000
PINE TREE 1
227.010101
24.506262
135.000000
1.000000
PINE TREE 1
227.996033
23.662968
345.000000
0.750000
PINE TREE 1
229.241257
24.588814
330.000000
1.050000
PINE TREE 1
230.167725
25.559792
240.000000
0.750000
PINE TREE 1
229.551834
26.820492
15.000000
1.000000
PINE TREE 1
230.551727
23.375525
120.000000
1.200000
PINE TREE 1
230.856140
21.433784
150.000000
1.050000
PINE TREE 1
229.628433
22.068920
60.000000
0.800000