TILE
30
77
FIELD_GRASS
0
PINE TREE 2
178.777512
459.596191
225.000000
0.900000
PINE TREE 2
179.162659
461.118530
345.000000
1.150000
PINE TREE 2
179.819611
462.540741
195.000000
0.750000
PINE TREE 2
177.533020
461.156219
255.000000
0.850000
PINE TREE 2
178.527939
463.029541
120.000000
1.050000
PINE TREE 2
177.032059
462.522156
75.000000
0.800000
GRASS_SPROUT
177.400925
463.800964
285.000000
0.800000
GRASS_SPROUT
178.274704
464.305908
225.000000
1.050000
GRASS_SPROUT
177.568466
464.708496
210.000000
0.800000