TILE
37
73
FIELD_GRASS
0
PINE TREE 2
219.520233
437.740662
165.000000
1.200000
PINE TREE 2
221.000702
436.741577
210.000000
0.850000
PINE TREE 2
222.096405
435.851440
60.000000
1.000000
PINE TREE 2
221.812103
438.151886
315.000000
1.200000
PINE TREE 2
221.399170
439.708832
315.000000
0.800000
PINE TREE 2
223.094254
436.731293
270.000000
0.750000
PINE TREE 2
224.041931
437.477234
0.000000
0.750000
PINE TREE 2
223.982010
438.945068
150.000000
1.150000
PINE TREE 2
222.873459
440.272614
225.000000
1.150000
PINE TREE 2
219.475800
440.058289
240.000000
0.900000
GRASS_SPROUT
220.328110
435.055664
285.000000
1.200000
GRASS_SPROUT
219.099762
435.351501
315.000000
1.150000