TILE
29
31
FIELD_GRASS
0
PINE TREE 1
175.340332
183.100861
300.000000
0.800000
PINE TREE 1
174.327499
184.141647
105.000000
1.100000
PINE TREE 1
172.620605
185.211685
0.000000
1.200000
PINE TREE 1
172.281738
183.600739
135.000000
0.800000
GRASS_SPROUT
176.424728
188.617020
195.000000
1.250000
GRASS_SPROUT
176.424728
187.672729
120.000000
1.050000
GRASS_SPROUT
176.424728
186.744873
240.000000
1.200000
GRASS_SPROUT
176.424728
185.902496
300.000000
0.900000
GRASS_SPROUT
176.424728
185.084427
285.000000
1.100000
GRASS_SPROUT
175.546036
184.929291
240.000000
0.900000
GRASS_SPROUT
171.566620
187.872192
150.000000
1.200000
GRASS_SPROUT
172.690430
188.714920
330.000000
1.200000
GRASS_SPROUT
173.058228
187.861221
225.000000
1.050000
GRASS_SPROUT
172.439758
186.937286
30.000000
0.800000
GRASS_SPROUT
173.918167
186.451187
330.000000
1.150000
GRASS_SPROUT
174.462219
185.665741
270.000000
0.950000
GRASS_SPROUT
174.586029
187.697815
225.000000
1.200000
GRASS_SPROUT
174.368118
188.763977
255.000000
1.200000
GRASS_SPROUT
174.801544
186.806366
255.000000
0.750000
GRASS_SPROUT
175.389694
185.760406
300.000000
1.050000
GRASS_SPROUT
175.535797
188.300644
150.000000
1.000000
GRASS_SPROUT
176.374664
183.732697
135.000000
1.050000