TILE
22
38
FIELD_GRASS
0
PINE TREE 1
129.163177
230.536316
105.000000
1.250000
PINE TREE 1
129.881836
228.394440
240.000000
1.050000
PINE TREE 1
130.478577
227.230896
75.000000
0.800000
PINE TREE 1
131.452652
225.658493
45.000000
1.200000
PINE TREE 1
134.364609
226.765625
90.000000
0.950000
PINE TREE 1
133.152832
228.501740
330.000000
1.200000
PINE TREE 1
132.541183
230.288773
330.000000
0.950000
PINE TREE 1
131.239471
229.980362
255.000000
0.950000
PINE TREE 1
131.289612
228.225494
135.000000
0.950000
PINE TREE 1
132.000290
227.061859
300.000000
0.950000
PINE TREE 1
134.984375
230.986313
285.000000
1.200000
GRASS_SPROUT
134.571335
228.404358
315.000000
1.100000
GRASS_SPROUT
134.383850
229.362747
105.000000
1.250000
GRASS_SPROUT
132.913300
226.171295
105.000000
1.200000
GRASS_SPROUT
134.002274
225.621719
135.000000
1.150000