TILE
24
35
FIELD_GRASS
0
PINE TREE 1
141.608902
209.313660
180.000000
1.250000
PINE TREE 1
143.175629
207.616974
30.000000
1.100000
GRASS_SPROUT
145.173691
212.037476
30.000000
1.250000
GRASS_SPROUT
145.767639
210.385803
15.000000
1.150000
GRASS_SPROUT
146.138672
209.414612
195.000000
0.850000
GRASS_SPROUT
146.391998
208.412888
60.000000
0.850000
GRASS_SPROUT
146.651062
207.437271
45.000000
1.000000
GRASS_SPROUT
145.929718
211.259720
120.000000
0.900000
GRASS_SPROUT
146.983582
208.916321
135.000000
1.000000
GRASS_SPROUT
142.684235
210.433365
330.000000
1.150000
GRASS_SPROUT
142.624756
211.459076
60.000000
1.000000
GRASS_SPROUT
142.321640
212.528488
300.000000
1.100000
GRASS_SPROUT
141.830246
210.906799
285.000000
1.050000
GRASS_SPROUT
141.695328
211.702637
345.000000
0.800000
GRASS_SPROUT
143.097870
209.271500
60.000000
1.150000
GRASS_SPROUT
145.491867
207.177200
15.000000
1.100000
GRASS_SPROUT
144.974640
207.910522
285.000000
1.050000
GRASS_SPROUT
144.214905
209.026352
165.000000
0.950000
GRASS_SPROUT
143.779709
209.904053
285.000000
0.950000
GRASS_SPROUT
145.282440
209.512222
270.000000
1.050000
GRASS_SPROUT
143.861267
212.386810
75.000000
1.150000
GRASS_SPROUT
144.052582
211.154419
0.000000
1.000000
GRASS_SPROUT
144.507538
210.322006
150.000000
1.000000
GRASS_SPROUT
141.382736
212.940613
75.000000
1.250000
GRASS_SPROUT
146.459503
212.893677
300.000000
0.950000
GRASS_SPROUT
146.894470
210.588699
75.000000
0.950000