TILE
23
31
FIELD_GRASS
0
GRASS_SPROUT
136.139191
183.512985
90.000000
1.000000
GRASS_SPROUT
136.593689
184.147064
120.000000
0.800000
GRASS_SPROUT
136.841064
184.953384
195.000000
1.050000
GRASS_SPROUT
137.174362
185.764648
150.000000
1.050000
GRASS_SPROUT
136.867737
186.488678
225.000000
0.850000
GRASS_SPROUT
136.120956
187.219223
180.000000
1.150000
GRASS_SPROUT
135.304825
187.912796
240.000000
0.800000
GRASS_SPROUT
135.174789
185.056015
270.000000
0.950000
GRASS_SPROUT
135.614014
185.902054
330.000000
1.100000
GRASS_SPROUT
135.626801
184.209442
225.000000
1.150000