TILE
5
42
FIELD_GRASS
0
GRASS_SPROUT
27.132858
249.285187
330.000000
1.200000
GRASS_SPROUT
27.475239
250.152054
135.000000
0.850000
GRASS_SPROUT
28.389893
249.648163
0.000000
1.100000
GRASS_SPROUT
27.414486
250.924362
345.000000
0.750000
GRASS_SPROUT
27.453629
251.673096
210.000000
1.050000
GRASS_SPROUT
28.120461
250.759933
345.000000
0.850000
GRASS_SPROUT
27.332445
253.136642
0.000000
1.000000
GRASS_SPROUT
27.368689
254.584625
150.000000
0.900000
GRASS_SPROUT
29.252361
252.453049
285.000000
1.000000
GRASS_SPROUT
30.350750
250.984085
210.000000
0.800000
GRASS_SPROUT
31.017138
250.068512
105.000000
0.850000
GRASS_SPROUT
31.052191
251.445129
105.000000
1.100000
GRASS_SPROUT
30.380829
253.385284
105.000000
1.000000
GRASS_SPROUT
29.268316
253.590637
285.000000
1.200000
GRASS_SPROUT
28.017567
253.953003
165.000000
0.950000
GRASS_SPROUT
28.307613
252.877899
195.000000
1.250000
GRASS_SPROUT
29.169628
250.901031
75.000000
1.050000
GRASS_SPROUT
29.571115
250.239120
105.000000
0.850000
GRASS_SPROUT
31.770996
250.808899
0.000000
1.150000
GRASS_SPROUT
30.588064
254.420120
120.000000
0.800000
GRASS_SPROUT
31.428108
253.127747
105.000000
0.900000
GRASS_SPROUT
32.028671
252.038010
300.000000
1.000000
GRASS_SPROUT
32.778111
250.550507
315.000000
0.850000
GRASS_SPROUT
32.234764
252.996002
270.000000
0.850000
GRASS_SPROUT
32.076763
254.016449
180.000000
1.050000
GRASS_SPROUT
31.984564
254.811951
285.000000
0.900000