TILE
6
49
FIELD_GRASS
0
PINE TREE 1
38.148643
291.264069
285.000000
0.950000
PINE TREE 1
37.713718
292.960297
255.000000
1.200000
PINE TREE 1
36.798946
294.552124
240.000000
0.950000
PINE TREE 1
35.956032
295.672028
195.000000
1.050000
PINE TREE 1
35.066433
296.726715
45.000000
0.850000
PINE TREE 1
35.375690
292.108917
60.000000
0.900000
PINE TREE 1
35.381886
293.425110
180.000000
0.800000
PINE TREE 1
34.797733
294.634705
45.000000
0.950000
PINE TREE 1
33.852787
295.467957
165.000000
0.800000
PINE TREE 1
33.634056
293.154205
30.000000
1.200000
GRASS_SPROUT
38.949116
294.814178
195.000000
0.750000
GRASS_SPROUT
38.493599
295.460083
180.000000
1.050000
GRASS_SPROUT
38.146030
296.279602
255.000000
1.100000
GRASS_SPROUT
36.423958
296.811401
285.000000
1.200000
GRASS_SPROUT
38.975147
292.245819
240.000000
1.150000
GRASS_SPROUT
37.885845
294.333954
315.000000
0.950000
GRASS_SPROUT
37.111935
296.187378
0.000000
0.750000
GRASS_SPROUT
34.124474
291.818115
240.000000
1.000000
GRASS_SPROUT
34.842937
295.690338
240.000000
0.900000