TILE
2
47
FIELD_GRASS
0
PINE TREE 1
9.655788
284.562622
75.000000
0.850000
PINE TREE 1
10.033439
283.157959
15.000000
0.800000
PINE TREE 1
10.773966
281.613586
75.000000
1.250000
PINE TREE 1
11.462960
280.176697
300.000000
1.000000
PINE TREE 1
11.624225
283.021484
150.000000
0.950000
PINE TREE 1
11.624225
284.804199
240.000000
0.950000
PINE TREE 1
9.913066
279.671753
75.000000
1.250000
PINE TREE 1
9.135445
282.134491
150.000000
0.950000
PINE TREE 1
13.206423
283.048859
165.000000
1.250000
PINE TREE 1
13.681746
284.736511
330.000000
1.250000
GRASS_SPROUT
12.982434
281.083771
330.000000
1.250000
GRASS_SPROUT
13.902424
281.903564
210.000000
1.100000
GRASS_SPROUT
14.680441
282.708374
135.000000
1.100000
GRASS_SPROUT
12.492824
284.058105
195.000000
0.800000
GRASS_SPROUT
14.682240
283.679871
195.000000
1.150000