TILE
26
58
FIELD_GRASS
0
PINE TREE 1
155.434021
350.271393
135.000000
1.000000
PINE TREE 1
155.285492
347.962616
105.000000
1.250000
PINE TREE 1
155.682297
346.121674
330.000000
1.150000
PINE TREE 1
157.084702
349.577454
90.000000
0.950000
PINE TREE 1
158.527283
348.018372
30.000000
1.100000
PINE TREE 1
157.318130
346.868408
60.000000
1.250000
PINE TREE 1
158.576965
349.733612
210.000000
1.100000
PINE TREE 1
157.078369
345.066162
75.000000
0.950000
PINE TREE 1
158.714142
345.757050
345.000000
1.200000
GRASS_SPROUT
153.616867
346.285400
300.000000
1.150000
GRASS_SPROUT
154.206207
345.487213
300.000000
1.250000
GRASS_SPROUT
157.267700
348.282623
90.000000
1.250000
GRASS_SPROUT
156.090897
349.161835
270.000000
0.800000
GRASS_SPROUT
154.949142
349.161835
210.000000
0.750000
GRASS_SPROUT
154.341537
350.445038
255.000000
0.900000
GRASS_SPROUT
153.825150
349.405212
210.000000
1.150000
GRASS_SPROUT
153.989990
348.310242
135.000000
1.150000
GRASS_SPROUT
153.042389
348.246368
105.000000
0.950000
GRASS_SPROUT
154.051178
347.308044
30.000000
0.900000
GRASS_SPROUT
153.684875
350.626587
285.000000
0.800000