TILE
26
53
FIELD_GRASS
0
PINE TREE 1
158.845108
319.514893
105.000000
1.050000
GRASS_SPROUT
153.599213
319.605286
255.000000
1.050000
GRASS_SPROUT
154.864517
319.753448
255.000000
1.200000
GRASS_SPROUT
155.770706
319.812195
255.000000
0.750000
GRASS_SPROUT
157.046326
319.753448
0.000000
0.950000
GRASS_SPROUT
153.763550
320.863922
210.000000
1.200000
GRASS_SPROUT
154.707672
320.965729
0.000000
1.150000
GRASS_SPROUT
155.430267
320.525208
105.000000
0.950000
GRASS_SPROUT
156.332916
320.740417
120.000000
0.900000