TILE
24
50
FIELD_GRASS
0
PINE TREE 1
146.100510
298.876404
75.000000
0.750000
PINE TREE 1
144.958755
297.870026
165.000000
1.150000
PINE TREE 1
142.615189
297.428558
255.000000
1.150000
PINE TREE 1
141.756424
298.816284
210.000000
1.000000
PINE TREE 1
141.967926
300.277924
60.000000
0.900000
PINE TREE 1
142.964417
300.873199
0.000000
0.750000
PINE TREE 1
144.193512
300.777039
315.000000
0.900000
PINE TREE 1
143.218414
299.531311
165.000000
1.150000
PINE TREE 1
145.603928
300.352997
105.000000
1.050000
PINE TREE 1
146.221909
301.707153
315.000000
1.050000
PINE TREE 1
146.883148
297.772400
45.000000
1.050000