TILE
24
52
FIELD_GRASS
0
PINE TREE 1
141.845444
310.702484
330.000000
0.750000
PINE TREE 1
143.197952
310.739105
30.000000
1.050000
PINE TREE 1
144.597717
310.739075
135.000000
0.900000
PINE TREE 1
145.997299
310.948547
255.000000
1.100000
PINE TREE 1
141.480225
314.886261
165.000000
1.100000
PINE TREE 1
141.629288
313.530609
120.000000
0.800000
PINE TREE 1
142.753510
312.646362
270.000000
0.800000
PINE TREE 1
144.276871
312.371002
300.000000
1.250000
PINE TREE 1
144.891724
314.402405
210.000000
0.800000
PINE TREE 1
141.819275
311.859131
240.000000
0.750000
PINE TREE 1
145.719803
313.571289
0.000000
0.800000
PINE TREE 1
142.950516
314.137238
225.000000
1.250000