TILE
23
55
FIELD_GRASS
0
PINE TREE 1
135.532074
328.241699
105.000000
0.800000
PINE TREE 1
136.617233
329.290039
75.000000
1.200000
PINE TREE 1
137.974472
330.693146
15.000000
1.150000
PINE TREE 1
138.660767
331.942200
165.000000
0.800000
PINE TREE 1
136.735916
332.762695
135.000000
1.050000
PINE TREE 1
136.372604
331.207367
45.000000
1.200000
GRASS_SPROUT
139.527039
327.007263
195.000000
0.800000
GRASS_SPROUT
139.393921
327.695129
225.000000
0.750000
GRASS_SPROUT
139.090515
328.495270
345.000000
1.250000
GRASS_SPROUT
138.487900
329.354462
135.000000
1.250000
GRASS_SPROUT
140.125244
331.793701
180.000000
1.050000
GRASS_SPROUT
139.674927
330.925568
30.000000
1.050000
GRASS_SPROUT
140.072021
329.722778
345.000000
1.150000
GRASS_SPROUT
140.528641
328.842194
210.000000
0.800000
GRASS_SPROUT
140.576126
327.970734
315.000000
0.950000
GRASS_SPROUT
140.613693
327.043732
300.000000
1.250000