TILE
23
59
FIELD_GRASS
0
PINE TREE 1
135.250961
352.192352
345.000000
1.250000
PINE TREE 1
137.503311
351.744141
240.000000
1.100000
PINE TREE 1
139.849167
351.560822
75.000000
1.100000
PINE TREE 1
135.518677
355.771454
240.000000
1.250000
PINE TREE 1
136.333679
354.367096
195.000000
1.000000
PINE TREE 1
139.427505
356.763397
90.000000
1.200000
PINE TREE 1
139.516373
355.249268
0.000000
0.800000
PINE TREE 1
139.421463
353.524750
75.000000
1.250000
PINE TREE 1
137.666153
355.229919
15.000000
1.250000
PINE TREE 1
137.356018
353.280701
120.000000
1.050000
PINE TREE 1
140.738678
354.569794
300.000000
1.050000
GRASS_SPROUT
140.980316
353.126190
75.000000
1.150000