TILE
20
51
FIELD_GRASS
0
PINE TREE 1
122.832901
303.600708
330.000000
1.100000
PINE TREE 1
121.419739
305.008392
75.000000
1.200000
PINE TREE 1
120.384224
306.041687
180.000000
0.850000
PINE TREE 1
119.428299
306.996429
90.000000
0.850000
PINE TREE 1
118.316246
308.107635
225.000000
1.050000
PINE TREE 1
119.992760
308.168030
120.000000
0.750000
PINE TREE 1
121.948311
307.617676
240.000000
1.050000
GRASS_SPROUT
117.293991
303.348511
180.000000
1.150000
GRASS_SPROUT
118.255989
303.295959
15.000000
0.950000
GRASS_SPROUT
119.075066
303.083862
255.000000
1.000000
GRASS_SPROUT
117.315468
306.047363
135.000000
1.200000
GRASS_SPROUT
120.173096
304.284363
135.000000
0.750000
GRASS_SPROUT
121.204506
303.634216
285.000000
1.150000
GRASS_SPROUT
118.589645
305.367462
210.000000
1.200000
GRASS_SPROUT
117.188049
304.869965
345.000000
0.950000
GRASS_SPROUT
119.491280
304.838165
240.000000
1.200000
GRASS_SPROUT
118.619118
304.416962
30.000000
1.050000
GRASS_SPROUT
117.871239
304.082703
210.000000
0.950000
GRASS_SPROUT
118.205681
306.826477
135.000000
0.900000
GRASS_SPROUT
117.372368
307.190430
30.000000
0.950000
GRASS_SPROUT
120.535423
307.147217
30.000000
0.800000
GRASS_SPROUT
122.475189
305.910675
0.000000
1.000000