TILE
24
53
FIELD_GRASS
0
PINE TREE 1
146.073593
317.008850
330.000000
1.250000
PINE TREE 1
144.475784
317.109100
15.000000
0.950000
PINE TREE 1
143.133636
317.151672
330.000000
0.950000
PINE TREE 1
143.753510
315.373749
345.000000
0.850000
PINE TREE 1
141.040985
316.293976
150.000000
1.000000
PINE TREE 1
146.111572
315.224579
45.000000
1.250000
PINE TREE 1
142.032669
318.003082
135.000000
0.950000
GRASS_SPROUT
141.005325
320.246704
75.000000
1.250000
GRASS_SPROUT
141.694763
319.580261
150.000000
1.000000
GRASS_SPROUT
143.417145
319.208893
45.000000
1.100000
GRASS_SPROUT
145.781906
319.067169
300.000000
1.050000
GRASS_SPROUT
146.865097
320.251556
60.000000
0.900000
GRASS_SPROUT
145.455261
320.554199
150.000000
1.100000
GRASS_SPROUT
144.717361
319.488312
195.000000
1.250000
GRASS_SPROUT
144.264206
318.633514
225.000000
1.100000
GRASS_SPROUT
144.147415
320.425293
240.000000
1.100000
GRASS_SPROUT
143.133591
320.933807
270.000000
1.050000
GRASS_SPROUT
142.124115
320.338684
75.000000
1.100000
GRASS_SPROUT
146.811890
318.711853
255.000000
1.200000
GRASS_SPROUT
145.201843
318.082703
165.000000
1.200000