TILE
27
55
FIELD_GRASS
0
PINE TREE 1
159.633621
329.813141
135.000000
1.200000
PINE TREE 1
159.611847
332.920105
165.000000
1.150000
PINE TREE 1
160.131653
331.466400
30.000000
1.050000
PINE TREE 1
159.938019
327.675385
270.000000
1.250000
PINE TREE 1
163.229095
327.941589
330.000000
1.200000
PINE TREE 1
162.125809
329.322876
0.000000
0.850000
PINE TREE 1
161.240417
330.317139
300.000000
1.050000
PINE TREE 1
164.737839
331.926300
315.000000
0.750000
PINE TREE 1
164.498505
329.660950
195.000000
0.850000
PINE TREE 1
163.790695
330.578308
180.000000
0.800000
PINE TREE 1
162.922729
331.494659
225.000000
0.900000
PINE TREE 1
162.235123
332.819977
330.000000
1.000000
PINE TREE 1
164.954163
327.974396
270.000000
1.000000
PINE TREE 1
161.705231
327.991791
240.000000
0.900000
GRASS_SPROUT
161.052933
332.522461
135.000000
0.900000
GRASS_SPROUT
162.366028
330.250549
60.000000
0.900000