TILE
21
55
FIELD_GRASS
0
PINE TREE 1
127.473396
327.017395
30.000000
0.750000
PINE TREE 1
128.089890
328.248810
270.000000
1.100000
PINE TREE 1
124.099808
327.248535
300.000000
0.800000
PINE TREE 1
123.236382
328.396088
150.000000
0.950000
PINE TREE 1
124.483162
328.612640
165.000000
0.800000
PINE TREE 1
125.598099
329.063263
120.000000
0.750000
PINE TREE 1
127.067368
329.865173
75.000000
1.250000
PINE TREE 1
127.409004
331.596466
180.000000
1.000000
PINE TREE 1
128.643387
329.951202
150.000000
0.950000
PINE TREE 1
124.828865
330.066376
285.000000
0.850000
PINE TREE 1
123.651207
330.117157
30.000000
0.800000
PINE TREE 1
124.571625
331.360138
15.000000
0.850000
PINE TREE 1
125.891548
331.911407
225.000000
1.100000