TILE
21
54
FIELD_GRASS
0
PINE TREE 1
123.925430
322.896393
165.000000
1.050000
PINE TREE 1
125.364975
322.828491
255.000000
0.750000
PINE TREE 1
126.838593
322.786835
30.000000
0.900000
PINE TREE 1
128.290283
322.908569
330.000000
1.050000
PINE TREE 1
124.172516
325.625305
330.000000
0.850000
PINE TREE 1
125.144127
326.412903
300.000000
0.850000
PINE TREE 1
126.251244
326.977112
0.000000
0.850000
PINE TREE 1
128.692535
325.846069
165.000000
1.150000
PINE TREE 1
127.109177
325.153015
90.000000
1.200000
PINE TREE 1
125.510826
324.973541
240.000000
0.950000