TILE
74
84
FIELD_GRASS
0
GRASS_SPROUT
443.257965
502.812805
165.000000
0.750000
GRASS_SPROUT
442.905457
503.420441
270.000000
0.800000
GRASS_SPROUT
442.212189
504.350098
165.000000
0.950000
GRASS_SPROUT
441.246277
505.215179
195.000000
0.950000
GRASS_SPROUT
445.290894
501.006104
45.000000
0.750000
GRASS_SPROUT
444.560791
501.741180
75.000000
1.050000
GRASS_SPROUT
441.278839
501.951477
315.000000
0.950000
GRASS_SPROUT
443.887451
501.200104
315.000000
0.750000
GRASS_SPROUT
443.153931
501.233734
270.000000
1.000000
GRASS_SPROUT
442.366028
501.824127
0.000000
0.750000
GRASS_SPROUT
441.241943
502.894470
90.000000
0.950000
GRASS_SPROUT
441.940521
503.509918
15.000000
1.250000