TILE
73
80
FIELD_GRASS
0
GRASS_SPROUT
438.872559
477.601196
270.000000
1.000000
GRASS_SPROUT
438.662598
478.633667
225.000000
0.750000
GRASS_SPROUT
438.276428
479.456116
45.000000
1.250000
GRASS_SPROUT
437.296844
480.832489
330.000000
1.150000
GRASS_SPROUT
436.422150
481.602783
270.000000
0.950000
GRASS_SPROUT
435.507721
481.955566
30.000000
0.850000
GRASS_SPROUT
435.551117
480.325592
150.000000
0.900000
GRASS_SPROUT
436.237823
479.755859
300.000000
1.100000
GRASS_SPROUT
436.641846
479.001343
60.000000
0.950000
GRASS_SPROUT
436.873993
478.087830
75.000000
0.900000
GRASS_SPROUT
436.785370
477.182343
90.000000
1.250000
GRASS_SPROUT
435.808350
477.827606
60.000000
1.250000
GRASS_SPROUT
435.316650
478.474548
0.000000
0.750000
GRASS_SPROUT
437.670624
478.255707
105.000000
1.050000
GRASS_SPROUT
437.463135
478.975311
255.000000
0.800000
GRASS_SPROUT
437.837189
477.356720
165.000000
0.900000