TILE
10
46
FIELD_GRASS
0
GRASS_SPROUT
57.869911
274.385681
195.000000
1.200000
GRASS_SPROUT
59.100967
274.082336
225.000000
0.950000
GRASS_SPROUT
59.917633
274.133331
90.000000
0.800000
GRASS_SPROUT
60.754723
274.385681
315.000000
1.000000
GRASS_SPROUT
61.899635
274.683014
345.000000
0.900000
GRASS_SPROUT
62.864948
274.974487
180.000000
0.850000
GRASS_SPROUT
59.432343
277.815674
90.000000
1.250000
GRASS_SPROUT
57.589119
275.855011
105.000000
0.750000
GRASS_SPROUT
58.347576
275.679810
225.000000
0.850000
GRASS_SPROUT
59.166084
276.101410
75.000000
1.150000
GRASS_SPROUT
59.273563
276.943573
0.000000
0.900000
GRASS_SPROUT
58.534939
277.331970
60.000000
0.800000
GRASS_SPROUT
57.529953
277.634613
30.000000
1.100000
GRASS_SPROUT
57.427792
278.501984
285.000000
0.850000
GRASS_SPROUT
58.095459
276.662598
180.000000
1.100000
GRASS_SPROUT
59.925266
275.405426
240.000000
1.050000
GRASS_SPROUT
60.945419
275.750305
120.000000
1.250000
GRASS_SPROUT
60.201420
276.760712
195.000000
1.100000
GRASS_SPROUT
60.857853
277.357361
135.000000
1.050000
GRASS_SPROUT
61.389553
278.486511
225.000000
0.750000
GRASS_SPROUT
60.433228
278.212128
300.000000
0.800000
GRASS_SPROUT
62.275791
275.874847
345.000000
1.050000
GRASS_SPROUT
62.780586
276.756775
195.000000
1.100000
GRASS_SPROUT
61.957371
277.781097
210.000000
1.200000
GRASS_SPROUT
62.812927
278.774109
45.000000
0.950000
GRASS_SPROUT
61.844555
276.715515
30.000000
1.150000
GRASS_SPROUT
58.883797
275.056763
30.000000
1.200000