TILE
11
47
FIELD_GRASS
0
GRASS_SPROUT
63.918110
280.891113
105.000000
1.200000
GRASS_SPROUT
63.035713
281.430756
30.000000
1.250000
GRASS_SPROUT
68.371498
279.595947
105.000000
0.950000
GRASS_SPROUT
67.545525
280.065216
270.000000
1.000000
GRASS_SPROUT
66.359192
280.611633
180.000000
0.800000
GRASS_SPROUT
65.381805
281.103943
60.000000
1.000000
GRASS_SPROUT
64.029671
279.886688
60.000000
1.250000
GRASS_SPROUT
64.962547
279.855377
150.000000
0.850000
GRASS_SPROUT
65.231453
279.178528
180.000000
0.750000
GRASS_SPROUT
66.381454
279.411011
210.000000
1.050000
GRASS_SPROUT
65.632172
279.710358
165.000000
0.750000
GRASS_SPROUT
67.137924
279.386902
210.000000
0.800000