TILE
13
45
FIELD_GRASS
0
GRASS_SPROUT
75.421242
271.048401
150.000000
1.050000
GRASS_SPROUT
76.338394
269.963379
165.000000
0.800000
GRASS_SPROUT
77.192589
269.015289
330.000000
1.100000
GRASS_SPROUT
77.921669
268.086884
30.000000
1.250000
GRASS_SPROUT
80.978844
272.008911
270.000000
1.000000
GRASS_SPROUT
80.496765
272.693695
150.000000
0.800000
GRASS_SPROUT
79.856674
271.955353
285.000000
1.250000
GRASS_SPROUT
80.363831
271.077087
180.000000
0.950000
GRASS_SPROUT
80.366508
269.140045
0.000000
1.200000
GRASS_SPROUT
78.880501
271.444244
0.000000
1.200000
GRASS_SPROUT
77.887634
272.620514
165.000000
1.200000
GRASS_SPROUT
76.540375
272.591675
30.000000
1.100000
GRASS_SPROUT
77.269753
271.685364
30.000000
1.250000
GRASS_SPROUT
75.604851
272.905212
30.000000
1.250000
GRASS_SPROUT
77.853539
270.478943
270.000000
1.050000
GRASS_SPROUT
76.096581
271.621124
270.000000
0.850000
GRASS_SPROUT
76.882042
270.906464
60.000000
0.850000
GRASS_SPROUT
78.318123
269.144440
60.000000
1.100000
GRASS_SPROUT
80.148224
267.795959
240.000000
1.150000
GRASS_SPROUT
78.962769
270.036621
30.000000
0.800000
GRASS_SPROUT
79.502304
268.528778
120.000000
1.200000
GRASS_SPROUT
79.620354
269.713684
255.000000
1.000000