TILE
18
46
FIELD_GRASS
0
GRASS_SPROUT
107.749718
278.210541
0.000000
1.100000
GRASS_SPROUT
107.096840
277.286499
330.000000
1.050000
GRASS_SPROUT
106.447762
276.173828
0.000000
0.950000
GRASS_SPROUT
106.037704
275.252075
60.000000
1.250000
GRASS_SPROUT
105.812057
274.174225
330.000000
1.200000
GRASS_SPROUT
105.720085
273.248627
165.000000
1.100000
GRASS_SPROUT
105.328644
277.795959
300.000000
0.900000
GRASS_SPROUT
105.999428
277.777496
270.000000
0.750000
GRASS_SPROUT
106.711884
278.272552
345.000000
1.000000
GRASS_SPROUT
105.703445
276.709564
30.000000
1.050000
GRASS_SPROUT
105.254524
275.951141
75.000000
0.750000