TILE
18
49
FIELD_GRASS
0
GRASS_SPROUT
105.476280
296.398193
330.000000
0.800000
GRASS_SPROUT
106.490944
296.711273
0.000000
1.200000
GRASS_SPROUT
110.763206
295.567627
165.000000
0.900000
GRASS_SPROUT
109.962776
295.944000
105.000000
1.100000
GRASS_SPROUT
109.258629
296.177643
105.000000
0.750000
GRASS_SPROUT
108.309662
296.406891
120.000000
1.100000
GRASS_SPROUT
107.440247
296.503815
105.000000
0.850000
GRASS_SPROUT
109.099533
295.462982
15.000000
1.050000
GRASS_SPROUT
109.584412
294.742279
90.000000
1.000000
GRASS_SPROUT
109.965462
293.860504
15.000000
1.000000
GRASS_SPROUT
110.390678
293.127197
105.000000
1.100000
GRASS_SPROUT
110.606781
291.556824
165.000000
0.950000
GRASS_SPROUT
110.203110
292.196320
15.000000
0.850000