TILE
19
45
FIELD_GRASS
0
GRASS_SPROUT
115.486191
268.141632
150.000000
1.250000
GRASS_SPROUT
115.864288
269.349823
45.000000
0.850000
GRASS_SPROUT
116.180222
270.871948
270.000000
1.200000
GRASS_SPROUT
116.361900
272.563934
255.000000
1.200000
GRASS_SPROUT
112.556328
267.332153
270.000000
0.750000
GRASS_SPROUT
113.206467
267.674011
270.000000
0.900000
GRASS_SPROUT
113.963615
268.403229
15.000000
1.000000
GRASS_SPROUT
114.458321
269.226654
270.000000
1.150000
GRASS_SPROUT
114.929726
270.011292
75.000000
0.950000
GRASS_SPROUT
114.950005
270.815979
30.000000
0.850000
GRASS_SPROUT
115.093445
271.581818
45.000000
0.900000
GRASS_SPROUT
115.310928
272.311584
45.000000
0.900000
GRASS_SPROUT
115.532799
267.235321
120.000000
0.950000
GRASS_SPROUT
116.412239
267.597015
105.000000
1.100000
GRASS_SPROUT
116.905045
268.478790
210.000000
1.250000
GRASS_SPROUT
116.809349
269.662231
0.000000
0.950000