TILE
84
94
FIELD_GRASS
0
GRASS_SPROUT
501.283264
566.514832
210.000000
1.200000
GRASS_SPROUT
502.887390
565.025757
255.000000
0.750000
GRASS_SPROUT
505.387360
564.056580
270.000000
0.950000
GRASS_SPROUT
506.808502
563.875183
270.000000
0.850000
GRASS_SPROUT
503.899323
566.794373
135.000000
1.100000
GRASS_SPROUT
504.680389
566.151672
270.000000
0.750000
GRASS_SPROUT
505.578461
565.670166
330.000000
1.100000
GRASS_SPROUT
505.911957
566.584045
180.000000
0.950000
GRASS_SPROUT
502.930634
566.672241
285.000000
0.950000
GRASS_SPROUT
503.663391
565.398193
90.000000
1.050000
GRASS_SPROUT
501.768097
565.438110
30.000000
1.150000
GRASS_SPROUT
503.124298
564.349365
270.000000
0.800000
GRASS_SPROUT
504.432007
564.736084
345.000000
1.150000
GRASS_SPROUT
506.665253
566.181580
240.000000
0.850000
GRASS_SPROUT
506.737549
565.235352
285.000000
1.000000