TILE
84
92
FIELD_GRASS
0
PINE TREE 1
504.496368
553.082275
105.000000
1.150000
GRASS_SPROUT
501.003143
553.983215
120.000000
0.950000
GRASS_SPROUT
501.682648
552.918396
240.000000
1.000000
GRASS_SPROUT
502.417908
552.331482
180.000000
1.100000
GRASS_SPROUT
503.230835
551.801147
165.000000
0.900000
GRASS_SPROUT
503.969971
551.335754
150.000000
1.150000
GRASS_SPROUT
504.570007
550.493347
0.000000
0.850000
GRASS_SPROUT
504.700623
549.567993
225.000000
1.200000
GRASS_SPROUT
506.913971
550.415405
315.000000
1.200000
GRASS_SPROUT
506.725952
549.372681
270.000000
0.900000
GRASS_SPROUT
506.846375
551.559509
15.000000
0.900000
GRASS_SPROUT
505.878967
553.027344
165.000000
1.200000
GRASS_SPROUT
505.451111
550.283569
255.000000
1.150000
GRASS_SPROUT
505.720459
551.665100
225.000000
1.050000
GRASS_SPROUT
504.008911
554.356934
150.000000
1.250000
GRASS_SPROUT
503.218781
554.109375
45.000000
0.800000
GRASS_SPROUT
503.274811
553.427856
150.000000
0.800000
GRASS_SPROUT
502.325439
553.709839
225.000000
1.100000
GRASS_SPROUT
502.839966
554.878357
15.000000
1.200000
GRASS_SPROUT
506.512329
553.733154
225.000000
0.900000
GRASS_SPROUT
505.605865
554.582153
15.000000
0.800000