TILE
89
95
FIELD_GRASS
0
GRASS_SPROUT
531.096497
572.094910
330.000000
0.850000
GRASS_SPROUT
532.627014
571.585938
30.000000
1.200000
GRASS_SPROUT
533.411987
571.324890
150.000000
0.850000
GRASS_SPROUT
534.550354
571.166077
300.000000
1.200000
GRASS_SPROUT
535.717590
571.429810
45.000000
0.750000
GRASS_SPROUT
531.169128
570.891479
300.000000
1.150000
GRASS_SPROUT
531.981934
570.851746
330.000000
0.750000
GRASS_SPROUT
534.128662
572.174683
225.000000
1.250000
GRASS_SPROUT
531.717163
572.493958
60.000000
0.850000
GRASS_SPROUT
532.951843
572.458862
240.000000
0.900000
GRASS_SPROUT
534.381836
572.974976
300.000000
0.800000
GRASS_SPROUT
532.641174
570.579834
315.000000
0.950000