TILE
89
96
FIELD_GRASS
0
PINE TREE 2
535.740479
573.065735
195.000000
0.800000
GRASS_SPROUT
535.474670
575.858765
225.000000
1.200000
GRASS_SPROUT
534.271667
575.391357
15.000000
0.750000
GRASS_SPROUT
533.584778
575.029663
150.000000
1.150000
GRASS_SPROUT
532.309448
574.319092
240.000000
1.050000
GRASS_SPROUT
531.325989
573.660278
165.000000
1.100000
GRASS_SPROUT
533.587524
573.175537
345.000000
0.950000
GRASS_SPROUT
534.778870
573.726379
30.000000
1.100000
GRASS_SPROUT
536.045837
574.343384
345.000000
1.250000
GRASS_SPROUT
533.714844
574.100464
45.000000
1.000000
GRASS_SPROUT
536.550293
575.704956
255.000000
1.100000