TILE
83
98
FIELD_GRASS
0
GRASS_SPROUT
498.873779
585.187927
0.000000
1.150000
GRASS_SPROUT
498.145081
585.693481
240.000000
1.050000
GRASS_SPROUT
497.431641
586.062622
180.000000
0.950000
GRASS_SPROUT
496.491455
586.549072
60.000000
1.250000
GRASS_SPROUT
495.627563
586.960083
210.000000
0.950000
GRASS_SPROUT
495.610901
586.130493
195.000000
0.900000
GRASS_SPROUT
496.582367
585.114807
195.000000
1.150000
GRASS_SPROUT
495.302795
587.988037
150.000000
1.000000
GRASS_SPROUT
495.792572
588.714111
330.000000
0.950000
GRASS_SPROUT
495.881165
589.743286
75.000000
1.100000
GRASS_SPROUT
499.992615
585.243347
300.000000
0.850000
GRASS_SPROUT
500.478363
585.993042
240.000000
1.200000
GRASS_SPROUT
498.890106
586.862061
75.000000
0.850000
GRASS_SPROUT
496.998871
587.378235
105.000000
1.150000
GRASS_SPROUT
495.883850
590.742065
75.000000
0.850000
GRASS_SPROUT
497.926727
587.207886
75.000000
1.100000
GRASS_SPROUT
498.286011
588.082214
45.000000
1.000000
GRASS_SPROUT
498.326172
589.147705
255.000000
1.150000
GRASS_SPROUT
498.115509
590.424255
45.000000
1.000000
GRASS_SPROUT
499.148682
586.004883
180.000000
0.950000
GRASS_SPROUT
500.855042
588.383301
225.000000
1.250000
GRASS_SPROUT
497.380463
588.198425
225.000000
0.900000
GRASS_SPROUT
496.986389
589.151733
30.000000
0.900000
GRASS_SPROUT
496.425568
590.300232
345.000000
0.800000
GRASS_SPROUT
500.683075
590.255737
300.000000
0.900000
GRASS_SPROUT
500.626923
589.310242
330.000000
0.750000
GRASS_SPROUT
500.754150
587.375793
60.000000
1.200000
GRASS_SPROUT
499.906372
587.911377
315.000000
0.950000
GRASS_SPROUT
498.999146
588.667664
180.000000
0.900000
GRASS_SPROUT
499.368103
589.947266
210.000000
1.250000
GRASS_SPROUT
495.544403
585.245239
90.000000
0.850000