TILE
88
99
FIELD_GRASS
0
GRASS_SPROUT
525.329163
592.473328
345.000000
0.900000
GRASS_SPROUT
526.062378
592.866333
240.000000
1.100000
GRASS_SPROUT
527.050720
593.058533
270.000000
1.050000
GRASS_SPROUT
527.851074
593.247925
15.000000
0.750000
GRASS_SPROUT
528.505554
593.360291
45.000000
0.800000
GRASS_SPROUT
529.508484
593.360291
255.000000
1.150000
GRASS_SPROUT
530.564941
593.210266
165.000000
1.200000
GRASS_SPROUT
530.454346
596.242737
150.000000
1.250000
GRASS_SPROUT
529.439941
596.242737
195.000000
1.100000
GRASS_SPROUT
528.345825
596.242737
150.000000
1.050000
GRASS_SPROUT
527.390381
596.242737
45.000000
1.100000
GRASS_SPROUT
526.316895
596.242737
195.000000
0.800000
GRASS_SPROUT
525.350464
596.242737
165.000000
0.850000
GRASS_SPROUT
525.966064
594.828308
210.000000
1.250000
GRASS_SPROUT
526.865601
594.828308
210.000000
0.900000
GRASS_SPROUT
527.797607
594.828308
285.000000
1.200000
GRASS_SPROUT
528.825378
594.828308
210.000000
1.100000
GRASS_SPROUT
529.762817
594.828308
270.000000
1.200000
GRASS_SPROUT
530.722534
594.828308
270.000000
0.850000
GRASS_SPROUT
526.690552
593.753723
330.000000
0.900000
GRASS_SPROUT
525.429810
593.852722
90.000000
1.050000