TILE
84
99
FIELD_GRASS
0
GRASS_SPROUT
506.443359
596.242737
225.000000
1.050000
GRASS_SPROUT
505.504791
596.242737
240.000000
0.850000
GRASS_SPROUT
504.519928
596.242737
240.000000
0.850000
GRASS_SPROUT
503.449646
596.242737
270.000000
0.800000
GRASS_SPROUT
502.412170
596.242737
165.000000
0.900000
GRASS_SPROUT
501.524200
596.242737
195.000000
1.200000
GRASS_SPROUT
503.099060
592.187805
150.000000
1.250000
GRASS_SPROUT
504.320618
592.334473
105.000000
0.950000
GRASS_SPROUT
505.275208
592.748230
135.000000
0.800000
GRASS_SPROUT
505.941071
593.244385
315.000000
1.200000
GRASS_SPROUT
504.385101
593.923401
60.000000
1.050000
GRASS_SPROUT
502.701355
594.246521
255.000000
0.850000
GRASS_SPROUT
501.937500
594.661987
270.000000
1.000000
GRASS_SPROUT
503.767456
594.565613
240.000000
1.000000
GRASS_SPROUT
505.071777
594.567810
270.000000
0.950000
GRASS_SPROUT
505.943909
594.569214
345.000000
1.100000
GRASS_SPROUT
501.141205
592.102966
300.000000
0.750000
GRASS_SPROUT
501.560791
592.903931
225.000000
1.150000
GRASS_SPROUT
503.273438
593.533447
240.000000
1.250000
GRASS_SPROUT
502.345947
593.385986
30.000000
1.050000
GRASS_SPROUT
502.178955
591.859436
120.000000
1.050000
GRASS_SPROUT
503.590973
591.218018
240.000000
1.050000
GRASS_SPROUT
502.636932
591.016663
30.000000
0.900000
GRASS_SPROUT
506.016296
591.945984
75.000000
0.900000
GRASS_SPROUT
501.270477
595.159607
195.000000
0.950000
GRASS_SPROUT
503.076202
595.592896
150.000000
1.050000
GRASS_SPROUT
504.324188
595.564514
75.000000
0.750000
GRASS_SPROUT
505.212830
595.536072
105.000000
1.000000
GRASS_SPROUT
506.414337
595.363892
285.000000
1.100000