TILE
72
51
FIELD_GRASS
0
GRASS_SPROUT
434.819733
308.946198
270.000000
1.050000
GRASS_SPROUT
429.464142
307.432129
285.000000
0.950000
GRASS_SPROUT
430.696075
307.451019
255.000000
1.000000
GRASS_SPROUT
431.582458
307.479492
90.000000
0.800000
GRASS_SPROUT
432.077515
308.333649
330.000000
1.250000
GRASS_SPROUT
433.682129
307.300873
60.000000
0.750000
GRASS_SPROUT
434.745667
306.031433
345.000000
0.900000
GRASS_SPROUT
433.317505
308.050842
120.000000
1.150000
GRASS_SPROUT
433.015228
306.915649
75.000000
1.150000
GRASS_SPROUT
432.789978
308.787140
315.000000
0.850000
GRASS_SPROUT
434.499390
307.373108
240.000000
0.850000
GRASS_SPROUT
433.682648
306.088654
180.000000
0.850000
GRASS_SPROUT
429.939331
308.283203
285.000000
1.250000
GRASS_SPROUT
431.131195
308.341431
90.000000
0.850000
GRASS_SPROUT
431.120239
305.895264
195.000000
1.200000
GRASS_SPROUT
429.861420
306.253723
240.000000
1.150000
GRASS_SPROUT
430.026581
305.189606
15.000000
0.800000
GRASS_SPROUT
431.996765
305.591553
345.000000
1.050000
GRASS_SPROUT
431.745575
304.293610
225.000000
0.900000
GRASS_SPROUT
433.521271
303.265015
45.000000
1.100000
GRASS_SPROUT
429.216339
304.855347
30.000000
1.200000
GRASS_SPROUT
432.791382
303.850250
225.000000
0.850000
GRASS_SPROUT
431.059326
304.841553
225.000000
1.000000
GRASS_SPROUT
434.297913
304.177216
150.000000
0.750000
GRASS_SPROUT
433.236725
304.762848
45.000000
1.050000
GRASS_SPROUT
434.303619
305.253296
225.000000
1.000000
GRASS_SPROUT
429.747192
304.073303
105.000000
1.150000
GRASS_SPROUT
431.116669
303.550629
225.000000
1.150000
GRASS_SPROUT
429.489990
303.284546
90.000000
0.750000