TILE
24
40
FIELD_GRASS
0
PINE TREE 1
141.028992
239.124771
0.000000
1.200000
PINE TREE 1
141.377960
237.096329
270.000000
1.250000
GRASS_SPROUT
146.525894
239.825500
60.000000
0.950000
GRASS_SPROUT
145.610321
240.028687
0.000000
1.250000
GRASS_SPROUT
144.683167
240.234406
135.000000
1.000000
GRASS_SPROUT
143.889130
240.568878
90.000000
0.850000
GRASS_SPROUT
143.164810
240.330536
135.000000
1.000000
GRASS_SPROUT
142.439133
240.032028
345.000000
0.950000
GRASS_SPROUT
142.748642
238.995621
345.000000
1.000000
GRASS_SPROUT
143.854691
238.281326
105.000000
1.200000
GRASS_SPROUT
142.952713
238.120193
0.000000
0.850000
GRASS_SPROUT
142.120667
238.022476
75.000000
0.750000
GRASS_SPROUT
144.731140
237.724503
60.000000
0.900000
GRASS_SPROUT
145.452087
237.176285
15.000000
0.850000
GRASS_SPROUT
145.053818
238.597214
210.000000
1.200000
GRASS_SPROUT
143.917633
239.554382
210.000000
0.800000
GRASS_SPROUT
146.012878
238.995621
210.000000
1.200000
GRASS_SPROUT
146.688705
238.471863
225.000000
0.900000
GRASS_SPROUT
146.247849
237.453430
30.000000
1.150000
GRASS_SPROUT
143.722321
237.246155
330.000000
1.200000