TILE
78
38
FIELD_GRASS
0
PINE TREE 2
465.825500
229.314133
315.000000
1.100000
PINE TREE 2
467.526978
228.480148
300.000000
1.250000
PINE TREE 2
469.022064
227.403458
210.000000
0.850000
PINE TREE 2
469.829376
226.355804
120.000000
0.850000
PINE TREE 2
470.326752
225.119125
165.000000
0.750000
PINE TREE 2
469.863007
230.719284
195.000000
1.250000
PINE TREE 2
468.804962
229.491348
15.000000
0.900000
GRASS_SPROUT
470.115570
228.538864
0.000000
1.250000
GRASS_SPROUT
466.497925
225.576401
150.000000
1.200000
GRASS_SPROUT
465.372070
226.391693
30.000000
1.100000
GRASS_SPROUT
466.175049
227.909119
90.000000
1.100000
GRASS_SPROUT
467.524017
225.703186
180.000000
0.750000
GRASS_SPROUT
467.010498
226.434738
240.000000
0.850000
GRASS_SPROUT
466.580811
227.122055
285.000000
0.950000
GRASS_SPROUT
468.537109
226.077438
195.000000
0.950000
GRASS_SPROUT
467.642670
226.827972
30.000000
0.800000