TILE
78
39
FIELD_GRASS
0
PINE TREE 2
467.964478
231.270554
300.000000
1.250000
PINE TREE 2
465.721954
231.532791
105.000000
1.200000
GRASS_SPROUT
470.595032
232.849945
30.000000
1.250000
GRASS_SPROUT
469.857361
233.263916
150.000000
0.750000
GRASS_SPROUT
468.987213
233.364609
90.000000
1.050000
GRASS_SPROUT
467.512817
233.532837
270.000000
0.950000
GRASS_SPROUT
466.214600
233.634933
30.000000
1.000000
GRASS_SPROUT
469.438202
234.018799
150.000000
0.750000
GRASS_SPROUT
468.239899
234.543945
330.000000
0.750000
GRASS_SPROUT
467.499237
234.664169
60.000000
0.850000
GRASS_SPROUT
466.516357
232.684525
165.000000
1.050000
GRASS_SPROUT
470.787537
234.191864
285.000000
0.750000
GRASS_SPROUT
466.641785
234.996933
0.000000
1.200000
GRASS_SPROUT
465.571289
234.996933
15.000000
1.050000
GRASS_SPROUT
468.737915
235.181488
105.000000
1.250000
GRASS_SPROUT
469.753235
234.959686
210.000000
1.100000
GRASS_SPROUT
469.491333
232.612671
210.000000
1.100000
GRASS_SPROUT
468.236145
233.803375
105.000000
0.750000
GRASS_SPROUT
468.184326
232.896820
315.000000
1.000000
GRASS_SPROUT
467.434021
232.678497
330.000000
0.950000
GRASS_SPROUT
465.399902
232.902237
210.000000
1.000000