TILE
79
30
FIELD_GRASS
0
PINE TREE 2
476.255646
178.253113
165.000000
1.050000
PINE TREE 2
474.723877
178.210358
255.000000
0.750000
PINE TREE 2
473.293304
178.186707
315.000000
0.850000
PINE TREE 2
471.444794
178.169540
135.000000
1.000000
PINE TREE 2
472.627869
177.012070
15.000000
0.950000
PINE TREE 2
473.771179
180.063019
75.000000
1.200000
PINE TREE 2
475.562836
180.382217
255.000000
1.150000
PINE TREE 2
471.707977
180.175537
30.000000
1.100000
GRASS_SPROUT
471.579773
181.766190
60.000000
1.100000
GRASS_SPROUT
472.505463
182.127029
315.000000
1.250000
GRASS_SPROUT
473.173798
182.737076
315.000000
0.800000
GRASS_SPROUT
471.623322
182.605515
120.000000
0.950000
GRASS_SPROUT
474.234253
182.719498
135.000000
1.100000
GRASS_SPROUT
476.429596
182.082169
240.000000
1.000000
GRASS_SPROUT
475.328522
181.860718
30.000000
1.100000
GRASS_SPROUT
474.425354
181.545822
120.000000
1.200000
GRASS_SPROUT
472.796783
180.941788
75.000000
0.850000
GRASS_SPROUT
476.535767
181.289169
135.000000
0.950000