TILE
79
31
FIELD_GRASS
0
GRASS_SPROUT
473.636536
183.362152
15.000000
0.900000
GRASS_SPROUT
474.078857
183.959610
15.000000
0.950000
GRASS_SPROUT
474.640350
184.531250
150.000000
1.000000
GRASS_SPROUT
475.448059
185.042908
330.000000
1.250000
GRASS_SPROUT
476.324524
185.500244
240.000000
1.050000
GRASS_SPROUT
475.403503
183.025574
180.000000
0.850000
GRASS_SPROUT
476.222900
183.029434
15.000000
0.850000
GRASS_SPROUT
476.151123
184.517349
45.000000
0.900000
GRASS_SPROUT
475.656464
183.801544
0.000000
1.100000