TILE
76
36
FIELD_GRASS
0
PINE TREE 2
454.956299
217.553665
285.000000
1.250000
PINE TREE 2
456.150574
216.045486
180.000000
1.000000
PINE TREE 2
457.112640
214.950104
150.000000
0.900000
PINE TREE 2
458.280121
214.122116
315.000000
0.750000
PINE TREE 2
458.587250
215.656158
90.000000
1.150000
PINE TREE 2
458.326538
217.269775
300.000000
1.000000
PINE TREE 2
454.588379
215.998245
75.000000
0.800000
PINE TREE 2
456.706543
213.206802
105.000000
1.200000
PINE TREE 2
455.113464
213.765121
180.000000
1.050000
PINE TREE 2
453.784485
214.696533
135.000000
1.050000
GRASS_SPROUT
457.632050
218.296707
240.000000
0.950000
GRASS_SPROUT
457.380890
216.646179
270.000000
0.850000
GRASS_SPROUT
456.473816
217.244247
345.000000
0.800000