TILE
89
79
FIELD_GRASS
0
GRASS_SPROUT
536.797668
471.777344
30.000000
1.250000
GRASS_SPROUT
535.754639
471.012604
0.000000
0.850000
GRASS_SPROUT
536.822266
475.098389
105.000000
0.850000
GRASS_SPROUT
536.067444
474.677246
120.000000
1.100000
GRASS_SPROUT
534.730835
473.796844
105.000000
1.250000
GRASS_SPROUT
533.373413
473.074493
240.000000
0.850000
GRASS_SPROUT
532.510071
472.754211
120.000000
0.900000
GRASS_SPROUT
531.601074
473.191498
255.000000
1.250000
GRASS_SPROUT
531.372986
472.235413
240.000000
1.000000
GRASS_SPROUT
531.448059
471.267914
180.000000
1.050000
GRASS_SPROUT
532.855347
471.104187
315.000000
0.750000
GRASS_SPROUT
533.868164
471.557190
195.000000
0.850000
GRASS_SPROUT
534.068542
472.387909
330.000000
0.800000
GRASS_SPROUT
535.021423
472.423523
45.000000
1.100000
GRASS_SPROUT
533.043396
471.953918
180.000000
1.100000
GRASS_SPROUT
532.302246
471.641968
150.000000
0.750000
GRASS_SPROUT
535.047424
471.002533
210.000000
0.750000
GRASS_SPROUT
536.094360
472.723236
255.000000
1.100000
GRASS_SPROUT
536.913879
473.588104
105.000000
1.250000
GRASS_SPROUT
532.413086
473.838959
195.000000
1.050000
GRASS_SPROUT
533.366455
473.806915
30.000000
0.950000