TILE
81
79
FIELD_GRASS
0
GRASS_SPROUT
483.152771
473.578674
30.000000
1.150000
GRASS_SPROUT
484.175781
472.758698
75.000000
1.200000
GRASS_SPROUT
485.524689
472.058594
15.000000
1.150000
GRASS_SPROUT
486.673187
471.780762
195.000000
1.250000
GRASS_SPROUT
487.609802
471.948059
165.000000
0.850000
GRASS_SPROUT
488.119995
472.599915
240.000000
0.900000
GRASS_SPROUT
488.716827
473.276367
285.000000
0.850000
GRASS_SPROUT
483.317505
474.775879
165.000000
1.200000
GRASS_SPROUT
483.392487
471.665619
330.000000
1.250000
GRASS_SPROUT
484.539459
471.218231
150.000000
1.150000
GRASS_SPROUT
485.557373
471.060760
285.000000
1.200000
GRASS_SPROUT
488.346466
471.472900
195.000000
1.100000