TILE
87
79
FIELD_GRASS
0
GRASS_SPROUT
524.658691
474.672302
15.000000
1.100000
GRASS_SPROUT
523.642212
474.315918
150.000000
0.950000
GRASS_SPROUT
523.044373
473.914795
240.000000
0.750000
GRASS_SPROUT
522.150818
473.394409
15.000000
1.100000
GRASS_SPROUT
521.401550
472.962036
345.000000
0.750000
GRASS_SPROUT
520.770996
472.361938
270.000000
1.050000
GRASS_SPROUT
520.272522
471.692780
330.000000
1.000000
GRASS_SPROUT
522.803040
471.217377
240.000000
0.800000
GRASS_SPROUT
524.628540
471.308258
105.000000
0.900000
GRASS_SPROUT
523.721130
471.759857
225.000000
0.800000
GRASS_SPROUT
523.105042
472.515015
120.000000
0.850000
GRASS_SPROUT
522.239502
472.079193
135.000000
1.100000
GRASS_SPROUT
524.504456
472.111786
30.000000
0.950000
GRASS_SPROUT
524.013794
473.624054
315.000000
0.950000
GRASS_SPROUT
524.773987
473.514618
330.000000
0.900000
GRASS_SPROUT
521.365723
471.551025
330.000000
1.050000