TILE
83
28
FIELD_GRASS
0
GRASS_SPROUT
496.708832
165.728348
75.000000
0.950000
GRASS_SPROUT
497.064636
166.629440
165.000000
0.900000
GRASS_SPROUT
497.278198
167.386780
180.000000
0.950000
GRASS_SPROUT
497.626160
168.323761
285.000000
1.000000
GRASS_SPROUT
498.105652
168.997696
330.000000
0.750000
GRASS_SPROUT
498.842499
169.201645
195.000000
0.800000
GRASS_SPROUT
499.666199
169.402588
180.000000
1.250000
GRASS_SPROUT
500.768768
169.402588
345.000000
1.000000
GRASS_SPROUT
496.892242
168.913788
285.000000
1.250000
GRASS_SPROUT
496.489929
168.165466
90.000000
0.850000
GRASS_SPROUT
495.977020
166.912674
30.000000
1.150000
GRASS_SPROUT
495.513794
165.757919
300.000000
1.200000
GRASS_SPROUT
497.039093
170.433319
60.000000
1.200000
GRASS_SPROUT
496.283936
169.913635
90.000000
1.000000
GRASS_SPROUT
498.797974
170.161057
285.000000
1.250000
GRASS_SPROUT
500.008484
170.552292
60.000000
0.900000
GRASS_SPROUT
500.369354
168.565292
90.000000
1.150000