TILE
67
35
FIELD_GRASS
0
GRASS_SPROUT
399.251068
210.488998
180.000000
1.200000
GRASS_SPROUT
400.273834
210.374863
180.000000
1.200000
GRASS_SPROUT
401.216705
210.374863
255.000000
0.950000
GRASS_SPROUT
401.896942
210.545746
270.000000
0.800000
GRASS_SPROUT
402.487640
211.480652
30.000000
1.200000
GRASS_SPROUT
402.673828
212.512711
150.000000
1.100000
GRASS_SPROUT
399.485962
212.554108
240.000000
0.850000
GRASS_SPROUT
400.233398
212.660828
255.000000
0.850000
GRASS_SPROUT
400.028015
211.512695
120.000000
1.250000
GRASS_SPROUT
401.145020
212.518326
0.000000
0.850000
GRASS_SPROUT
401.153717
211.704895
270.000000
1.000000