TILE
60
39
FIELD_GRASS
0
GRASS_SPROUT
362.898834
236.551849
330.000000
1.000000
GRASS_SPROUT
361.823517
236.269150
180.000000
0.800000
GRASS_SPROUT
360.563324
236.116302
15.000000
1.100000
GRASS_SPROUT
359.558502
235.999298
330.000000
0.900000
GRASS_SPROUT
358.584656
235.919785
150.000000
0.900000
GRASS_SPROUT
357.630371
235.861572
300.000000
0.850000
GRASS_SPROUT
358.539856
233.076035
270.000000
0.750000
GRASS_SPROUT
361.265381
232.307785
165.000000
0.900000
GRASS_SPROUT
362.019531
232.182373
195.000000
1.000000
GRASS_SPROUT
360.363892
233.802231
330.000000
1.250000
GRASS_SPROUT
358.782715
234.802887
45.000000
1.000000
GRASS_SPROUT
357.562592
234.629929
30.000000
1.050000
GRASS_SPROUT
361.737793
233.154358
255.000000
1.250000
GRASS_SPROUT
362.580444
232.878036
240.000000
0.800000
GRASS_SPROUT
362.846008
234.240784
15.000000
0.800000
GRASS_SPROUT
360.081909
232.798035
255.000000
1.200000
GRASS_SPROUT
359.152802
232.514191
330.000000
1.150000
GRASS_SPROUT
357.992737
232.182358
195.000000
1.100000
GRASS_SPROUT
357.149872
232.140320
285.000000
0.950000
GRASS_SPROUT
360.787567
231.217300
135.000000
0.800000
GRASS_SPROUT
361.766663
231.250854
270.000000
1.000000
GRASS_SPROUT
362.665833
231.043823
90.000000
1.200000
GRASS_SPROUT
358.598999
231.429123
0.000000
1.250000
GRASS_SPROUT
357.287018
231.312103
315.000000
1.050000
GRASS_SPROUT
357.225739
233.829910
195.000000
0.950000
GRASS_SPROUT
358.196533
234.240036
300.000000
0.800000
GRASS_SPROUT
362.149597
235.390427
195.000000
0.750000
GRASS_SPROUT
361.439972
235.305923
45.000000
0.900000
GRASS_SPROUT
360.211151
235.220795
270.000000
1.250000
GRASS_SPROUT
361.364594
234.331635
60.000000
1.050000
GRASS_SPROUT
359.468567
233.759705
0.000000
0.950000
GRASS_SPROUT
357.848328
233.337433
90.000000
1.000000