TILE
62
39
FIELD_GRASS
0
GRASS_SPROUT
369.859436
232.677109
90.000000
1.100000
GRASS_SPROUT
370.863708
232.636566
285.000000
1.250000
GRASS_SPROUT
371.954529
232.514191
150.000000
1.250000
GRASS_SPROUT
373.100006
232.307755
210.000000
1.250000
GRASS_SPROUT
374.138489
232.098129
345.000000
1.200000
GRASS_SPROUT
374.981323
231.885284
105.000000
0.750000
GRASS_SPROUT
371.459137
233.386688
165.000000
1.100000
GRASS_SPROUT
369.912140
233.839355
60.000000
1.200000
GRASS_SPROUT
370.042297
234.733994
135.000000
0.850000
GRASS_SPROUT
370.866241
234.905533
60.000000
0.900000
GRASS_SPROUT
371.351776
235.438904
225.000000
0.900000
GRASS_SPROUT
370.828033
236.227768
345.000000
0.900000
GRASS_SPROUT
374.450775
235.731812
120.000000
1.150000
GRASS_SPROUT
373.747803
236.329315
15.000000
1.050000
GRASS_SPROUT
373.144714
236.866455
345.000000
0.950000
GRASS_SPROUT
371.847473
236.232697
135.000000
1.100000
GRASS_SPROUT
369.525665
235.766571
300.000000
1.000000
GRASS_SPROUT
370.916565
234.104858
270.000000
0.900000
GRASS_SPROUT
372.211060
233.830780
255.000000
1.050000
GRASS_SPROUT
373.520752
233.784592
240.000000
1.250000
GRASS_SPROUT
373.439697
234.810867
285.000000
0.900000
GRASS_SPROUT
372.687988
235.400528
15.000000
1.150000
GRASS_SPROUT
374.505188
233.504288
240.000000
1.000000
GRASS_SPROUT
372.711517
236.200790
120.000000
0.800000
GRASS_SPROUT
374.385406
236.881821
15.000000
0.900000
GRASS_SPROUT
370.363556
235.519333
270.000000
0.750000