TILE
64
31
FIELD_GRASS
0
GRASS_SPROUT
381.086945
184.283661
210.000000
0.750000
GRASS_SPROUT
381.816833
184.998535
165.000000
0.750000
GRASS_SPROUT
382.508698
185.680206
75.000000
1.150000
GRASS_SPROUT
383.276276
186.439484
300.000000
1.150000
GRASS_SPROUT
384.249664
187.405991
45.000000
1.250000
GRASS_SPROUT
384.966064
188.119003
300.000000
0.900000
GRASS_SPROUT
385.566681
188.938950
255.000000
0.850000
GRASS_SPROUT
381.391876
186.248718
45.000000
1.000000
GRASS_SPROUT
382.431122
186.986206
105.000000
0.950000
GRASS_SPROUT
383.150696
187.557892
255.000000
1.250000
GRASS_SPROUT
383.880341
188.395325
240.000000
1.250000
GRASS_SPROUT
381.326477
187.967941
60.000000
1.150000
GRASS_SPROUT
381.063141
186.914169
165.000000
0.800000
GRASS_SPROUT
383.655914
183.482361
120.000000
1.100000
GRASS_SPROUT
383.950012
184.279694
225.000000
0.900000
GRASS_SPROUT
384.177948
184.929840
225.000000
0.800000
GRASS_SPROUT
384.234131
185.735703
345.000000
1.050000
GRASS_SPROUT
381.993530
184.149475
255.000000
1.200000
GRASS_SPROUT
382.981873
184.572327
195.000000
1.250000