TILE
46
80
FIELD_GRASS
0
PINE TREE 1
277.977814
479.886871
180.000000
1.100000
PINE TREE 1
276.977448
480.771271
105.000000
0.750000
PINE TREE 1
275.815308
481.808777
15.000000
1.250000
PINE TREE 1
278.698334
482.692993
90.000000
1.200000
PINE TREE 1
276.437286
477.970947
315.000000
0.850000
PINE TREE 1
275.266388
477.239990
300.000000
0.750000
PINE TREE 1
275.264191
478.872742
0.000000
0.950000
PINE TREE 1
277.998016
477.141022
0.000000
1.100000
PINE TREE 1
274.170990
481.386963
180.000000
1.150000
PINE TREE 1
273.146393
479.358490
165.000000
1.150000
PINE TREE 1
273.033325
477.785645
285.000000
0.850000
PINE TREE 1
274.431976
482.798462
315.000000
0.850000
PINE TREE 1
276.290924
479.840485
45.000000
0.900000