TILE
27
56
FIELD_GRASS
0
PINE TREE 1
159.797562
334.806824
150.000000
1.250000
PINE TREE 1
159.654175
336.497498
195.000000
1.050000
PINE TREE 1
160.970001
337.584656
330.000000
1.150000
PINE TREE 1
161.375595
335.714783
285.000000
1.150000
PINE TREE 1
162.646240
336.783234
240.000000
1.150000
PINE TREE 1
162.749390
338.521240
165.000000
0.900000
PINE TREE 1
164.558304
337.420288
300.000000
1.050000
PINE TREE 1
163.856964
335.408783
120.000000
1.200000
PINE TREE 1
163.594894
333.520020
45.000000
1.150000
PINE TREE 1
161.077057
333.932190
135.000000
0.950000
PINE TREE 1
162.256042
334.314178
165.000000
0.750000
GRASS_SPROUT
159.546387
337.779724
30.000000
0.950000