TILE
20
56
FIELD_GRASS
0
PINE TREE 1
118.175194
334.151794
0.000000
1.000000
PINE TREE 1
119.409126
333.516937
270.000000
0.900000
PINE TREE 1
121.077080
334.188446
195.000000
1.000000
PINE TREE 1
117.822762
335.622681
225.000000
1.150000
PINE TREE 1
119.732559
335.104248
210.000000
1.150000
PINE TREE 1
119.230606
336.949310
285.000000
1.250000
PINE TREE 1
119.046844
338.554657
120.000000
0.900000
PINE TREE 1
120.644455
337.787048
240.000000
1.000000
PINE TREE 1
122.677216
338.017548
165.000000
1.100000
PINE TREE 1
121.612549
336.340179
345.000000
0.900000
PINE TREE 1
117.330841
338.294647
225.000000
0.700000