TILE
23
56
FIELD_GRASS
0
PINE TREE 1
139.073273
333.214203
180.000000
1.050000
PINE TREE 1
139.455963
334.485657
285.000000
0.800000
PINE TREE 1
139.694824
335.927979
0.000000
1.200000
PINE TREE 1
139.642746
337.593994
225.000000
1.150000
PINE TREE 1
137.612671
333.957306
90.000000
1.000000
PINE TREE 1
138.353928
334.982697
150.000000
0.750000
PINE TREE 1
136.224884
334.034210
120.000000
0.900000
PINE TREE 1
136.687515
335.565948
270.000000
1.200000
PINE TREE 1
137.989319
336.315887
15.000000
0.900000
PINE TREE 1
137.993469
337.799957
120.000000
1.000000
PINE TREE 1
136.320938
338.478729
285.000000
1.250000
PINE TREE 1
136.024185
336.915710
45.000000
0.900000
PINE TREE 1
135.077682
335.096497
45.000000
0.800000
GRASS_SPROUT
140.073517
333.759155
105.000000
0.950000
GRASS_SPROUT
140.576492
338.516571
330.000000
1.250000