TILE
23
53
FIELD_GRASS
0
PINE TREE 1
136.469208
316.333801
180.000000
1.150000
PINE TREE 1
137.769440
316.965302
300.000000
0.850000
PINE TREE 1
139.345093
317.569702
75.000000
1.000000
PINE TREE 1
140.658279
318.067444
270.000000
0.900000
PINE TREE 1
138.038910
315.503326
225.000000
1.250000
PINE TREE 1
140.086838
315.123962
270.000000
0.850000
GRASS_SPROUT
137.340286
318.040955
195.000000
1.250000
GRASS_SPROUT
138.045685
319.074677
180.000000
1.250000
GRASS_SPROUT
138.657150
319.879395
240.000000
1.200000
GRASS_SPROUT
139.083206
320.857300
120.000000
1.250000
GRASS_SPROUT
140.772888
319.197998
345.000000
0.800000
GRASS_SPROUT
139.737976
318.789978
315.000000
1.050000