TILE
24
56
FIELD_GRASS
0
GRASS_SPROUT
146.087265
334.263763
180.000000
1.000000
GRASS_SPROUT
145.337845
334.639252
15.000000
0.800000
GRASS_SPROUT
144.423264
334.969238
330.000000
0.950000
GRASS_SPROUT
143.600067
335.500275
195.000000
0.950000
GRASS_SPROUT
142.682632
336.208099
180.000000
1.150000
GRASS_SPROUT
141.858597
336.845032
45.000000
1.150000
GRASS_SPROUT
141.285217
337.625732
45.000000
1.200000
GRASS_SPROUT
141.937500
335.371307
15.000000
1.150000
GRASS_SPROUT
142.559250
334.162964
180.000000
1.050000
GRASS_SPROUT
143.023331
333.331390
300.000000
1.050000
GRASS_SPROUT
141.196228
336.182526
150.000000
1.100000
GRASS_SPROUT
141.056320
334.201294
330.000000
1.150000
GRASS_SPROUT
141.117249
333.166992
300.000000
0.800000
GRASS_SPROUT
143.503372
334.561432
15.000000
1.050000