TILE
27
54
FIELD_GRASS
0
PINE TREE 1
159.816162
322.551147
30.000000
1.200000
PINE TREE 1
160.590591
321.050598
225.000000
1.150000
PINE TREE 1
159.727020
325.567841
285.000000
1.250000
PINE TREE 1
161.216629
324.012451
240.000000
1.250000
PINE TREE 1
162.910233
322.941986
195.000000
1.100000
PINE TREE 1
163.725098
321.556366
180.000000
1.000000
PINE TREE 1
161.517822
322.214966
30.000000
0.800000
PINE TREE 1
164.259521
326.519257
150.000000
1.250000
PINE TREE 1
164.706528
322.603271
195.000000
0.750000
PINE TREE 1
164.870529
323.971558
60.000000
0.950000
PINE TREE 1
161.051910
326.433472
195.000000
0.950000
PINE TREE 1
162.344910
326.024811
330.000000
0.900000
PINE TREE 1
162.772079
324.734009
180.000000
0.800000
GRASS_SPROUT
163.723114
325.067474
195.000000
1.050000