TILE
29
59
FIELD_GRASS
0
PINE TREE 1
175.777832
352.559479
75.000000
0.800000
PINE TREE 1
174.195450
353.124878
240.000000
1.150000
PINE TREE 1
172.691238
353.832611
315.000000
1.200000
PINE TREE 1
171.006943
354.435638
300.000000
0.800000
PINE TREE 1
173.913483
351.449188
15.000000
0.900000
PINE TREE 1
171.402191
352.508575
315.000000
1.150000
GRASS_SPROUT
174.781113
356.041626
315.000000
1.250000
GRASS_SPROUT
175.358414
355.461395
225.000000
0.750000
GRASS_SPROUT
176.000427
354.858643
45.000000
0.800000
GRASS_SPROUT
176.811096
354.056824
210.000000
0.750000
GRASS_SPROUT
176.275757
356.527649
195.000000
1.050000
GRASS_SPROUT
176.859512
355.839752
0.000000
1.150000
GRASS_SPROUT
176.113388
353.588715
225.000000
1.200000
GRASS_SPROUT
175.285660
354.374146
285.000000
1.200000
GRASS_SPROUT
173.718811
356.223602
180.000000
0.850000
GRASS_SPROUT
174.318680
355.032898
285.000000
1.200000