TILE
28
57
FIELD_GRASS
0
PINE TREE 1
170.527512
340.036102
330.000000
0.850000
PINE TREE 1
169.259964
344.659058
15.000000
1.200000
PINE TREE 1
169.700943
343.262634
240.000000
0.800000
PINE TREE 1
166.867355
344.992096
30.000000
0.800000
PINE TREE 1
169.063599
341.986816
30.000000
1.100000
PINE TREE 1
167.374786
343.182556
195.000000
0.950000
PINE TREE 1
166.009109
343.881317
270.000000
1.150000
PINE TREE 1
166.145462
342.308289
330.000000
1.100000
PINE TREE 1
165.231125
341.027313
45.000000
1.050000
PINE TREE 1
167.509064
340.667328
150.000000
1.150000
PINE TREE 1
168.917389
339.974121
30.000000
1.050000
PINE TREE 1
166.332260
339.480713
135.000000
1.200000