TILE
29
57
FIELD_GRASS
0
PINE TREE 1
171.981262
339.584412
180.000000
1.150000
PINE TREE 1
173.629028
340.055817
15.000000
1.000000
PINE TREE 1
175.070175
340.274597
210.000000
0.950000
PINE TREE 1
176.572723
340.413086
345.000000
1.200000
PINE TREE 1
176.456772
342.018066
330.000000
1.050000
PINE TREE 1
172.996109
341.120850
315.000000
0.750000
PINE TREE 1
173.026123
342.428925
210.000000
0.900000
PINE TREE 1
174.172409
343.043762
195.000000
0.750000
PINE TREE 1
171.191010
341.372192
225.000000
1.200000
PINE TREE 1
174.445724
341.835541
165.000000
1.000000
PINE TREE 1
176.212997
343.735138
210.000000
1.100000
PINE TREE 1
175.075409
344.584869
330.000000
0.850000
PINE TREE 1
172.507675
344.327820
180.000000
1.000000
PINE TREE 1
171.309906
343.339020
135.000000
1.200000