TILE
20
52
FIELD_GRASS
0
PINE TREE 1
117.233162
309.190216
165.000000
1.000000
PINE TREE 1
117.588226
313.961212
135.000000
0.950000
PINE TREE 1
118.581078
312.828094
30.000000
1.150000
PINE TREE 1
119.476677
311.689270
300.000000
0.850000
PINE TREE 1
117.254105
312.614929
75.000000
0.750000
PINE TREE 1
117.251602
311.327576
150.000000
0.750000
PINE TREE 1
118.189407
310.465881
30.000000
0.900000
PINE TREE 1
119.431763
309.333374
300.000000
1.050000
PINE TREE 1
121.351585
311.403290
150.000000
1.150000
PINE TREE 1
122.857193
310.402344
150.000000
1.000000
PINE TREE 1
121.135193
309.119293
90.000000
1.200000
GRASS_SPROUT
118.872726
314.629150
285.000000
0.800000
GRASS_SPROUT
119.481956
314.120148
240.000000
1.000000
GRASS_SPROUT
120.166046
313.486084
15.000000
1.150000
GRASS_SPROUT
120.914009
312.881226
180.000000
1.200000
GRASS_SPROUT
122.679649
311.783630
240.000000
1.250000