TILE
4
28
FIELD_GRASS
0
GRASS_SPROUT
24.144903
169.544342
30.000000
1.250000
GRASS_SPROUT
23.275404
170.402817
285.000000
1.100000
GRASS_SPROUT
21.277195
166.741058
15.000000
1.250000
GRASS_SPROUT
22.590416
165.975403
180.000000
0.950000
GRASS_SPROUT
23.489693
165.264252
210.000000
1.200000
GRASS_SPROUT
26.596838
167.508636
270.000000
1.050000
GRASS_SPROUT
26.087393
168.116913
90.000000
0.900000
GRASS_SPROUT
25.652739
168.774338
225.000000
0.950000
GRASS_SPROUT
21.237703
170.951797
135.000000
1.100000
GRASS_SPROUT
21.743006
168.958023
345.000000
1.150000
GRASS_SPROUT
22.563622
167.904495
300.000000
0.850000
GRASS_SPROUT
23.367016
167.667542
285.000000
1.050000
GRASS_SPROUT
24.350105
166.853149
255.000000
1.050000
GRASS_SPROUT
25.075438
166.302505
240.000000
0.850000
GRASS_SPROUT
23.245598
168.622772
45.000000
0.950000
GRASS_SPROUT
24.776999
165.567139
0.000000
1.050000
GRASS_SPROUT
23.016308
166.886017
195.000000
0.900000
GRASS_SPROUT
23.775412
166.262009
150.000000
0.850000
GRASS_SPROUT
25.755411
165.527222
0.000000
0.750000
GRASS_SPROUT
25.771420
166.448715
120.000000
0.750000
GRASS_SPROUT
25.202888
167.099167
165.000000
0.900000
GRASS_SPROUT
24.494900
167.784485
240.000000
1.150000
GRASS_SPROUT
22.366755
170.243057
180.000000
1.000000
GRASS_SPROUT
22.734848
169.576172
0.000000
0.900000
GRASS_SPROUT
21.673229
169.997620
195.000000
0.750000
GRASS_SPROUT
26.628189
165.957611
0.000000
0.900000
GRASS_SPROUT
22.015688
167.100311
180.000000
0.750000
GRASS_SPROUT
21.387594
168.018616
180.000000
1.250000