TILE
82
80
FIELD_GRASS
0
GRASS_SPROUT
489.221985
479.807709
270.000000
1.200000
GRASS_SPROUT
490.529968
479.344971
45.000000
1.050000
GRASS_SPROUT
491.593994
479.110046
165.000000
0.800000
GRASS_SPROUT
492.332458
479.110046
90.000000
0.950000
GRASS_SPROUT
493.178284
479.227814
165.000000
0.750000
GRASS_SPROUT
493.801575
479.577515
345.000000
0.850000
GRASS_SPROUT
494.638153
480.035583
285.000000
0.950000
GRASS_SPROUT
489.491089
481.692169
45.000000
1.200000
GRASS_SPROUT
489.106567
482.957611
345.000000
0.950000
GRASS_SPROUT
489.947021
482.693970
0.000000
1.050000
GRASS_SPROUT
489.010712
480.828156
15.000000
0.750000
GRASS_SPROUT
489.627533
480.564056
90.000000
0.800000
GRASS_SPROUT
491.470093
479.934296
75.000000
1.100000
GRASS_SPROUT
492.145294
480.564056
105.000000
0.950000
GRASS_SPROUT
492.833435
481.168762
150.000000
0.750000
GRASS_SPROUT
493.421051
481.702271
240.000000
1.100000
GRASS_SPROUT
494.368561
481.938538
255.000000
1.250000
GRASS_SPROUT
492.588043
481.891571
300.000000
1.000000
GRASS_SPROUT
491.705963
481.558685
135.000000
0.850000
GRASS_SPROUT
490.645294
481.510498
165.000000
1.150000
GRASS_SPROUT
493.590851
480.304810
60.000000
1.000000
GRASS_SPROUT
490.953644
482.308685
285.000000
0.850000