TILE
84
82
FIELD_GRASS
0
GRASS_SPROUT
502.656921
489.311829
105.000000
0.750000
GRASS_SPROUT
502.712677
490.150299
285.000000
1.250000
GRASS_SPROUT
502.300537
491.273102
330.000000
1.200000
GRASS_SPROUT
501.721497
492.266022
315.000000
0.950000
GRASS_SPROUT
501.029480
493.145416
120.000000
1.150000
GRASS_SPROUT
501.619049
489.601257
240.000000
1.200000
GRASS_SPROUT
501.042267
494.971863
150.000000
1.050000
GRASS_SPROUT
501.031067
492.047668
30.000000
0.850000
GRASS_SPROUT
501.344116
491.340668
45.000000
0.850000