TILE
94
2
FIELD_GRASS
0
PINE TREE 2
562.277100
10.032960
195.000000
0.950000
GRASS_SPROUT
561.968750
11.782890
150.000000
1.050000
GRASS_SPROUT
561.132874
11.036665
30.000000
0.800000
GRASS_SPROUT
561.018677
10.325333
180.000000
0.750000
GRASS_SPROUT
561.100281
9.412275
285.000000
1.150000
GRASS_SPROUT
564.551758
9.873915
60.000000
0.850000
GRASS_SPROUT
563.798462
10.891005
60.000000
1.200000
GRASS_SPROUT
563.012878
11.540770
345.000000
0.900000
GRASS_SPROUT
563.604370
9.618101
225.000000
0.950000
GRASS_SPROUT
565.083130
10.573808
60.000000
1.000000