TILE
94
5
FIELD_GRASS
0
PINE TREE 2
561.021423
30.415134
270.000000
1.300000
GRASS_SPROUT
564.687378
27.027140
300.000000
0.850000
GRASS_SPROUT
565.396912
27.344158
270.000000
1.050000
GRASS_SPROUT
565.718140
28.158642
30.000000
0.950000
GRASS_SPROUT
565.172363
29.071327
225.000000
1.050000
GRASS_SPROUT
564.642273
29.841862
180.000000
0.750000
GRASS_SPROUT
564.029480
30.738811
15.000000
1.050000
GRASS_SPROUT
563.395386
31.696360
285.000000
1.250000
GRASS_SPROUT
563.287415
32.873096
30.000000
1.150000
GRASS_SPROUT
562.167786
29.529612
45.000000
0.900000
GRASS_SPROUT
562.899170
29.256399
210.000000
0.850000
GRASS_SPROUT
562.739380
29.969978
285.000000
0.900000
GRASS_SPROUT
561.022095
29.009062
315.000000
0.950000
GRASS_SPROUT
561.559692
28.287910
210.000000
1.250000
GRASS_SPROUT
562.432068
27.848562
60.000000
0.750000
GRASS_SPROUT
563.063049
27.967276
60.000000
0.850000
GRASS_SPROUT
563.755127
27.796207
270.000000
0.900000
GRASS_SPROUT
564.536438
27.836151
75.000000
1.050000
GRASS_SPROUT
564.370239
28.610767
75.000000
0.750000
GRASS_SPROUT
563.886780
29.270554
120.000000
1.250000
GRASS_SPROUT
561.268005
32.173370
45.000000
1.150000
GRASS_SPROUT
562.397461
32.045326
120.000000
1.050000
GRASS_SPROUT
562.354004
30.941269
210.000000
1.050000