TILE
99
1
FIELD_GRASS
0
GRASS_SPROUT
593.912109
8.332439
120.000000
1.150000
GRASS_SPROUT
593.912109
7.245793
210.000000
0.900000
GRASS_SPROUT
593.912109
6.452718
105.000000
0.950000
GRASS_SPROUT
593.912109
5.556479
210.000000
0.950000
GRASS_SPROUT
593.912109
4.384899
180.000000
1.150000
GRASS_SPROUT
593.912109
3.481361
105.000000
1.050000
GRASS_SPROUT
594.670166
7.672626
0.000000
1.250000
GRASS_SPROUT
594.913696
8.592167
300.000000
1.100000
GRASS_SPROUT
595.327759
6.818565
225.000000
0.950000
GRASS_SPROUT
595.327759
5.554148
75.000000
1.250000
GRASS_SPROUT
595.327759
4.511183
240.000000
0.950000
GRASS_SPROUT
595.327759
3.674706
315.000000
1.050000
STREET_LAMP
591.303833
4.493984
240.000000
1.300000