TILE
35
53
FIELD_GRASS
0
PINE TREE 1
212.807648
317.101898
270.000000
1.000000
PINE TREE 1
212.603088
318.660095
315.000000
0.900000
PINE TREE 1
212.447388
320.268158
105.000000
1.100000
PINE TREE 1
207.386765
317.734467
210.000000
1.000000
PINE TREE 1
208.663452
316.289185
195.000000
1.150000
PINE TREE 1
210.697693
316.172699
105.000000
0.750000
PINE TREE 1
210.138626
317.368469
210.000000
0.950000
PINE TREE 1
209.382675
318.407013
165.000000
0.800000
PINE TREE 1
208.530075
319.368530
285.000000
0.950000
PINE TREE 1
207.497498
320.475647
45.000000
1.150000
PINE TREE 1
209.413956
320.551270
45.000000
1.150000
PINE TREE 1
210.784637
319.253540
75.000000
1.100000
PINE TREE 1
211.647995
315.223389
180.000000
1.150000
GRASS_SPROUT
207.371735
315.138214
105.000000
0.950000
GRASS_SPROUT
207.382431
316.622650
210.000000
1.000000
GRASS_SPROUT
211.462799
317.706299
120.000000
1.200000