TILE
32
50
FIELD_GRASS
0
GRASS_SPROUT
189.060211
297.246796
180.000000
0.900000
GRASS_SPROUT
189.467468
297.954712
60.000000
1.050000
GRASS_SPROUT
190.242279
297.523010
105.000000
1.050000
GRASS_SPROUT
191.179779
297.523010
60.000000
1.200000
GRASS_SPROUT
190.301376
298.658844
195.000000
1.100000
GRASS_SPROUT
189.502899
299.631531
0.000000
1.250000
GRASS_SPROUT
191.366104
302.850769
345.000000
1.050000
GRASS_SPROUT
189.660416
302.290588
180.000000
0.750000
GRASS_SPROUT
190.860275
301.412811
135.000000
1.000000
GRASS_SPROUT
191.885254
300.948669
60.000000
0.950000
GRASS_SPROUT
189.721939
300.914795
315.000000
0.800000
GRASS_SPROUT
189.759949
301.670258
210.000000
0.800000
GRASS_SPROUT
190.423935
300.431122
120.000000
1.100000
GRASS_SPROUT
191.375366
299.017303
90.000000
1.150000
GRASS_SPROUT
192.301422
298.165588
195.000000
0.950000
GRASS_SPROUT
192.896194
297.390869
45.000000
1.100000
GRASS_SPROUT
192.262939
299.017303
240.000000
1.050000
GRASS_SPROUT
191.723999
300.110046
165.000000
1.150000
GRASS_SPROUT
193.196442
298.302917
30.000000
1.150000
GRASS_SPROUT
192.929138
299.735962
225.000000
1.150000
GRASS_SPROUT
192.888916
300.599945
45.000000
1.000000
GRASS_SPROUT
193.253006
301.443237
180.000000
1.000000
GRASS_SPROUT
193.603699
302.072357
0.000000
0.800000
GRASS_SPROUT
192.901566
302.484680
0.000000
1.050000
GRASS_SPROUT
192.053375
302.200745
195.000000
0.950000
GRASS_SPROUT
190.662933
302.264465
60.000000
0.850000
GRASS_SPROUT
194.563477
302.298004
285.000000
0.750000
GRASS_SPROUT
194.038467
301.377411
225.000000
0.750000