TILE
34
52
FIELD_GRASS
0
PINE TREE 1
201.003769
309.733032
165.000000
1.250000
PINE TREE 1
201.266647
311.706116
135.000000
1.250000
GRASS_SPROUT
201.136154
314.717773
105.000000
0.750000
GRASS_SPROUT
201.940659
312.775452
180.000000
0.900000
GRASS_SPROUT
201.309418
313.570526
120.000000
1.200000
GRASS_SPROUT
202.708038
313.034668
195.000000
1.100000
GRASS_SPROUT
203.245789
311.529114
255.000000
1.000000
GRASS_SPROUT
203.043549
310.610748
195.000000
1.250000
GRASS_SPROUT
202.511230
309.545105
150.000000
1.200000
GRASS_SPROUT
206.934326
309.064941
270.000000
1.000000
GRASS_SPROUT
205.648773
310.466095
180.000000
0.900000
GRASS_SPROUT
204.762024
310.710144
195.000000
0.950000
GRASS_SPROUT
203.904877
311.007263
255.000000
0.750000
GRASS_SPROUT
204.452026
311.825287
180.000000
1.000000
GRASS_SPROUT
203.916245
309.425446
60.000000
0.900000
GRASS_SPROUT
204.541901
309.726318
150.000000
0.750000
GRASS_SPROUT
206.063431
311.165710
15.000000
0.750000
GRASS_SPROUT
201.912888
314.668854
300.000000
0.800000
GRASS_SPROUT
202.265060
313.884155
300.000000
1.100000
GRASS_SPROUT
202.930176
314.336487
90.000000
0.900000
GRASS_SPROUT
203.848328
313.837494
30.000000
0.750000
GRASS_SPROUT
204.659592
313.830719
45.000000
1.250000
GRASS_SPROUT
205.791489
313.524017
270.000000
1.150000
GRASS_SPROUT
204.496857
314.738861
75.000000
0.850000
GRASS_SPROUT
206.769379
312.889160
90.000000
0.900000
GRASS_SPROUT
205.938644
312.417389
45.000000
1.000000
GRASS_SPROUT
204.061600
312.712616
90.000000
1.200000
GRASS_SPROUT
205.340836
314.497650
240.000000
1.050000
GRASS_SPROUT
206.663315
313.919067
105.000000
0.800000