TILE
33
52
FIELD_GRASS
0
PINE TREE 1
199.280823
313.834808
270.000000
0.800000
PINE TREE 1
197.877121
313.850189
75.000000
1.150000
PINE TREE 1
196.323029
313.853912
345.000000
0.950000
PINE TREE 1
198.930038
312.423615
255.000000
1.050000
PINE TREE 1
199.690308
310.625671
0.000000
0.950000
PINE TREE 1
200.143280
313.117859
345.000000
0.800000
PINE TREE 1
198.110748
309.316711
60.000000
1.150000
PINE TREE 1
196.534317
309.533997
30.000000
1.100000
PINE TREE 1
196.876633
311.295532
120.000000
1.000000
PINE TREE 1
196.693726
312.531494
285.000000
0.750000
PINE TREE 1
195.296265
312.167755
255.000000
1.000000
PINE TREE 1
195.112732
310.798340
15.000000
0.800000
GRASS_SPROUT
199.992126
314.793915
345.000000
1.200000