TILE
31
58
FIELD_GRASS
0
PINE TREE 1
187.709869
346.093445
255.000000
0.950000
PINE TREE 1
185.999619
346.342926
45.000000
0.900000
PINE TREE 1
184.837219
346.942169
195.000000
0.850000
PINE TREE 1
183.683167
347.941772
150.000000
0.800000
PINE TREE 1
184.823288
345.360962
90.000000
1.250000
PINE TREE 1
183.179932
346.337646
90.000000
1.200000
GRASS_SPROUT
183.869202
350.168396
270.000000
1.150000
GRASS_SPROUT
185.430527
348.837708
120.000000
1.150000
GRASS_SPROUT
186.293976
347.900024
180.000000
1.150000
GRASS_SPROUT
187.337051
350.190125
255.000000
0.750000
GRASS_SPROUT
187.735092
349.117249
195.000000
1.250000
GRASS_SPROUT
186.126587
350.187378
270.000000
1.000000
GRASS_SPROUT
183.589767
349.191071
150.000000
0.800000
GRASS_SPROUT
185.098328
349.782684
0.000000
1.200000
GRASS_SPROUT
188.347702
349.926727
150.000000
1.150000
GRASS_SPROUT
187.999832
347.265411
60.000000
0.950000
GRASS_SPROUT
187.248672
347.081909
270.000000
0.900000
GRASS_SPROUT
185.208298
347.870239
300.000000
0.850000
GRASS_SPROUT
184.629318
348.413940
135.000000
0.900000
GRASS_SPROUT
188.327377
348.246613
60.000000
0.950000
GRASS_SPROUT
188.941742
347.939545
315.000000
0.750000
GRASS_SPROUT
188.844330
346.744873
15.000000
1.050000