TILE
30
58
FIELD_GRASS
0
PINE TREE 1
182.279678
349.242950
195.000000
1.150000
PINE TREE 1
181.271088
350.145691
45.000000
0.750000
PINE TREE 1
181.661667
345.839874
330.000000
0.750000
PINE TREE 1
181.016708
346.924988
225.000000
1.050000
PINE TREE 1
179.673523
345.659973
105.000000
1.200000
PINE TREE 1
180.610138
348.206665
165.000000
0.800000
PINE TREE 1
177.387695
349.673798
60.000000
0.850000
PINE TREE 1
179.169739
349.887726
150.000000
1.250000
PINE TREE 1
177.498276
346.138062
285.000000
1.150000
PINE TREE 1
178.474319
348.498657
180.000000
0.950000
PINE TREE 1
179.044525
347.159973
225.000000
1.050000
GRASS_SPROUT
182.209427
350.624878
195.000000
0.850000