TILE
69
9
FIELD_GRASS
0
PINE TREE 1
416.483002
54.673771
105.000000
1.100000
PINE TREE 1
414.683411
55.111423
240.000000
1.150000
PINE TREE 1
416.790771
56.175846
45.000000
0.850000
PINE TREE 1
413.578125
56.263409
0.000000
1.000000
PINE TREE 1
412.120819
56.272511
345.000000
1.000000
PINE TREE 1
411.312164
51.985645
150.000000
1.150000
PINE TREE 1
412.765320
52.654385
90.000000
1.100000
PINE TREE 1
411.905487
53.881721
330.000000
0.750000
PINE TREE 1
414.255585
53.282356
135.000000
0.950000
PINE TREE 1
413.042236
53.980450
75.000000
0.750000
PINE TREE 1
415.825104
53.287952
270.000000
0.950000
PINE TREE 1
415.878235
51.276672
135.000000
0.900000
PINE TREE 1
414.220276
51.346809
120.000000
1.250000