TILE
64
6
FIELD_GRASS
0
GRASS_SPROUT
386.596161
33.176163
75.000000
1.200000
GRASS_SPROUT
385.742218
33.768204
255.000000
1.250000
GRASS_SPROUT
386.795319
34.260696
90.000000
1.050000
GRASS_SPROUT
381.541443
34.178017
270.000000
0.900000
GRASS_SPROUT
382.324158
34.091805
165.000000
1.050000
GRASS_SPROUT
383.739929
34.089142
255.000000
1.150000
GRASS_SPROUT
383.722534
33.278606
75.000000
0.750000
GRASS_SPROUT
381.092102
38.313492
210.000000
0.950000
GRASS_SPROUT
382.255981
37.609753
165.000000
0.950000
GRASS_SPROUT
383.235626
37.054470
285.000000
1.250000
GRASS_SPROUT
383.948029
36.553974
210.000000
0.850000
GRASS_SPROUT
384.768433
35.838852
75.000000
0.900000
GRASS_SPROUT
385.276154
35.371868
240.000000
0.750000
GRASS_SPROUT
382.859833
35.064938
60.000000
1.200000
GRASS_SPROUT
381.949005
35.448254
315.000000
1.150000
GRASS_SPROUT
381.600281
37.336346
45.000000
0.750000
GRASS_SPROUT
386.085052
34.989666
300.000000
0.900000
GRASS_SPROUT
386.211517
35.745918
330.000000
0.800000
GRASS_SPROUT
385.452515
36.093655
195.000000
0.850000
GRASS_SPROUT
383.653229
35.741856
30.000000
1.000000
GRASS_SPROUT
384.125458
35.056561
105.000000
0.950000
GRASS_SPROUT
381.054871
36.898609
30.000000
0.900000
GRASS_SPROUT
382.259979
36.373943
270.000000
1.050000
GRASS_SPROUT
386.119049
36.710983
120.000000
1.050000
GRASS_SPROUT
386.119049
37.654751
255.000000
1.050000
GRASS_SPROUT
386.154663
38.561272
180.000000
0.850000