TILE
69
7
FIELD_GRASS
0
PINE TREE 1
412.290710
39.487961
90.000000
0.950000
PINE TREE 1
413.746643
40.253345
90.000000
1.200000
PINE TREE 1
413.166473
41.960392
60.000000
1.250000
PINE TREE 1
415.079010
41.415421
105.000000
1.200000
PINE TREE 1
416.550140
40.921593
225.000000
0.750000
PINE TREE 1
415.681061
44.581776
270.000000
1.100000
PINE TREE 1
415.681061
43.164021
45.000000
0.750000
PINE TREE 1
411.786926
44.467888
75.000000
1.000000
PINE TREE 1
412.065918
43.187126
315.000000
0.850000
PINE TREE 1
413.542084
43.686691
195.000000
1.200000
PINE TREE 1
411.101990
40.918930
240.000000
0.850000