TILE
68
0
FIELD_GRASS
0
PINE TREE 1
407.248901
-1.240879
195.000000
1.200000
PINE TREE 1
409.231689
-1.240879
285.000000
1.250000
PINE TREE 1
410.857086
1.137050
285.000000
1.250000
PINE TREE 1
408.368774
0.143232
30.000000
0.950000
PINE TREE 1
408.379852
1.469136
270.000000
0.750000
PINE TREE 1
408.273743
2.947186
240.000000
1.250000
PINE TREE 1
410.891754
2.727550
120.000000
1.000000
PINE TREE 1
406.305450
1.864107
15.000000
1.150000
GRASS_SPROUT
405.241272
1.331532
75.000000
0.950000
GRASS_SPROUT
405.492645
0.423266
60.000000
1.250000
GRASS_SPROUT
405.709869
-0.649613
15.000000
1.150000
GRASS_SPROUT
405.610962
-1.703117
15.000000
0.950000
GRASS_SPROUT
405.488312
-2.427642
165.000000
0.850000
GRASS_SPROUT
407.014771
0.087187
0.000000
0.950000
GRASS_SPROUT
410.088593
-0.214728
300.000000
1.100000
GRASS_SPROUT
409.742767
2.135077
270.000000
1.200000
GRASS_SPROUT
409.344086
1.241913
105.000000
1.050000