TILE
67
2
FIELD_GRASS
0
PINE TREE 1
399.867584
14.483232
180.000000
0.800000
PINE TREE 1
404.418335
13.633499
180.000000
1.000000
PINE TREE 1
402.857849
13.835022
300.000000
0.800000
PINE TREE 1
401.505646
14.072918
210.000000
1.100000
PINE TREE 1
401.892273
12.262362
30.000000
1.250000
PINE TREE 1
402.737732
10.351477
105.000000
1.250000
PINE TREE 1
403.688385
11.935039
105.000000
1.250000
GRASS_SPROUT
399.160034
11.137007
315.000000
1.200000
GRASS_SPROUT
400.010193
10.943673
150.000000
0.800000
GRASS_SPROUT
404.444275
9.288113
60.000000
1.200000
GRASS_SPROUT
400.890320
11.334635
15.000000
0.950000
GRASS_SPROUT
400.109863
11.765392
330.000000
1.250000
GRASS_SPROUT
400.480652
9.831805
0.000000
1.100000
GRASS_SPROUT
399.954254
13.429082
15.000000
1.200000
GRASS_SPROUT
401.362305
10.105146
300.000000
1.100000
GRASS_SPROUT
399.148590
13.906131
90.000000
0.850000