TILE
62
6
FIELD_GRASS
0
GRASS_SPROUT
369.722626
33.566856
330.000000
0.850000
GRASS_SPROUT
370.821503
33.566856
180.000000
1.100000
GRASS_SPROUT
371.946564
33.566856
135.000000
0.850000
GRASS_SPROUT
373.033417
33.566856
90.000000
0.850000
GRASS_SPROUT
373.998230
33.566856
135.000000
1.250000
GRASS_SPROUT
374.456543
34.516113
60.000000
0.800000
GRASS_SPROUT
373.507996
35.051380
240.000000
1.000000
GRASS_SPROUT
372.535187
35.435234
165.000000
0.750000
GRASS_SPROUT
371.655273
35.683079
180.000000
1.050000
GRASS_SPROUT
370.893799
35.877438
300.000000
0.800000
GRASS_SPROUT
370.063965
36.089245
240.000000
0.950000
GRASS_SPROUT
370.839478
36.669052
30.000000
1.000000
GRASS_SPROUT
371.877625
36.679871
15.000000
1.000000
GRASS_SPROUT
372.927216
36.546997
135.000000
0.800000
GRASS_SPROUT
374.234283
36.068756
210.000000
1.250000
GRASS_SPROUT
374.537170
38.204796
90.000000
0.900000
GRASS_SPROUT
373.598938
38.267738
150.000000
1.250000
GRASS_SPROUT
372.085938
38.214169
240.000000
0.800000
GRASS_SPROUT
371.259033
38.086716
255.000000
1.250000
GRASS_SPROUT
370.258545
37.682495
150.000000
1.000000
GRASS_SPROUT
369.054016
34.356087
345.000000
1.100000
GRASS_SPROUT
369.878387
34.556866
45.000000
1.000000
GRASS_SPROUT
370.942200
34.553688
60.000000
0.900000
GRASS_SPROUT
372.068451
34.552181
270.000000
0.950000
GRASS_SPROUT
374.331696
38.991783
270.000000
1.100000
GRASS_SPROUT
369.814667
38.401447
180.000000
0.950000
GRASS_SPROUT
369.058472
38.401447
105.000000
0.900000
GRASS_SPROUT
372.966492
38.993423
270.000000
0.950000
GRASS_SPROUT
373.505615
37.202564
15.000000
1.250000