TILE
66
7
FIELD_GRASS
0
PINE TREE 1
397.378082
40.946648
150.000000
1.200000
PINE TREE 1
397.387207
42.939758
315.000000
1.200000
PINE TREE 1
397.391083
44.467583
240.000000
0.900000
PINE TREE 1
395.878754
44.404297
255.000000
1.250000
PINE TREE 1
395.598602
39.137127
255.000000
1.150000
PINE TREE 1
398.692535
43.686718
150.000000
0.800000
PINE TREE 1
398.711029
40.478012
270.000000
0.800000
PINE TREE 1
393.214844
44.513882
315.000000
1.150000
PINE TREE 1
393.616913
41.573189
330.000000
0.900000
PINE TREE 1
395.587158
40.920567
60.000000
1.250000
PINE TREE 1
394.976227
42.813080
345.000000
1.150000
GRASS_SPROUT
393.697632
40.241810
210.000000
1.200000