TILE
61
9
FIELD_GRASS
0
PINE TREE 1
364.663452
56.210995
225.000000
1.200000
PINE TREE 1
363.309692
54.749172
90.000000
1.200000
PINE TREE 1
364.658417
54.051235
285.000000
0.750000
PINE TREE 1
365.854736
53.535156
285.000000
0.900000
PINE TREE 1
367.308228
53.075863
0.000000
1.050000
PINE TREE 1
365.840790
55.024254
300.000000
1.150000
GRASS_SPROUT
367.509766
56.213627
0.000000
1.050000
GRASS_SPROUT
367.509766
55.134335
300.000000
1.000000
GRASS_SPROUT
367.509766
51.893627
180.000000
0.850000
GRASS_SPROUT
367.509766
51.092598
60.000000
1.150000
GRASS_SPROUT
366.580750
51.466717
45.000000
1.150000
GRASS_SPROUT
365.398163
52.097935
60.000000
0.950000
GRASS_SPROUT
364.671082
52.677105
60.000000
0.900000
GRASS_SPROUT
368.933929
55.648296
15.000000
1.000000
GRASS_SPROUT
368.744965
56.565025
165.000000
1.150000