TILE
61
7
FIELD_GRASS
0
GRASS_SPROUT
366.539642
39.034943
30.000000
1.050000
GRASS_SPROUT
367.575623
39.826420
315.000000
1.250000
GRASS_SPROUT
368.399750
40.199711
105.000000
0.750000
GRASS_SPROUT
364.305054
39.450851
330.000000
1.050000
GRASS_SPROUT
364.404114
40.679363
0.000000
1.000000
GRASS_SPROUT
364.636108
41.780205
210.000000
0.750000
GRASS_SPROUT
365.825928
42.235737
255.000000
1.100000
GRASS_SPROUT
366.713318
42.145309
150.000000
0.950000
GRASS_SPROUT
367.547455
42.066807
255.000000
0.750000
GRASS_SPROUT
368.297699
41.878044
75.000000
0.800000
GRASS_SPROUT
368.982544
41.602551
15.000000
0.800000
GRASS_SPROUT
365.087524
42.931179
210.000000
0.900000
GRASS_SPROUT
364.058624
43.599625
165.000000
1.150000
GRASS_SPROUT
363.241669
44.065762
240.000000
0.900000
GRASS_SPROUT
363.297180
42.817017
255.000000
1.200000
GRASS_SPROUT
365.289337
41.375336
255.000000
0.900000
GRASS_SPROUT
366.167084
40.688950
105.000000
1.250000
GRASS_SPROUT
364.199463
42.414253
195.000000
0.850000
GRASS_SPROUT
367.072845
41.316460
120.000000
1.100000
GRASS_SPROUT
365.364380
39.980423
285.000000
1.100000
GRASS_SPROUT
367.086548
44.816612
330.000000
0.850000
GRASS_SPROUT
367.775055
44.291740
45.000000
0.800000
GRASS_SPROUT
368.737030
43.797829
15.000000
0.850000
GRASS_SPROUT
364.791443
44.314507
120.000000
1.200000
GRASS_SPROUT
367.155182
43.783676
240.000000
1.200000
GRASS_SPROUT
368.596954
42.726799
195.000000
1.050000
GRASS_SPROUT
366.119812
43.973896
60.000000
1.250000
GRASS_SPROUT
368.355682
41.034679
240.000000
1.250000