TILE
68
5
FIELD_GRASS
0
PINE TREE 1
408.479095
28.441090
180.000000
1.200000
PINE TREE 1
409.080200
29.869547
135.000000
0.750000
PINE TREE 1
409.804840
27.628101
345.000000
0.800000
PINE TREE 1
410.028900
31.091560
0.000000
1.150000
PINE TREE 1
410.061493
32.905712
195.000000
1.000000
PINE TREE 1
407.668243
32.011200
195.000000
1.150000
PINE TREE 1
407.668243
30.275938
330.000000
1.050000
PINE TREE 1
406.789703
28.673622
240.000000
1.100000
PINE TREE 1
405.076996
27.716816
300.000000
1.000000
PINE TREE 1
405.316956
32.613239
180.000000
0.750000
PINE TREE 1
405.499298
31.223772
90.000000
1.250000
PINE TREE 1
405.144592
29.293076
195.000000
1.250000