TILE
64
9
FIELD_GRASS
0
PINE TREE 1
382.213806
55.237244
270.000000
0.750000
PINE TREE 1
383.189178
54.379372
105.000000
1.100000
PINE TREE 1
384.412262
53.291374
330.000000
0.850000
PINE TREE 1
385.449493
52.224499
30.000000
0.750000
PINE TREE 1
383.195892
56.964870
180.000000
1.150000
PINE TREE 1
384.449158
55.905464
210.000000
1.150000
PINE TREE 1
385.548218
54.921951
45.000000
0.900000
PINE TREE 1
386.838379
53.497025
15.000000
1.150000
PINE TREE 1
386.129333
56.540371
15.000000
1.150000
GRASS_SPROUT
386.813629
54.813416
135.000000
1.100000