TILE
64
4
FIELD_GRASS
0
GRASS_SPROUT
384.817871
26.430721
255.000000
0.900000
GRASS_SPROUT
385.222107
25.519329
225.000000
0.850000
GRASS_SPROUT
385.498657
24.694691
15.000000
1.000000
GRASS_SPROUT
385.787781
23.832432
240.000000
0.750000
GRASS_SPROUT
385.731232
23.030069
120.000000
1.100000
GRASS_SPROUT
385.768555
21.938801
315.000000
1.150000
GRASS_SPROUT
385.739288
21.088827
90.000000
0.900000
GRASS_SPROUT
386.742706
22.117153
120.000000
1.100000
GRASS_SPROUT
386.977814
22.889107
105.000000
0.850000
GRASS_SPROUT
386.441620
24.234188
90.000000
0.800000
GRASS_SPROUT
386.077728
25.622982
75.000000
0.800000
GRASS_SPROUT
385.805389
26.563835
105.000000
0.900000
GRASS_SPROUT
386.865265
25.689692
285.000000
1.050000