TILE
65
7
FIELD_GRASS
0
PINE TREE 1
387.287323
44.243847
330.000000
1.050000
PINE TREE 1
387.443207
42.560719
345.000000
0.750000
PINE TREE 1
387.514862
40.838104
105.000000
1.250000
PINE TREE 1
387.569855
39.202217
240.000000
1.000000
PINE TREE 1
388.993713
39.568176
345.000000
1.100000
PINE TREE 1
390.426697
43.882469
240.000000
0.950000
PINE TREE 1
390.658997
42.206322
135.000000
1.250000
PINE TREE 1
390.847839
40.332497
240.000000
1.100000
PINE TREE 1
389.542145
40.920071
60.000000
0.800000
PINE TREE 1
389.381622
43.055721
60.000000
0.850000
PINE TREE 1
388.866241
41.919067
210.000000
0.750000
PINE TREE 1
392.407288
40.306923
330.000000
0.900000
PINE TREE 1
392.970978
42.918915
345.000000
0.900000
GRASS_SPROUT
392.276398
42.112999
135.000000
1.000000
GRASS_SPROUT
391.783997
43.151871
0.000000
1.250000
GRASS_SPROUT
391.400879
44.319824
315.000000
0.900000
GRASS_SPROUT
388.322479
43.620754
270.000000
1.150000