TILE
67
9
FIELD_GRASS
0
PINE TREE 1
402.158722
56.590801
165.000000
1.200000
PINE TREE 1
403.099396
55.185093
285.000000
0.850000
PINE TREE 1
403.626740
53.757511
315.000000
0.850000
PINE TREE 1
403.999908
52.320190
330.000000
1.150000
PINE TREE 1
404.341278
51.005543
180.000000
0.750000
PINE TREE 1
404.981873
54.886875
255.000000
1.250000
PINE TREE 1
404.293030
56.349442
240.000000
0.850000
PINE TREE 1
399.477661
54.084248
180.000000
1.250000
PINE TREE 1
400.839813
52.690990
300.000000
1.000000
PINE TREE 1
401.920746
51.596367
285.000000
0.800000
PINE TREE 1
402.141510
52.791492
195.000000
0.850000
PINE TREE 1
401.874481
54.660759
15.000000
1.050000
PINE TREE 1
400.565460
56.032974
180.000000
1.100000
PINE TREE 1
399.404053
51.436703
165.000000
0.750000