TILE
67
3
FIELD_GRASS
0
PINE TREE 1
400.306854
20.265829
210.000000
1.150000
PINE TREE 1
400.596283
18.890108
30.000000
0.750000
PINE TREE 1
400.721802
17.487936
75.000000
0.900000
PINE TREE 1
400.241516
15.794334
60.000000
1.000000
PINE TREE 1
401.723389
15.934097
315.000000
1.000000
PINE TREE 1
403.193634
15.680659
300.000000
0.800000
PINE TREE 1
404.631104
15.671601
285.000000
1.000000
PINE TREE 1
402.384369
20.376682
330.000000
1.000000
PINE TREE 1
403.650208
19.338840
270.000000
1.200000
PINE TREE 1
401.944000
18.608637
225.000000
1.200000
GRASS_SPROUT
399.032593
15.589437
105.000000
1.100000
GRASS_SPROUT
399.624542
18.000034
180.000000
1.150000
GRASS_SPROUT
399.505127
19.017536
300.000000
1.200000
GRASS_SPROUT
399.009399
20.073666
60.000000
1.050000
GRASS_SPROUT
404.710052
16.939054
135.000000
0.750000
GRASS_SPROUT
403.305908
16.925480
165.000000
1.000000
GRASS_SPROUT
402.803345
17.540363
330.000000
0.850000
GRASS_SPROUT
403.948425
17.529037
180.000000
0.900000
GRASS_SPROUT
402.135223
17.024117
45.000000
1.000000