TILE
64
3
FIELD_GRASS
0
GRASS_SPROUT
385.311981
20.042175
165.000000
1.250000
GRASS_SPROUT
384.845367
19.364632
345.000000
0.750000
GRASS_SPROUT
384.207642
18.480087
240.000000
0.850000
GRASS_SPROUT
383.488373
17.693542
345.000000
1.150000
GRASS_SPROUT
382.870331
16.982697
210.000000
1.200000
GRASS_SPROUT
382.046875
16.208296
15.000000
1.150000
GRASS_SPROUT
381.084076
15.494164
30.000000
1.000000
GRASS_SPROUT
382.938965
15.027729
45.000000
1.050000
GRASS_SPROUT
382.891205
15.842811
315.000000
0.950000
GRASS_SPROUT
383.727325
15.997354
345.000000
0.750000
GRASS_SPROUT
384.742401
15.995315
75.000000
0.800000
GRASS_SPROUT
385.465546
15.848890
300.000000
0.850000
GRASS_SPROUT
386.287567
16.020624
120.000000
0.800000
GRASS_SPROUT
383.911713
15.210399
165.000000
0.800000
GRASS_SPROUT
382.030853
15.283695
90.000000
1.100000
GRASS_SPROUT
386.292908
18.257906
285.000000
1.150000
GRASS_SPROUT
385.979126
17.365610
225.000000
0.750000
GRASS_SPROUT
384.794434
16.806173
225.000000
0.850000
GRASS_SPROUT
385.385681
18.026611
315.000000
1.150000
GRASS_SPROUT
384.475281
17.748619
165.000000
0.900000
GRASS_SPROUT
386.522705
19.432550
225.000000
1.150000