TILE
97
78
FIELD_GRASS
0
GRASS_SPROUT
582.925049
468.995972
135.000000
1.200000
GRASS_SPROUT
583.829651
468.838318
75.000000
0.900000
GRASS_SPROUT
584.655701
468.798615
45.000000
0.900000
GRASS_SPROUT
584.720520
465.936981
210.000000
1.250000
GRASS_SPROUT
583.663513
466.226563
30.000000
0.800000
GRASS_SPROUT
582.651794
466.130676
300.000000
1.200000
GRASS_SPROUT
581.885193
465.641632
345.000000
1.000000
GRASS_SPROUT
581.093811
465.032867
285.000000
1.050000
GRASS_SPROUT
579.787964
469.495728
345.000000
1.100000
GRASS_SPROUT
580.657227
469.382080
330.000000
1.050000
GRASS_SPROUT
581.674500
469.267426
120.000000
1.100000
GRASS_SPROUT
583.938782
465.305054
120.000000
1.050000
GRASS_SPROUT
583.022217
465.093994
120.000000
1.000000
GRASS_SPROUT
581.493286
467.675659
45.000000
1.100000
GRASS_SPROUT
582.606995
467.605621
195.000000
1.000000
GRASS_SPROUT
583.669922
467.570435
0.000000
0.850000
GRASS_SPROUT
584.652039
467.499786
135.000000
1.000000
GRASS_SPROUT
579.459900
466.314697
60.000000
1.000000
GRASS_SPROUT
579.903809
466.971008
15.000000
0.900000
GRASS_SPROUT
581.171814
466.717590
210.000000
1.200000
GRASS_SPROUT
580.430847
467.509583
135.000000
0.900000
GRASS_SPROUT
579.553833
468.251160
330.000000
1.100000
GRASS_SPROUT
583.351135
466.955811
60.000000
0.850000
GRASS_SPROUT
581.064575
468.518951
255.000000
1.050000