TILE
92
78
FIELD_GRASS
0
GRASS_SPROUT
553.405457
465.428741
345.000000
0.900000
GRASS_SPROUT
553.036804
466.230560
0.000000
0.800000
GRASS_SPROUT
552.763672
466.940430
255.000000
0.800000
GRASS_SPROUT
552.448242
467.872406
0.000000
1.100000
GRASS_SPROUT
551.855652
469.169708
45.000000
0.900000
GRASS_SPROUT
551.469299
469.930542
60.000000
1.200000
GRASS_SPROUT
554.618835
465.620728
0.000000
0.850000
GRASS_SPROUT
554.477539
467.022980
135.000000
1.200000
GRASS_SPROUT
553.811035
468.100342
240.000000
1.150000
GRASS_SPROUT
553.964783
470.349518
120.000000
0.900000
GRASS_SPROUT
554.468201
469.316284
255.000000
1.000000
GRASS_SPROUT
553.497314
469.618622
15.000000
1.250000
GRASS_SPROUT
552.543518
470.699890
15.000000
0.950000