TILE
92
79
FIELD_GRASS
0
GRASS_SPROUT
551.227112
474.760712
315.000000
0.850000
GRASS_SPROUT
551.608032
473.700317
180.000000
1.250000
GRASS_SPROUT
552.180664
472.680573
30.000000
0.950000
GRASS_SPROUT
553.278198
471.762756
255.000000
1.150000
GRASS_SPROUT
554.165344
471.376648
90.000000
1.100000
GRASS_SPROUT
550.712952
471.493652
270.000000
1.250000
GRASS_SPROUT
550.153503
472.502197
270.000000
1.200000
GRASS_SPROUT
549.177429
473.436554
330.000000
1.150000
GRASS_SPROUT
552.702637
473.481506
285.000000
0.800000
GRASS_SPROUT
553.490112
472.871521
270.000000
0.800000
GRASS_SPROUT
554.396118
472.422791
330.000000
1.250000
GRASS_SPROUT
551.699829
471.690857
240.000000
0.950000
GRASS_SPROUT
551.067139
472.306732
345.000000
0.800000
GRASS_SPROUT
550.753601
475.462677
150.000000
1.250000
GRASS_SPROUT
550.371765
476.543884
30.000000
0.950000
GRASS_SPROUT
549.805725
473.969696
135.000000
0.800000
GRASS_SPROUT
549.249634
474.576141
285.000000
1.200000
GRASS_SPROUT
550.742920
473.243958
255.000000
1.150000
GRASS_SPROUT
549.735352
475.529755
60.000000
1.150000