TILE
96
76
FIELD_GRASS
0
GRASS_SPROUT
578.435181
457.587677
345.000000
1.000000
GRASS_SPROUT
577.542297
457.351929
225.000000
0.900000
GRASS_SPROUT
576.556946
457.172852
255.000000
1.050000
GRASS_SPROUT
575.669312
457.112732
15.000000
1.150000
GRASS_SPROUT
574.709595
457.587677
195.000000
1.200000
GRASS_SPROUT
574.143921
458.162415
315.000000
0.800000
GRASS_SPROUT
573.736450
458.771515
75.000000
0.900000
GRASS_SPROUT
576.131897
458.013306
300.000000
0.900000
GRASS_SPROUT
575.395569
458.454498
120.000000
1.200000