TILE
95
78
FIELD_GRASS
0
GRASS_SPROUT
568.564392
465.084534
225.000000
1.050000
GRASS_SPROUT
568.276855
466.226563
30.000000
1.150000
GRASS_SPROUT
568.221680
467.506226
255.000000
1.150000
GRASS_SPROUT
568.257263
468.476624
330.000000
0.950000
GRASS_SPROUT
568.536621
469.608398
45.000000
1.100000
GRASS_SPROUT
568.910706
470.545441
75.000000
0.900000
GRASS_SPROUT
569.916626
465.778259
75.000000
1.100000
GRASS_SPROUT
569.131897
467.311859
225.000000
0.750000
GRASS_SPROUT
570.484985
466.515350
135.000000
1.100000
GRASS_SPROUT
571.937866
465.763245
345.000000
1.150000
GRASS_SPROUT
572.841431
465.421509
15.000000
0.950000
GRASS_SPROUT
569.348267
466.618042
240.000000
0.900000
GRASS_SPROUT
572.044861
468.898956
90.000000
1.050000
GRASS_SPROUT
572.895935
466.390381
330.000000
0.800000
GRASS_SPROUT
571.308472
467.898682
210.000000
1.000000
GRASS_SPROUT
570.370239
468.014862
300.000000
1.150000
GRASS_SPROUT
569.856384
468.835419
0.000000
1.050000
GRASS_SPROUT
570.389404
469.585846
120.000000
0.850000
GRASS_SPROUT
570.640503
470.495392
210.000000
1.250000
GRASS_SPROUT
571.458008
470.244141
300.000000
0.750000
GRASS_SPROUT
571.920227
470.920410
315.000000
1.100000
GRASS_SPROUT
572.400269
470.167297
195.000000
1.100000
GRASS_SPROUT
572.791016
467.807220
180.000000
1.100000
GRASS_SPROUT
571.520508
467.067780
285.000000
0.800000
GRASS_SPROUT
572.249817
466.953125
30.000000
1.000000