TILE
33
57
FIELD_GRASS
0
PINE TREE 1
197.398209
340.749176
30.000000
1.150000
PINE TREE 1
195.814362
340.106293
345.000000
1.200000
PINE TREE 1
195.122086
341.799866
225.000000
1.050000
GRASS_SPROUT
195.206100
344.113831
255.000000
1.150000
GRASS_SPROUT
196.061935
343.358948
15.000000
1.100000
GRASS_SPROUT
196.914093
342.665131
255.000000
1.000000
GRASS_SPROUT
197.700134
342.149200
30.000000
1.100000
GRASS_SPROUT
195.046326
343.065552
90.000000
1.200000
GRASS_SPROUT
196.209000
341.546204
255.000000
0.950000
GRASS_SPROUT
195.849014
344.596466
195.000000
0.800000
GRASS_SPROUT
196.798859
343.774231
255.000000
0.950000
GRASS_SPROUT
197.511093
343.079193
0.000000
0.800000
GRASS_SPROUT
198.571243
341.676880
90.000000
1.150000
GRASS_SPROUT
199.150131
340.503845
210.000000
0.800000
GRASS_SPROUT
199.168732
339.575439
135.000000
1.200000