TILE
34
55
FIELD_GRASS
0
PINE TREE 1
204.993515
327.012543
210.000000
1.150000
PINE TREE 1
203.733109
328.153870
255.000000
0.900000
PINE TREE 1
202.405457
329.433685
195.000000
1.150000
PINE TREE 1
201.256516
330.528259
120.000000
0.750000
PINE TREE 1
201.086212
329.042206
315.000000
0.750000
PINE TREE 1
202.633621
327.208496
225.000000
0.950000
GRASS_SPROUT
202.918106
332.824799
90.000000
0.750000
GRASS_SPROUT
203.560822
332.609528
135.000000
0.750000
GRASS_SPROUT
205.381073
332.061340
120.000000
1.250000
GRASS_SPROUT
206.903595
331.891296
300.000000
1.250000
GRASS_SPROUT
204.388168
332.386169
180.000000
1.250000
GRASS_SPROUT
203.355118
331.369232
60.000000
1.250000
GRASS_SPROUT
201.762512
331.369232
225.000000
1.050000
GRASS_SPROUT
206.336411
329.834625
300.000000
1.250000
GRASS_SPROUT
203.434875
330.303345
90.000000
1.250000
GRASS_SPROUT
204.773727
329.882202
315.000000
1.250000
GRASS_SPROUT
205.640427
329.128326
255.000000
1.200000
GRASS_SPROUT
206.914902
328.981720
120.000000
1.150000
GRASS_SPROUT
205.637802
330.571686
300.000000
1.100000
GRASS_SPROUT
204.247879
330.879913
285.000000
1.000000
GRASS_SPROUT
206.135437
327.931885
15.000000
1.050000
GRASS_SPROUT
206.897659
327.717041
150.000000
0.800000
GRASS_SPROUT
204.582443
328.878937
60.000000
1.200000