TILE
39
55
FIELD_GRASS
0
PINE TREE 1
236.995575
332.805786
165.000000
1.150000
PINE TREE 1
232.207230
331.944763
60.000000
1.000000
PINE TREE 1
233.754623
331.904297
195.000000
0.900000
PINE TREE 1
235.316254
331.896454
315.000000
0.850000
PINE TREE 1
236.313599
330.713562
195.000000
1.250000
PINE TREE 1
234.053696
330.199707
30.000000
1.200000
PINE TREE 1
231.090576
330.606079
30.000000
1.150000
PINE TREE 1
236.468048
328.946808
210.000000
1.200000
PINE TREE 1
236.480133
327.010681
105.000000
1.000000
PINE TREE 1
231.743759
329.101044
195.000000
1.000000
PINE TREE 1
232.520615
328.024078
345.000000
0.850000
PINE TREE 1
231.767822
327.080841
240.000000
0.800000
PINE TREE 1
234.632751
328.556274
0.000000
1.150000