TILE
37
53
FIELD_GRASS
0
PINE TREE 1
224.281555
320.738770
135.000000
1.000000
PINE TREE 1
224.470932
319.422821
0.000000
0.800000
PINE TREE 1
223.983063
317.503174
345.000000
1.000000
GRASS_SPROUT
222.553375
320.508789
315.000000
0.900000
GRASS_SPROUT
223.116257
319.899689
300.000000
0.850000
GRASS_SPROUT
224.930054
318.206451
270.000000
1.150000
GRASS_SPROUT
222.538177
319.332214
105.000000
1.050000
GRASS_SPROUT
220.973083
320.725006
300.000000
0.800000
GRASS_SPROUT
221.474930
320.067291
120.000000
1.050000
GRASS_SPROUT
222.913086
318.415466
90.000000
1.250000
GRASS_SPROUT
222.754654
317.322357
105.000000
1.250000
GRASS_SPROUT
222.399002
316.081146
120.000000
1.250000
GRASS_SPROUT
222.022461
315.234955
105.000000
0.750000
GRASS_SPROUT
223.806229
315.413727
240.000000
0.850000
GRASS_SPROUT
223.065231
315.258118
105.000000
0.900000