TILE
38
53
FIELD_GRASS
0
PINE TREE 1
225.266388
316.585815
60.000000
1.150000
PINE TREE 1
226.269287
318.115143
15.000000
0.900000
PINE TREE 1
227.398575
319.329926
45.000000
1.150000
PINE TREE 1
228.446808
320.367126
60.000000
0.950000
PINE TREE 1
226.863235
315.127441
345.000000
1.200000
PINE TREE 1
225.731125
319.237793
345.000000
0.750000
PINE TREE 1
226.940216
320.817230
240.000000
0.700000
PINE TREE 1
228.128815
316.529449
45.000000
0.950000
PINE TREE 1
226.901306
316.854767
240.000000
0.750000
PINE TREE 1
228.947296
315.197510
270.000000
1.000000
PINE TREE 1
229.880432
316.169739
255.000000
0.900000
PINE TREE 1
228.618958
318.100098
210.000000
1.100000
PINE TREE 1
229.954285
318.820557
180.000000
1.050000