TILE
39
54
FIELD_GRASS
0
PINE TREE 1
236.492615
325.343048
0.000000
1.150000
PINE TREE 1
236.500351
323.426544
225.000000
1.250000
PINE TREE 1
236.505768
322.017151
30.000000
0.750000
PINE TREE 1
235.146545
321.366699
345.000000
0.800000
PINE TREE 1
233.128021
322.015900
210.000000
1.150000
PINE TREE 1
231.071732
326.000610
330.000000
0.900000
PINE TREE 1
231.198853
324.319275
165.000000
1.200000
PINE TREE 1
231.455719
322.700775
135.000000
1.100000
PINE TREE 1
232.996689
323.563843
75.000000
1.050000
PINE TREE 1
233.527710
325.148285
150.000000
1.000000
PINE TREE 1
233.936935
326.497131
300.000000
0.900000
PINE TREE 1
234.961014
325.037506
90.000000
0.850000
PINE TREE 1
234.946503
322.903717
15.000000
1.050000
PINE TREE 1
235.406326
326.114471
345.000000
0.750000