TILE
77
1
FIELD_GRASS
0
PINE TREE 1
462.788818
7.807851
225.000000
0.800000
PINE TREE 1
464.349792
6.775536
45.000000
0.900000
PINE TREE 1
464.234955
8.366702
105.000000
1.100000
PINE TREE 1
462.561493
6.555704
225.000000
0.850000
PINE TREE 1
461.093201
7.438173
120.000000
1.000000
PINE TREE 1
463.685547
5.296973
315.000000
0.850000
GRASS_SPROUT
459.445099
8.004475
330.000000
1.000000
GRASS_SPROUT
459.885040
8.686022
180.000000
0.950000
GRASS_SPROUT
459.339264
6.414777
75.000000
1.150000
GRASS_SPROUT
460.518829
5.815014
45.000000
1.200000
GRASS_SPROUT
461.861328
5.185614
300.000000
1.000000
GRASS_SPROUT
464.256104
4.282854
225.000000
1.100000
GRASS_SPROUT
462.837830
4.881981
15.000000
0.750000
GRASS_SPROUT
459.182220
5.563647
165.000000
1.000000
GRASS_SPROUT
460.812714
4.797040
60.000000
0.950000
GRASS_SPROUT
461.448914
4.363745
165.000000
0.900000
GRASS_SPROUT
462.030823
3.974533
45.000000
0.750000
GRASS_SPROUT
462.874329
3.508742
75.000000
1.250000
GRASS_SPROUT
459.256042
4.483546
270.000000
1.100000
GRASS_SPROUT
459.839447
3.657069
225.000000
1.250000