TILE
74
3
FIELD_GRASS
0
GRASS_SPROUT
441.444885
17.839684
240.000000
0.750000
GRASS_SPROUT
442.604736
17.679810
180.000000
1.250000
GRASS_SPROUT
443.563049
17.626143
30.000000
0.950000
GRASS_SPROUT
444.422791
17.572304
345.000000
1.150000
GRASS_SPROUT
445.621735
17.572304
30.000000
0.900000
GRASS_SPROUT
446.284058
17.572304
345.000000
0.750000
GRASS_SPROUT
446.672424
19.668989
120.000000
0.850000
GRASS_SPROUT
446.021606
19.734577
180.000000
0.750000
GRASS_SPROUT
445.188141
19.767239
0.000000
0.950000
GRASS_SPROUT
444.217743
19.767241
150.000000
1.050000
GRASS_SPROUT
443.060150
19.767241
345.000000
1.100000
GRASS_SPROUT
442.197815
19.734577
240.000000
1.000000
GRASS_SPROUT
441.325195
20.089071
120.000000
1.050000
GRASS_SPROUT
441.995758
18.888391
105.000000
1.050000
GRASS_SPROUT
442.952301
18.782864
195.000000
0.900000
GRASS_SPROUT
443.861145
18.782864
0.000000
1.250000
GRASS_SPROUT
444.783112
18.958256
210.000000
0.900000
GRASS_SPROUT
445.551910
18.958256
315.000000
0.900000
GRASS_SPROUT
446.453583
18.853313
195.000000
0.900000
GRASS_SPROUT
445.964783
20.494879
255.000000
1.100000
GRASS_SPROUT
441.239594
20.946310
285.000000
1.100000
GRASS_SPROUT
442.732178
20.857418
30.000000
1.250000
GRASS_SPROUT
443.853424
20.677559
15.000000
0.950000
GRASS_SPROUT
444.597839
20.647310
45.000000
0.750000