TILE
43
25
FIELD_GRASS
0
PINE TREE 1
255.679565
151.596085
195.000000
1.050000
PINE TREE 1
257.070374
150.848633
345.000000
1.150000
PINE TREE 1
258.616852
150.848633
105.000000
1.000000
PINE TREE 1
260.007629
150.447708
90.000000
1.050000
PINE TREE 1
260.818756
149.002731
135.000000
1.250000
PINE TREE 1
257.953674
149.374817
105.000000
1.200000
PINE TREE 1
259.227356
148.259583
210.000000
1.200000
PINE TREE 1
259.770386
152.014877
255.000000
1.200000
GRASS_SPROUT
255.963470
150.503738
240.000000
0.800000
GRASS_SPROUT
255.135422
150.373962
270.000000
0.800000
GRASS_SPROUT
255.976654
149.703552
150.000000
1.200000
GRASS_SPROUT
256.761047
149.283173
195.000000
0.750000
GRASS_SPROUT
257.740997
148.050293
135.000000
1.250000
GRASS_SPROUT
255.428146
148.662704
210.000000
1.100000
GRASS_SPROUT
256.303528
148.321747
180.000000
1.050000
GRASS_SPROUT
258.330322
147.367050
45.000000
0.900000
GRASS_SPROUT
256.611359
147.440582
135.000000
0.800000