TILE
41
22
FIELD_GRASS
0
GRASS_SPROUT
243.207077
134.913177
15.000000
1.050000
GRASS_SPROUT
243.992035
134.613205
60.000000
1.050000
GRASS_SPROUT
245.026260
134.749588
30.000000
0.950000
GRASS_SPROUT
246.714630
134.521561
75.000000
1.100000
GRASS_SPROUT
247.786514
134.974045
15.000000
1.200000
GRASS_SPROUT
244.635666
133.764435
345.000000
1.250000
GRASS_SPROUT
245.648544
133.738556
15.000000
1.200000
GRASS_SPROUT
247.571487
134.041153
300.000000
0.950000
GRASS_SPROUT
246.882568
133.637482
60.000000
0.850000
GRASS_SPROUT
248.496277
134.355545
210.000000
1.150000