TILE
41
25
FIELD_GRASS
0
GRASS_SPROUT
244.082626
150.647491
30.000000
0.950000
GRASS_SPROUT
245.410431
150.556137
105.000000
1.200000
GRASS_SPROUT
246.598923
150.556137
90.000000
1.100000
GRASS_SPROUT
243.339188
152.589645
150.000000
0.900000
GRASS_SPROUT
244.062866
152.422363
225.000000
0.950000
GRASS_SPROUT
244.841583
152.024765
120.000000
1.150000
GRASS_SPROUT
245.028198
147.060379
240.000000
1.150000
GRASS_SPROUT
245.800827
147.497894
210.000000
1.000000
GRASS_SPROUT
243.643387
151.757813
345.000000
0.900000
GRASS_SPROUT
244.196228
149.103836
90.000000
1.100000
GRASS_SPROUT
246.647858
152.072403
345.000000
0.850000
GRASS_SPROUT
244.495560
149.942413
30.000000
0.750000
GRASS_SPROUT
244.871277
149.460083
285.000000
0.750000
GRASS_SPROUT
243.617477
148.206085
240.000000
0.850000
GRASS_SPROUT
247.518311
151.757813
135.000000
1.150000
GRASS_SPROUT
248.526688
150.632126
60.000000
1.100000
GRASS_SPROUT
247.796509
150.009781
240.000000
0.800000
GRASS_SPROUT
246.616180
149.175842
270.000000
1.050000
GRASS_SPROUT
245.864807
148.587708
225.000000
1.250000
GRASS_SPROUT
245.077789
147.971695
285.000000
0.900000
GRASS_SPROUT
248.857712
149.806473
105.000000
0.750000
GRASS_SPROUT
247.600540
149.247498
0.000000
0.750000