TILE
46
25
FIELD_GRASS
0
PINE TREE 1
273.585327
148.867188
210.000000
1.050000
GRASS_SPROUT
275.196075
147.156693
120.000000
0.850000
GRASS_SPROUT
275.876862
147.635880
195.000000
1.000000
GRASS_SPROUT
276.712372
148.084030
240.000000
0.800000
GRASS_SPROUT
277.627655
148.557297
75.000000
1.250000
GRASS_SPROUT
278.398224
148.970627
0.000000
0.750000
GRASS_SPROUT
278.495331
149.783051
300.000000
1.200000
GRASS_SPROUT
278.562683
150.716141
180.000000
1.100000
GRASS_SPROUT
278.204163
151.607346
345.000000
1.100000
GRASS_SPROUT
277.410736
152.146820
345.000000
1.250000
GRASS_SPROUT
276.443329
152.329514
105.000000
0.750000
GRASS_SPROUT
275.463684
152.381149
60.000000
1.150000
GRASS_SPROUT
274.684937
152.303604
30.000000
0.800000
GRASS_SPROUT
273.724792
152.199341
45.000000
1.200000
GRASS_SPROUT
273.556976
150.660934
15.000000
0.750000
GRASS_SPROUT
274.429260
150.853699
285.000000
0.900000
GRASS_SPROUT
275.200073
150.853699
285.000000
0.900000
GRASS_SPROUT
275.830414
150.105789
255.000000
0.950000
GRASS_SPROUT
275.044647
148.878250
255.000000
1.100000
GRASS_SPROUT
274.342621
149.819382
285.000000
1.100000
GRASS_SPROUT
273.221558
150.024567
75.000000
0.850000
GRASS_SPROUT
276.277283
150.998657
225.000000
1.250000
GRASS_SPROUT
277.217407
151.281265
285.000000
0.900000
GRASS_SPROUT
276.057800
148.571503
60.000000
1.050000
GRASS_SPROUT
277.052643
150.525574
75.000000
0.800000
GRASS_SPROUT
276.979340
149.484253
30.000000
0.850000