TILE
27
45
FIELD_GRASS
0
PINE TREE 1
163.472412
270.233765
195.000000
1.150000
GRASS_SPROUT
159.641998
267.590515
300.000000
0.900000
GRASS_SPROUT
160.413406
267.480103
270.000000
0.900000
GRASS_SPROUT
161.419144
267.443085
75.000000
0.900000
GRASS_SPROUT
162.315689
267.443085
270.000000
0.750000
GRASS_SPROUT
163.241653
267.331390
0.000000
1.100000
GRASS_SPROUT
164.304855
267.590515
45.000000
1.250000
GRASS_SPROUT
159.427689
270.633636
255.000000
1.150000
GRASS_SPROUT
160.201569
271.168793
75.000000
1.050000
GRASS_SPROUT
160.717651
271.848480
300.000000
0.800000
GRASS_SPROUT
161.315140
272.270813
165.000000
1.000000
GRASS_SPROUT
162.013855
272.429382
60.000000
0.750000
GRASS_SPROUT
162.886780
272.492218
30.000000
1.100000
GRASS_SPROUT
163.729843
272.554749
15.000000
0.950000
GRASS_SPROUT
164.762192
272.523529
180.000000
1.150000
GRASS_SPROUT
159.393402
269.491638
255.000000
1.150000
GRASS_SPROUT
160.209824
269.960449
60.000000
1.150000
GRASS_SPROUT
161.409760
270.450134
75.000000
0.800000
GRASS_SPROUT
162.443085
271.133820
30.000000
1.250000
GRASS_SPROUT
163.514191
271.376648
30.000000
0.800000
GRASS_SPROUT
161.145218
269.451813
330.000000
1.150000
GRASS_SPROUT
161.264526
268.459045
30.000000
0.950000
GRASS_SPROUT
162.563705
269.210327
300.000000
1.200000
GRASS_SPROUT
162.034393
269.960449
180.000000
1.050000
GRASS_SPROUT
160.368820
268.798035
345.000000
1.100000
GRASS_SPROUT
159.558182
268.459045
90.000000
0.800000
GRASS_SPROUT
164.513397
270.992920
120.000000
0.950000
GRASS_SPROUT
161.588867
271.376648
255.000000
0.850000