TILE
21
71
FIELD_GRASS
0
PINE TREE 2
128.882141
428.134186
15.000000
0.800000
PINE TREE 2
127.479622
427.990082
0.000000
0.950000
PINE TREE 2
126.147522
427.866516
90.000000
0.750000
PINE TREE 2
124.418518
427.612244
270.000000
1.050000
PINE TREE 2
124.925415
423.746490
270.000000
0.750000
PINE TREE 2
125.110817
425.370697
165.000000
1.100000
PINE TREE 2
126.359398
423.924255
30.000000
1.100000
PINE TREE 2
126.192505
426.430908
180.000000
0.800000
PINE TREE 2
123.354958
424.074432
180.000000
0.950000
PINE TREE 2
127.589737
425.317780
105.000000
1.250000
PINE TREE 2
128.990738
426.295593
315.000000
0.950000