TILE
28
73
FIELD_GRASS
0
PINE TREE 2
170.926163
440.332794
135.000000
1.150000
PINE TREE 2
169.508774
440.999390
150.000000
0.800000
PINE TREE 2
165.789337
440.856445
195.000000
1.250000
PINE TREE 2
167.146362
439.908752
105.000000
0.750000
PINE TREE 2
168.380035
438.926270
270.000000
0.750000
PINE TREE 2
169.555725
437.904724
150.000000
0.800000
PINE TREE 2
170.646576
436.905273
225.000000
1.000000
PINE TREE 2
168.026321
440.982544
195.000000
0.900000
PINE TREE 2
166.597549
437.307892
30.000000
1.200000
PINE TREE 2
168.179626
436.232452
15.000000
0.950000
PINE TREE 2
165.119720
435.644073
345.000000
0.900000
PINE TREE 2
166.703674
435.515350
330.000000
1.050000