TILE
29
72
FIELD_GRASS
0
PINE TREE 2
176.201111
434.177795
225.000000
1.100000
PINE TREE 2
176.201645
432.346497
15.000000
0.950000
PINE TREE 2
176.912704
430.585907
195.000000
1.250000
PINE TREE 2
174.638718
432.975922
30.000000
1.250000
PINE TREE 2
173.871460
434.533356
315.000000
1.000000
PINE TREE 2
174.931641
431.156555
270.000000
1.150000
PINE TREE 2
175.410980
429.299225
225.000000
1.200000
PINE TREE 2
173.687317
429.288574
210.000000
0.800000
PINE TREE 2
173.318787
431.789276
120.000000
1.050000
PINE TREE 2
172.404724
433.357971
210.000000
0.800000
PINE TREE 2
171.656769
430.747192
195.000000
1.200000