TILE
29
71
FIELD_GRASS
0
PINE TREE 2
175.833817
427.489044
120.000000
1.050000
PINE TREE 2
176.222290
425.649719
15.000000
1.050000
PINE TREE 2
176.759079
423.595215
300.000000
1.100000
PINE TREE 2
172.259003
423.986664
105.000000
1.250000
PINE TREE 2
171.465363
426.260040
240.000000
1.000000
PINE TREE 2
174.499954
424.540192
30.000000
0.950000
PINE TREE 2
174.631668
425.845245
60.000000
0.750000
PINE TREE 2
173.848969
426.745941
300.000000
0.800000
PINE TREE 2
173.635635
428.004517
315.000000
0.900000
PINE TREE 2
172.313126
428.942780
165.000000
1.000000
PINE TREE 2
172.843857
425.840881
15.000000
0.750000