TILE
61
22
FIELD_GRASS
0
PINE TREE 1
367.951691
134.329178
180.000000
0.900000
PINE TREE 1
366.120361
134.325958
45.000000
1.250000
PINE TREE 1
364.043976
134.324081
255.000000
1.100000
PINE TREE 1
364.736694
132.771194
60.000000
1.100000
PINE TREE 1
366.799652
131.535019
165.000000
1.100000
PINE TREE 1
365.258148
131.082199
150.000000
0.850000
PINE TREE 1
363.851105
131.082199
345.000000
0.800000
PINE TREE 1
363.040436
132.961044
45.000000
1.100000
PINE TREE 1
367.802277
132.833023
180.000000
1.150000
PINE TREE 1
368.133789
131.178101
285.000000
0.800000