TILE
69
27
FIELD_GRASS
0
GRASS_SPROUT
411.908173
162.667099
225.000000
1.100000
GRASS_SPROUT
413.166992
162.557343
15.000000
1.250000
GRASS_SPROUT
414.386780
163.100754
135.000000
1.050000
GRASS_SPROUT
415.364594
163.525986
315.000000
0.900000
GRASS_SPROUT
416.030945
164.250702
60.000000
1.200000
GRASS_SPROUT
412.388367
163.469208
45.000000
0.850000
GRASS_SPROUT
412.037903
164.466690
195.000000
1.000000
GRASS_SPROUT
413.135468
163.600006
180.000000
0.950000
GRASS_SPROUT
414.214539
164.589417
135.000000
1.150000
GRASS_SPROUT
413.802643
163.876724
135.000000
0.850000