TILE
40
58
FIELD_GRASS
0
PINE TREE 1
237.817749
345.735107
210.000000
1.100000
PINE TREE 1
239.467392
345.073761
90.000000
0.950000
PINE TREE 1
242.331635
345.907288
240.000000
0.900000
PINE TREE 1
240.835144
346.524872
90.000000
1.050000
PINE TREE 1
239.461288
347.304932
285.000000
1.050000
PINE TREE 1
237.935974
347.826294
330.000000
1.200000
PINE TREE 1
242.091125
349.678650
225.000000
1.250000
PINE TREE 1
240.269226
349.736938
15.000000
0.750000
PINE TREE 1
239.457718
348.920349
60.000000
0.750000
PINE TREE 1
240.839859
348.299835
0.000000
1.250000
PINE TREE 1
242.265579
347.393341
0.000000
0.750000
PINE TREE 1
239.021423
350.147400
300.000000
1.100000
PINE TREE 1
237.458618
350.147400
240.000000
1.100000