TILE
42
54
FIELD_GRASS
0
PINE TREE 1
253.043457
326.161865
255.000000
0.850000
PINE TREE 1
253.026810
324.694611
15.000000
0.850000
PINE TREE 1
253.006821
322.899078
90.000000
0.850000
PINE TREE 1
252.995514
321.308899
345.000000
1.050000
PINE TREE 1
254.769684
321.639191
15.000000
1.200000
PINE TREE 1
254.414612
324.616241
300.000000
1.100000
GRASS_SPROUT
249.109406
321.065338
0.000000
1.100000
GRASS_SPROUT
249.787994
321.886536
330.000000
1.200000
GRASS_SPROUT
250.745804
321.687408
315.000000
1.050000
GRASS_SPROUT
251.642395
322.745453
210.000000
1.250000
GRASS_SPROUT
250.747665
323.163391
30.000000
1.000000
GRASS_SPROUT
251.943466
321.190430
330.000000
0.750000
GRASS_SPROUT
249.815475
323.450287
165.000000
1.150000
GRASS_SPROUT
249.515137
325.841034
300.000000
0.750000
GRASS_SPROUT
250.367538
325.138245
105.000000
1.200000
GRASS_SPROUT
251.203110
324.459534
30.000000
1.000000
GRASS_SPROUT
251.853897
323.932007
330.000000
1.000000
GRASS_SPROUT
249.456528
325.068237
285.000000
0.800000
GRASS_SPROUT
249.506149
326.774689
300.000000
0.900000
GRASS_SPROUT
251.766785
325.031372
75.000000
0.900000
GRASS_SPROUT
251.276474
325.703888
105.000000
1.050000
GRASS_SPROUT
254.813904
326.119324
315.000000
0.950000
GRASS_SPROUT
254.509262
326.872375
285.000000
0.950000