TILE
47
56
FIELD_GRASS
0
PINE TREE 1
284.825500
336.331635
330.000000
0.900000
PINE TREE 1
283.458862
337.405365
150.000000
1.250000
PINE TREE 1
281.730530
338.295837
195.000000
1.000000
PINE TREE 1
279.826172
336.645721
60.000000
0.750000
PINE TREE 1
281.316315
336.453186
210.000000
1.050000
PINE TREE 1
282.656891
335.835907
105.000000
0.950000
PINE TREE 1
284.000824
334.872009
255.000000
1.250000
PINE TREE 1
284.272064
333.334290
285.000000
0.950000
PINE TREE 1
282.511292
333.605560
60.000000
1.250000
PINE TREE 1
281.219727
334.446442
255.000000
0.950000
PINE TREE 1
280.162262
337.874969
105.000000
0.700000
PINE TREE 1
279.851898
335.008209
75.000000
0.950000