TILE
43
58
FIELD_GRASS
0
PINE TREE 1
260.441803
350.066620
225.000000
1.150000
PINE TREE 1
259.507568
348.872650
30.000000
0.850000
PINE TREE 1
260.593933
347.907318
195.000000
1.200000
GRASS_SPROUT
255.377136
348.081726
210.000000
1.250000
GRASS_SPROUT
256.330933
347.834808
0.000000
1.100000
GRASS_SPROUT
257.454010
347.546570
75.000000
1.150000
GRASS_SPROUT
258.637604
347.251678
135.000000
1.100000
GRASS_SPROUT
259.551086
346.911713
60.000000
0.950000
GRASS_SPROUT
255.372147
349.383728
165.000000
0.800000
GRASS_SPROUT
256.204041
349.336029
120.000000
0.900000
GRASS_SPROUT
257.355011
349.431305
330.000000
0.900000
GRASS_SPROUT
258.226288
349.525940
195.000000
1.250000
GRASS_SPROUT
256.040863
350.306366
150.000000
0.950000
GRASS_SPROUT
258.393982
350.826050
60.000000
1.100000
GRASS_SPROUT
257.637665
350.563629
240.000000
0.800000
GRASS_SPROUT
259.362274
347.683899
75.000000
0.950000