TILE
46
54
FIELD_GRASS
0
GRASS_SPROUT
274.060394
321.215485
30.000000
0.950000
GRASS_SPROUT
274.945831
321.112579
105.000000
1.100000
GRASS_SPROUT
275.862457
321.043488
345.000000
0.900000
GRASS_SPROUT
274.219208
326.470825
255.000000
0.800000
GRASS_SPROUT
275.850708
326.424042
225.000000
1.050000
GRASS_SPROUT
273.498138
325.100891
15.000000
0.800000
GRASS_SPROUT
275.091675
323.770203
270.000000
1.200000
GRASS_SPROUT
275.767059
322.319702
120.000000
1.150000
GRASS_SPROUT
276.829498
322.232025
45.000000
1.050000
GRASS_SPROUT
273.707794
322.319702
180.000000
0.850000
GRASS_SPROUT
274.299713
324.826752
105.000000
1.250000
GRASS_SPROUT
273.452240
324.119232
150.000000
0.850000
GRASS_SPROUT
277.267487
323.612091
195.000000
1.100000
GRASS_SPROUT
273.900635
323.330780
120.000000
1.250000
GRASS_SPROUT
276.355835
323.126221
120.000000
0.850000
GRASS_SPROUT
278.984467
323.043488
120.000000
1.250000
GRASS_SPROUT
278.241272
322.450195
30.000000
1.000000
GRASS_SPROUT
278.622925
321.510254
75.000000
0.900000
GRASS_SPROUT
276.305573
324.233551
225.000000
1.050000
GRASS_SPROUT
278.313263
324.496429
180.000000
1.050000
GRASS_SPROUT
277.212555
324.826752
225.000000
0.950000
GRASS_SPROUT
274.937103
325.968933
120.000000
1.250000
GRASS_SPROUT
275.806427
325.358917
240.000000
0.950000
GRASS_SPROUT
278.096863
325.599731
315.000000
0.800000
GRASS_SPROUT
277.046997
326.165680
255.000000
1.000000
GRASS_SPROUT
273.640045
326.001953
285.000000
0.900000
GRASS_SPROUT
278.591248
326.100464
45.000000
0.950000
GRASS_SPROUT
277.623291
326.921967
150.000000
0.900000