TILE
40
54
FIELD_GRASS
0
PINE TREE 1
238.643707
321.677551
60.000000
0.900000
PINE TREE 1
238.649185
323.107941
330.000000
0.950000
PINE TREE 1
238.649490
324.826569
210.000000
0.950000
PINE TREE 1
238.649612
326.182556
345.000000
0.750000
GRASS_SPROUT
239.658585
322.336487
225.000000
1.100000
GRASS_SPROUT
240.281555
321.156799
45.000000
1.150000
GRASS_SPROUT
241.686371
321.696777
105.000000
0.900000
GRASS_SPROUT
241.886749
322.487000
255.000000
0.750000
GRASS_SPROUT
241.973923
323.578644
135.000000
1.050000
GRASS_SPROUT
242.781662
323.083618
240.000000
1.100000
GRASS_SPROUT
241.006821
324.294189
195.000000
1.050000
GRASS_SPROUT
240.402863
323.161804
180.000000
1.150000
GRASS_SPROUT
242.672012
321.472809
240.000000
0.750000
GRASS_SPROUT
241.919510
324.555817
180.000000
0.850000
GRASS_SPROUT
241.312378
325.492004
120.000000
1.200000
GRASS_SPROUT
240.377762
325.926910
255.000000
1.200000
GRASS_SPROUT
240.161224
324.627502
165.000000
1.150000
GRASS_SPROUT
239.779449
323.793091
195.000000
0.900000
GRASS_SPROUT
241.207077
326.652618
330.000000
1.150000
GRASS_SPROUT
242.413559
326.756866
315.000000
1.150000
GRASS_SPROUT
242.848663
325.969238
210.000000
0.950000
GRASS_SPROUT
240.140442
326.786499
150.000000
0.900000
GRASS_SPROUT
242.935150
324.909424
210.000000
0.750000