TILE
45
20
FIELD_GRASS
0
PINE TREE 1
269.176270
120.912178
285.000000
1.050000
GRASS_SPROUT
271.497345
121.644875
270.000000
1.150000
GRASS_SPROUT
270.852234
122.185684
195.000000
0.850000
GRASS_SPROUT
270.220337
122.503250
225.000000
0.850000
GRASS_SPROUT
269.191162
122.596893
270.000000
1.100000
GRASS_SPROUT
268.381317
121.964455
15.000000
1.100000
GRASS_SPROUT
267.947388
121.105865
285.000000
0.800000
GRASS_SPROUT
267.374878
120.439888
330.000000
0.750000
GRASS_SPROUT
267.578186
119.642120
75.000000
0.900000
GRASS_SPROUT
268.174286
119.199562
150.000000
0.750000
GRASS_SPROUT
268.551178
118.348763
345.000000
0.800000
GRASS_SPROUT
268.905853
117.527832
210.000000
0.950000
GRASS_SPROUT
267.969971
117.094994
225.000000
1.000000
GRASS_SPROUT
269.295441
118.381943
285.000000
0.850000
GRASS_SPROUT
270.043854
119.014336
150.000000
1.250000
GRASS_SPROUT
270.975525
119.082664
120.000000
1.050000
GRASS_SPROUT
271.913361
119.082664
300.000000
1.100000
GRASS_SPROUT
271.810272
119.842232
165.000000
0.750000
GRASS_SPROUT
272.294495
120.251266
330.000000
0.750000
GRASS_SPROUT
271.665955
120.824600
75.000000
0.850000
GRASS_SPROUT
270.308502
117.015228
210.000000
1.050000
GRASS_SPROUT
270.957489
117.602142
210.000000
1.050000
GRASS_SPROUT
267.305695
118.666939
270.000000
1.250000
GRASS_SPROUT
270.277283
120.741325
270.000000
0.850000
GRASS_SPROUT
269.319031
119.757988
240.000000
0.900000
GRASS_SPROUT
270.278259
120.002815
105.000000
0.950000