TILE
74
58
FIELD_GRASS
0
PINE TREE 2
441.527710
346.748169
315.000000
0.900000
GRASS_SPROUT
446.560883
347.221802
300.000000
1.000000
GRASS_SPROUT
445.933014
347.924011
15.000000
0.800000
GRASS_SPROUT
445.166351
348.319916
285.000000
0.850000
GRASS_SPROUT
444.492371
348.596771
345.000000
0.750000
GRASS_SPROUT
443.372528
348.868835
180.000000
1.250000
GRASS_SPROUT
441.919128
349.241882
180.000000
1.200000
GRASS_SPROUT
441.896179
348.150146
330.000000
1.200000
GRASS_SPROUT
446.197540
345.967651
270.000000
1.200000
GRASS_SPROUT
445.002869
346.838501
135.000000
1.250000
GRASS_SPROUT
444.110443
347.422913
150.000000
1.150000
GRASS_SPROUT
443.113983
347.814789
255.000000
1.200000
GRASS_SPROUT
443.338013
345.406311
15.000000
0.950000
GRASS_SPROUT
442.522125
345.673706
15.000000
1.000000
GRASS_SPROUT
441.910248
345.167480
0.000000
0.900000
GRASS_SPROUT
441.219543
345.673706
30.000000
1.100000
GRASS_SPROUT
442.710663
346.957794
270.000000
0.900000
GRASS_SPROUT
443.975555
346.032043
90.000000
1.250000
GRASS_SPROUT
444.853088
345.870453
150.000000
0.800000