TILE
72
59
FIELD_GRASS
0
PINE TREE 2
432.751892
355.162933
60.000000
1.200000
GRASS_SPROUT
429.006470
355.358093
345.000000
1.200000
GRASS_SPROUT
429.602509
354.483307
135.000000
1.050000
GRASS_SPROUT
430.350922
354.115753
180.000000
0.800000
GRASS_SPROUT
431.180206
353.890106
90.000000
0.850000
GRASS_SPROUT
431.888245
353.699005
345.000000
0.800000
GRASS_SPROUT
432.744598
353.466003
60.000000
0.850000
GRASS_SPROUT
433.613831
353.188873
0.000000
0.800000
GRASS_SPROUT
434.531006
352.658508
15.000000
1.100000
GRASS_SPROUT
434.620758
356.015869
315.000000
1.200000
GRASS_SPROUT
434.018066
356.730164
105.000000
0.900000
GRASS_SPROUT
430.864166
356.820221
120.000000
0.750000
GRASS_SPROUT
430.614380
356.174866
90.000000
0.900000
GRASS_SPROUT
431.528259
356.517334
150.000000
0.800000
GRASS_SPROUT
432.733643
356.639435
315.000000
1.250000
GRASS_SPROUT
431.439728
355.757019
30.000000
1.100000
GRASS_SPROUT
430.000427
355.691437
330.000000
0.950000
GRASS_SPROUT
430.672882
355.290314
120.000000
0.800000
GRASS_SPROUT
431.444214
354.928802
180.000000
0.850000
GRASS_SPROUT
434.302826
354.750031
135.000000
1.150000