TILE
72
50
FIELD_GRASS
0
GRASS_SPROUT
434.458771
302.490967
45.000000
0.950000
GRASS_SPROUT
432.039978
302.847992
195.000000
1.100000
GRASS_SPROUT
433.782074
302.140991
255.000000
0.750000
GRASS_SPROUT
432.753967
302.050568
300.000000
0.950000
GRASS_SPROUT
430.502014
302.804138
195.000000
0.850000
GRASS_SPROUT
430.532379
302.054718
105.000000
0.850000
GRASS_SPROUT
430.977264
301.180115
180.000000
1.050000
GRASS_SPROUT
432.471191
300.314758
45.000000
0.900000
GRASS_SPROUT
434.289673
300.033081
60.000000
1.200000
GRASS_SPROUT
433.175995
300.861267
225.000000
0.900000
GRASS_SPROUT
429.722534
301.654846
150.000000
1.200000
GRASS_SPROUT
430.296234
300.601440
240.000000
1.000000
GRASS_SPROUT
429.322327
300.695984
75.000000
1.200000
GRASS_SPROUT
429.867401
298.855560
270.000000
0.800000
GRASS_SPROUT
431.212708
302.359833
120.000000
0.850000
GRASS_SPROUT
432.043793
301.760315
165.000000
0.950000
GRASS_SPROUT
431.467834
300.413269
75.000000
0.850000
GRASS_SPROUT
433.023163
299.923645
90.000000
0.750000
GRASS_SPROUT
434.706970
299.015167
240.000000
1.150000
GRASS_SPROUT
434.513550
301.337769
330.000000
0.850000
GRASS_SPROUT
433.753723
298.470581
45.000000
1.200000
GRASS_SPROUT
432.644562
298.501404
120.000000
0.900000
GRASS_SPROUT
431.778961
298.408722
285.000000
1.050000
GRASS_SPROUT
430.885925
298.864868
150.000000
1.100000
GRASS_SPROUT
429.017517
298.284027
45.000000
0.800000
GRASS_SPROUT
431.098785
297.099579
240.000000
0.800000
GRASS_SPROUT
430.356049
297.995056
75.000000
1.200000
GRASS_SPROUT
432.498932
297.043304
120.000000
1.000000
GRASS_SPROUT
430.126770
297.049316
90.000000
1.200000
GRASS_SPROUT
432.354919
297.823822
180.000000
0.900000