TILE
71
52
FIELD_GRASS
0
GRASS_SPROUT
428.262360
314.121948
15.000000
0.950000
GRASS_SPROUT
427.319702
314.246643
30.000000
0.750000
GRASS_SPROUT
426.263336
314.347961
15.000000
1.150000
GRASS_SPROUT
425.325775
314.412079
135.000000
0.900000
GRASS_SPROUT
424.312897
314.461609
255.000000
0.800000
GRASS_SPROUT
423.395386
314.493622
345.000000
1.100000
GRASS_SPROUT
423.114105
310.328217
270.000000
0.900000
GRASS_SPROUT
423.656738
309.938904
105.000000
0.750000
GRASS_SPROUT
424.181091
309.575653
135.000000
0.750000
GRASS_SPROUT
423.311127
311.505402
45.000000
0.950000
GRASS_SPROUT
425.624023
312.207153
300.000000
1.050000
GRASS_SPROUT
427.297699
312.207153
165.000000
0.950000
GRASS_SPROUT
424.074615
312.207153
270.000000
1.100000
GRASS_SPROUT
428.534515
312.276978
30.000000
1.100000
GRASS_SPROUT
426.356018
312.721771
345.000000
1.000000
GRASS_SPROUT
424.577789
313.053314
0.000000
1.200000
GRASS_SPROUT
428.005829
313.085968
255.000000
1.150000
GRASS_SPROUT
423.193146
313.247955
90.000000
1.100000
GRASS_SPROUT
425.731293
313.247955
255.000000
0.850000
GRASS_SPROUT
426.397125
311.648102
15.000000
1.250000
GRASS_SPROUT
424.571106
310.601929
315.000000
0.850000
GRASS_SPROUT
426.251862
309.827057
45.000000
0.900000
GRASS_SPROUT
427.516846
309.175110
45.000000
1.050000
GRASS_SPROUT
425.238342
309.627899
75.000000
0.750000
GRASS_SPROUT
428.359070
309.194763
165.000000
0.850000
GRASS_SPROUT
425.636230
310.372986
120.000000
0.750000
GRASS_SPROUT
427.753540
310.248352
105.000000
0.750000
GRASS_SPROUT
426.855865
310.437378
15.000000
1.100000
GRASS_SPROUT
428.682922
310.900116
135.000000
1.050000
GRASS_SPROUT
426.542114
309.020172
75.000000
1.200000