TILE
90
9
FIELD_GRASS
0
GRASS_SPROUT
542.204285
52.375298
150.000000
1.200000
GRASS_SPROUT
540.813599
52.324482
195.000000
0.850000
GRASS_SPROUT
539.510315
52.324482
330.000000
1.000000
GRASS_SPROUT
538.443604
52.324482
135.000000
1.200000
GRASS_SPROUT
537.258789
52.324482
150.000000
1.150000
GRASS_SPROUT
537.797485
51.512535
210.000000
1.000000
GRASS_SPROUT
539.059021
51.570396
315.000000
1.050000
GRASS_SPROUT
542.803284
51.003410
180.000000
0.950000
GRASS_SPROUT
538.310913
53.888649
225.000000
1.150000
GRASS_SPROUT
540.032959
53.788723
105.000000
1.000000
GRASS_SPROUT
540.897522
53.616711
120.000000
1.100000
GRASS_SPROUT
540.408142
54.893177
285.000000
1.200000
GRASS_SPROUT
539.051270
55.582020
345.000000
1.100000
GRASS_SPROUT
537.700134
56.238754
255.000000
1.100000
GRASS_SPROUT
537.505615
54.793812
225.000000
0.900000
GRASS_SPROUT
538.880005
54.592289
315.000000
1.100000
GRASS_SPROUT
537.178101
53.926540
345.000000
0.950000
GRASS_SPROUT
541.374268
54.793812
180.000000
0.950000
GRASS_SPROUT
542.973511
55.110069
255.000000
0.900000
GRASS_SPROUT
542.624084
53.537430
300.000000
0.750000
GRASS_SPROUT
542.277954
54.180008
15.000000
0.950000
GRASS_SPROUT
541.708191
56.232384
165.000000
1.000000
GRASS_SPROUT
540.984497
55.905804
90.000000
0.750000
GRASS_SPROUT
540.104675
56.088264
165.000000
1.200000
GRASS_SPROUT
540.848877
56.617168
150.000000
0.900000