TILE
91
9
FIELD_GRASS
0
GRASS_SPROUT
544.932495
51.510067
105.000000
0.850000
GRASS_SPROUT
545.712769
52.142570
240.000000
0.900000
GRASS_SPROUT
546.461487
52.785328
345.000000
1.150000
GRASS_SPROUT
547.234558
53.478443
270.000000
0.850000
GRASS_SPROUT
547.942871
54.133366
240.000000
1.200000
GRASS_SPROUT
548.788025
55.129028
135.000000
1.200000
GRASS_SPROUT
548.313049
56.680702
315.000000
0.900000
GRASS_SPROUT
548.103271
55.912868
60.000000
0.950000
GRASS_SPROUT
547.660522
55.098076
90.000000
0.900000
GRASS_SPROUT
546.344971
53.685417
150.000000
1.050000
GRASS_SPROUT
545.246582
53.261536
180.000000
1.200000
GRASS_SPROUT
544.320251
52.971962
90.000000
1.100000
GRASS_SPROUT
543.421143
52.576847
225.000000
1.100000
GRASS_SPROUT
543.393677
51.616272
345.000000
1.150000
GRASS_SPROUT
544.946838
55.187973
345.000000
0.950000
GRASS_SPROUT
546.517273
54.673260
90.000000
0.900000
GRASS_SPROUT
545.581726
54.673260
270.000000
1.000000
GRASS_SPROUT
544.047302
54.510826
180.000000
0.800000
GRASS_SPROUT
543.340576
54.180008
315.000000
1.100000
GRASS_SPROUT
544.703125
54.469913
15.000000
0.800000
GRASS_SPROUT
546.268982
56.124451
75.000000
1.050000
GRASS_SPROUT
546.691772
56.929203
330.000000
1.100000
GRASS_SPROUT
543.203369
56.160530
60.000000
1.250000
GRASS_SPROUT
545.241211
56.929203
150.000000
1.200000
GRASS_SPROUT
547.832886
52.735256
225.000000
1.200000
GRASS_SPROUT
548.818909
52.504280
120.000000
0.900000
GRASS_SPROUT
548.959717
53.891525
270.000000
1.250000