TILE
96
9
FIELD_GRASS
0
PINE TREE 2
573.625427
56.802643
165.000000
0.850000
GRASS_SPROUT
578.618225
55.552567
345.000000
0.750000
GRASS_SPROUT
577.654114
55.275543
300.000000
0.750000
GRASS_SPROUT
576.645569
55.066635
135.000000
0.800000
GRASS_SPROUT
575.738281
54.934410
90.000000
0.800000
GRASS_SPROUT
574.800781
54.837624
45.000000
1.000000
GRASS_SPROUT
573.800415
54.762833
105.000000
1.250000
GRASS_SPROUT
576.188904
56.771980
135.000000
1.250000
GRASS_SPROUT
576.479431
55.848934
270.000000
1.100000
GRASS_SPROUT
574.888550
56.690647
75.000000
1.250000
GRASS_SPROUT
575.417480
55.837452
195.000000
1.200000
GRASS_SPROUT
577.158508
56.951591
225.000000
1.200000
GRASS_SPROUT
577.266479
56.047630
15.000000
0.850000
GRASS_SPROUT
578.088013
56.591328
135.000000
0.800000