TILE
93
6
FIELD_GRASS
0
GRASS_SPROUT
558.968994
35.653343
120.000000
1.100000
GRASS_SPROUT
557.769409
35.054302
165.000000
0.950000
GRASS_SPROUT
557.132446
34.391273
150.000000
1.050000
GRASS_SPROUT
556.684875
33.688770
195.000000
0.850000
GRASS_SPROUT
560.415405
36.585106
285.000000
0.750000
GRASS_SPROUT
559.578125
36.300755
105.000000
1.100000
GRASS_SPROUT
558.851807
33.012825
345.000000
1.100000
GRASS_SPROUT
560.024963
33.832253
120.000000
0.900000
GRASS_SPROUT
559.405396
33.595959
210.000000
0.750000
GRASS_SPROUT
558.284363
33.493572
135.000000
0.750000
GRASS_SPROUT
558.213806
34.323746
330.000000
1.150000
GRASS_SPROUT
559.135681
34.323746
210.000000
0.900000
GRASS_SPROUT
560.056030
34.877605
0.000000
1.200000