TILE
4
1
FIELD_SAND
16
GRASS_SPROUT
21.388727
8.414551
75.000000
0.800000
GRASS_SPROUT
22.126751
8.224600
120.000000
1.100000
GRASS_SPROUT
23.140982
7.919375
150.000000
1.200000
GRASS_SPROUT
23.916573
7.576674
225.000000
0.750000
GRASS_SPROUT
24.608662
7.163409
330.000000
1.250000
GRASS_SPROUT
25.292255
6.419012
225.000000
1.250000
GRASS_SPROUT
25.909752
5.556809
210.000000
1.200000
GRASS_SPROUT
26.123489
4.630283
285.000000
0.950000
GRASS_SPROUT
26.151760
3.829904
315.000000
0.950000
GRASS_SPROUT
21.328880
4.312713
285.000000
0.900000