TILE
1
5
FIELD_SAND
16
GRASS_SPROUT
4.810229
27.233574
195.000000
0.800000
GRASS_SPROUT
4.810229
28.167912
15.000000
1.250000
GRASS_SPROUT
4.810229
29.581657
270.000000
1.100000
GRASS_SPROUT
4.810229
30.504883
105.000000
0.950000
GRASS_SPROUT
4.810229
31.448009
60.000000
1.100000
GRASS_SPROUT
4.810229
32.511482
345.000000
1.000000
GRASS_SPROUT
3.833079
32.166885
300.000000
1.150000
GRASS_SPROUT
3.833079
31.188444
0.000000
0.750000
GRASS_SPROUT
3.833079
30.258364
225.000000
1.000000
GRASS_SPROUT
3.833079
29.251219
330.000000
1.100000
GRASS_SPROUT
3.833079
28.301638
150.000000
0.950000
GRASS_SPROUT
3.833079
27.239618
150.000000
1.250000