TILE
1
1
FIELD_SAND
16
GRASS_SPROUT
3.085463
7.503248
225.000000
1.200000
GRASS_SPROUT
3.997842
7.530252
240.000000
0.800000
GRASS_SPROUT
4.685084
7.312357
120.000000
0.800000
GRASS_SPROUT
5.518152
6.948926
150.000000
1.200000
GRASS_SPROUT
6.528604
6.602743
270.000000
1.200000
GRASS_SPROUT
7.377197
6.093747
345.000000
1.100000
GRASS_SPROUT
7.867158
5.270048
45.000000
1.150000
GRASS_SPROUT
7.945051
4.399829
120.000000
0.900000
GRASS_SPROUT
7.792551
3.662743
255.000000
0.950000
GRASS_SPROUT
8.497532
3.662743
60.000000
0.750000
GRASS_SPROUT
8.595762
3.030682
255.000000
0.750000
GRASS_SPROUT
3.978065
3.832182
285.000000
1.100000