TILE
5
5
FIELD_SAND
16
GRASS_SPROUT
27.547461
28.451591
240.000000
0.800000
GRASS_SPROUT
28.169701
27.965496
75.000000
1.150000
GRASS_SPROUT
28.604502
28.624252
240.000000
0.750000
GRASS_SPROUT
29.287493
28.963253
120.000000
1.150000
GRASS_SPROUT
30.210285
28.752354
75.000000
1.200000
GRASS_SPROUT
29.466354
29.775597
270.000000
0.850000
GRASS_SPROUT
29.206215
30.429173
285.000000
0.900000
GRASS_SPROUT
29.958094
30.316177
330.000000
0.950000
GRASS_SPROUT
30.716551
30.202194
345.000000
0.950000
GRASS_SPROUT
30.304413
31.087076
0.000000
1.150000
GRASS_SPROUT
29.620022
31.780031
105.000000
1.250000
GRASS_SPROUT
29.048195
32.372009
15.000000
0.800000
GRASS_SPROUT
27.837139
29.216290
165.000000
1.200000
GRASS_SPROUT
27.881371
30.146587
30.000000
1.000000
GRASS_SPROUT
27.944368
30.949005
255.000000
0.950000
GRASS_SPROUT
28.108753
31.692963
315.000000
0.750000
GRASS_SPROUT
27.412149
31.476839
135.000000
0.850000
GRASS_SPROUT
27.575922
32.175541
180.000000
0.800000
GRASS_SPROUT
27.023968
32.693588
315.000000
1.000000
GRASS_SPROUT
28.059599
32.880547
0.000000
1.250000
GRASS_SPROUT
28.857981
27.437897
165.000000
0.750000
GRASS_SPROUT
31.706869
30.017056
270.000000
1.050000