TILE
6
5
FIELD_SAND
16
GRASS_SPROUT
35.887688
27.600391
300.000000
1.050000
GRASS_SPROUT
35.887924
28.573036
345.000000
1.050000
GRASS_SPROUT
35.888096
29.550591
255.000000
0.750000
GRASS_SPROUT
35.888229
30.582504
180.000000
0.750000
GRASS_SPROUT
35.888313
31.543240
75.000000
1.100000
GRASS_SPROUT
35.888378
32.512253
285.000000
0.800000
GRASS_SPROUT
37.549435
27.922703
210.000000
1.200000
GRASS_SPROUT
37.547512
28.860004
60.000000
0.750000
GRASS_SPROUT
37.546028
29.860218
330.000000
1.050000
GRASS_SPROUT
37.545017
30.743290
45.000000
1.000000
GRASS_SPROUT
37.543949
31.675480
345.000000
1.250000
GRASS_SPROUT
37.542992
32.517582
195.000000
0.850000
GRASS_SPROUT
36.843616
32.320847
150.000000
0.850000
GRASS_SPROUT
36.800873
30.194511
45.000000
0.900000
GRASS_SPROUT
36.800865
29.137369
210.000000
1.000000
GRASS_SPROUT
38.318707
29.323341
165.000000
1.250000
GRASS_SPROUT
38.318707
28.282108
210.000000
0.800000
GRASS_SPROUT
38.318707
27.572338
300.000000
0.850000