TILE
18
44
FIELD_GRASS
0
GRASS_SPROUT
110.213486
266.771027
15.000000
1.050000
GRASS_SPROUT
110.927879
262.846375
45.000000
1.050000
GRASS_SPROUT
110.086769
263.466003
285.000000
1.100000
GRASS_SPROUT
109.190231
264.093597
225.000000
1.100000
GRASS_SPROUT
107.943832
264.244720
0.000000
0.750000
GRASS_SPROUT
106.936615
264.615601
285.000000
0.800000
GRASS_SPROUT
105.038322
265.274658
0.000000
1.050000
GRASS_SPROUT
106.797173
266.992615
15.000000
1.000000
GRASS_SPROUT
107.262939
266.238953
345.000000
0.900000
GRASS_SPROUT
106.392754
265.729126
120.000000
0.850000
GRASS_SPROUT
107.443520
265.514496
75.000000
0.850000
GRASS_SPROUT
108.969131
265.035187
135.000000
1.200000
GRASS_SPROUT
110.387642
264.559784
210.000000
1.050000
GRASS_SPROUT
108.272652
265.823212
75.000000
0.850000
GRASS_SPROUT
108.306007
266.869690
255.000000
1.200000
GRASS_SPROUT
108.991493
266.215454
30.000000
1.050000
GRASS_SPROUT
110.340523
265.381531
180.000000
1.000000