TILE
13
40
FIELD_GRASS
0
GRASS_SPROUT
75.047165
239.829117
210.000000
0.950000
GRASS_SPROUT
75.156914
242.030548
45.000000
1.250000
GRASS_SPROUT
78.764961
237.194595
120.000000
1.000000
GRASS_SPROUT
79.158516
238.425980
285.000000
0.850000
GRASS_SPROUT
79.945496
239.035110
75.000000
1.100000
GRASS_SPROUT
77.200775
242.638702
285.000000
1.100000
GRASS_SPROUT
78.047691
242.207016
225.000000
0.750000
GRASS_SPROUT
79.234917
241.941467
0.000000
1.100000
GRASS_SPROUT
80.181290
241.941467
0.000000
0.800000
GRASS_SPROUT
80.824821
241.941467
120.000000
0.800000
GRASS_SPROUT
78.516769
240.338516
210.000000
1.200000
GRASS_SPROUT
77.488525
240.138992
90.000000
0.800000
GRASS_SPROUT
76.721046
239.908676
240.000000
1.000000
GRASS_SPROUT
75.674164
239.319061
165.000000
0.900000
GRASS_SPROUT
76.650902
238.667908
300.000000
1.000000
GRASS_SPROUT
77.294373
237.815903
120.000000
1.050000
GRASS_SPROUT
75.813400
237.109055
225.000000
1.200000
GRASS_SPROUT
75.268738
238.390640
165.000000
1.250000
GRASS_SPROUT
75.888031
240.242096
120.000000
1.050000
GRASS_SPROUT
77.094093
240.738297
0.000000
0.850000
GRASS_SPROUT
76.194267
241.301361
210.000000
0.800000
GRASS_SPROUT
77.524445
241.416458
165.000000
0.800000
GRASS_SPROUT
76.829445
241.947662
90.000000
0.750000
GRASS_SPROUT
78.113266
238.974609
75.000000
1.150000
GRASS_SPROUT
80.564713
239.691238
0.000000
1.000000
GRASS_SPROUT
79.274643
239.524353
270.000000
0.950000
GRASS_SPROUT
80.165535
240.523758
30.000000
1.200000
GRASS_SPROUT
79.468147
241.067627
270.000000
1.000000