TILE
14
45
FIELD_GRASS
0
GRASS_SPROUT
83.214722
267.791351
165.000000
1.150000
GRASS_SPROUT
82.745918
268.875549
315.000000
1.100000
GRASS_SPROUT
82.420113
269.764526
225.000000
1.100000
GRASS_SPROUT
81.929787
270.610016
75.000000
1.000000
GRASS_SPROUT
81.450462
271.354645
285.000000
0.800000
GRASS_SPROUT
81.129814
269.935547
270.000000
1.250000
GRASS_SPROUT
81.270721
268.967346
120.000000
0.800000
GRASS_SPROUT
81.310524
268.024536
270.000000
1.250000
GRASS_SPROUT
81.823326
267.023621
300.000000
1.200000