TILE
11
46
FIELD_GRASS
0
GRASS_SPROUT
63.850948
275.307373
90.000000
1.150000
GRASS_SPROUT
65.006866
275.632843
165.000000
1.200000
GRASS_SPROUT
66.375343
275.815552
345.000000
1.200000
GRASS_SPROUT
67.590942
275.860870
270.000000
0.950000
GRASS_SPROUT
68.442505
275.770081
345.000000
0.950000
GRASS_SPROUT
63.702148
278.808319
180.000000
1.000000
GRASS_SPROUT
64.991570
277.886993
0.000000
1.250000
GRASS_SPROUT
66.021614
277.886993
45.000000
1.100000
GRASS_SPROUT
66.636772
278.566833
0.000000
0.800000
GRASS_SPROUT
67.704102
278.177704
90.000000
1.000000
GRASS_SPROUT
63.618023
276.410095
240.000000
0.850000
GRASS_SPROUT
64.379913
276.775055
60.000000
0.800000
GRASS_SPROUT
63.858063
277.400146
315.000000
0.750000
GRASS_SPROUT
65.401299
276.654449
120.000000
1.250000
GRASS_SPROUT
66.380226
276.973541
15.000000
1.000000
GRASS_SPROUT
67.474495
277.249603
30.000000
1.100000
GRASS_SPROUT
67.450867
278.843811
210.000000
0.750000
GRASS_SPROUT
68.430855
277.128387
30.000000
0.800000
GRASS_SPROUT
68.876785
276.486603
165.000000
1.100000
GRASS_SPROUT
68.766373
278.364105
330.000000
0.950000