TILE
17
46
FIELD_GRASS
0
GRASS_SPROUT
100.267845
278.746704
45.000000
1.000000
GRASS_SPROUT
100.997284
278.563812
315.000000
0.800000
GRASS_SPROUT
99.414009
278.435913
225.000000
0.950000
GRASS_SPROUT
99.003258
276.284424
75.000000
1.000000
GRASS_SPROUT
100.054916
276.923584
135.000000
1.200000
GRASS_SPROUT
99.955101
277.866028
180.000000
0.800000
GRASS_SPROUT
99.021385
277.216858
75.000000
1.000000
GRASS_SPROUT
99.743637
275.428040
195.000000
0.800000
GRASS_SPROUT
100.510025
273.806885
225.000000
0.900000
GRASS_SPROUT
101.424690
273.913483
225.000000
0.900000
GRASS_SPROUT
101.827209
274.695374
135.000000
1.000000
GRASS_SPROUT
102.298561
275.249176
60.000000
0.800000
GRASS_SPROUT
102.592155
275.999054
45.000000
0.800000
GRASS_SPROUT
102.139771
276.867126
0.000000
1.100000
GRASS_SPROUT
103.119308
276.962402
165.000000
0.950000
GRASS_SPROUT
103.410057
276.275269
180.000000
0.800000
GRASS_SPROUT
103.511940
278.036133
45.000000
1.150000
GRASS_SPROUT
102.534462
277.907562
210.000000
1.100000
GRASS_SPROUT
101.092735
276.313843
285.000000
1.100000
GRASS_SPROUT
101.321709
277.216705
315.000000
0.800000
GRASS_SPROUT
101.665764
275.446777
30.000000
0.750000
GRASS_SPROUT
104.402954
278.746002
240.000000
0.800000
GRASS_SPROUT
104.470215
277.946533
60.000000
1.000000
GRASS_SPROUT
104.646164
274.799072
30.000000
0.850000
GRASS_SPROUT
104.173210
274.307526
195.000000
0.750000
GRASS_SPROUT
103.234879
273.571228
45.000000
1.000000
GRASS_SPROUT
102.938698
274.547577
300.000000
1.200000
GRASS_SPROUT
99.248543
273.987732
60.000000
1.250000
GRASS_SPROUT
99.097206
275.146790
315.000000
0.800000
GRASS_SPROUT
100.733490
274.950562
0.000000
1.250000
GRASS_SPROUT
104.130928
275.722778
60.000000
0.850000
GRASS_SPROUT
104.049446
276.842072
300.000000
1.200000