TILE
78
35
FIELD_GRASS
0
PINE TREE 2
470.630981
207.657959
255.000000
1.250000
PINE TREE 2
470.167419
209.480392
30.000000
1.050000
PINE TREE 2
470.165680
210.883743
195.000000
0.800000
PINE TREE 2
468.779449
208.745895
75.000000
0.900000
PINE TREE 2
467.139648
208.754745
135.000000
1.250000
PINE TREE 2
465.322998
208.724411
225.000000
0.750000
PINE TREE 2
466.065582
210.801392
255.000000
1.050000
PINE TREE 2
467.674408
211.228378
330.000000
0.850000
PINE TREE 2
468.583038
207.248962
180.000000
1.050000
PINE TREE 2
466.576080
207.156784
315.000000
0.950000
PINE TREE 2
469.054932
212.059952
150.000000
1.200000
PINE TREE 2
465.525879
212.401794
210.000000
1.200000
PINE TREE 2
468.805267
210.280624
45.000000
1.000000
GRASS_SPROUT
467.748901
212.319290
105.000000
1.050000