TILE
79
36
FIELD_GRASS
0
PINE TREE 2
472.063904
214.061432
75.000000
0.850000
PINE TREE 2
473.420898
214.058823
180.000000
0.850000
PINE TREE 2
475.279572
214.056915
0.000000
1.200000
GRASS_SPROUT
471.111603
215.052628
270.000000
0.900000
GRASS_SPROUT
471.378113
216.004486
240.000000
1.200000
GRASS_SPROUT
472.036713
216.820251
45.000000
1.250000
GRASS_SPROUT
471.125580
217.985718
15.000000
1.100000
GRASS_SPROUT
472.384949
218.115814
165.000000
1.100000
GRASS_SPROUT
472.028259
218.898438
120.000000
1.000000
GRASS_SPROUT
473.047821
216.269669
315.000000
0.950000
GRASS_SPROUT
472.293274
215.216019
270.000000
0.850000
GRASS_SPROUT
471.067719
218.868118
330.000000
0.800000
GRASS_SPROUT
473.511292
215.417557
300.000000
1.200000
GRASS_SPROUT
476.257294
215.011459
165.000000
0.900000
GRASS_SPROUT
474.762482
215.576645
315.000000
1.150000
GRASS_SPROUT
473.376923
217.069275
195.000000
1.050000
GRASS_SPROUT
474.489624
217.731140
30.000000
0.900000
GRASS_SPROUT
474.208740
218.866974
315.000000
1.050000
GRASS_SPROUT
473.261566
218.457184
15.000000
0.750000
GRASS_SPROUT
475.552185
216.919128
120.000000
1.200000
GRASS_SPROUT
476.361084
216.399353
345.000000
1.200000
GRASS_SPROUT
475.433441
217.905426
60.000000
0.850000
GRASS_SPROUT
474.494751
216.685181
90.000000
1.150000