TILE
16
67
FIELD_GRASS
0
GRASS_SPROUT
93.561172
399.142212
165.000000
0.850000
GRASS_SPROUT
98.425674
399.580444
0.000000
1.100000
GRASS_SPROUT
98.299248
400.701019
75.000000
0.800000
GRASS_SPROUT
98.305801
401.611847
30.000000
0.750000
GRASS_SPROUT
98.310501
402.532562
165.000000
1.250000
GRASS_SPROUT
98.315102
403.950073
315.000000
1.100000
GRASS_SPROUT
98.249947
404.937805
180.000000
1.000000
GRASS_SPROUT
95.433380
404.464325
30.000000
1.100000
GRASS_SPROUT
95.249672
403.086487
270.000000
1.100000
GRASS_SPROUT
95.136269
402.313690
15.000000
0.750000
GRASS_SPROUT
94.946350
401.115906
135.000000
1.050000
GRASS_SPROUT
94.596176
400.076874
15.000000
1.000000
GRASS_SPROUT
93.021454
400.867859
240.000000
1.250000
GRASS_SPROUT
93.759766
401.644501
45.000000
0.800000
GRASS_SPROUT
94.165993
402.250793
30.000000
0.850000
GRASS_SPROUT
95.954102
403.723450
225.000000
1.150000
GRASS_SPROUT
96.588341
402.907654
300.000000
0.950000
GRASS_SPROUT
96.634453
402.006958
285.000000
0.750000
GRASS_SPROUT
96.604599
401.304779
120.000000
0.850000
GRASS_SPROUT
96.288017
400.698456
75.000000
0.750000
GRASS_SPROUT
95.862137
399.101166
105.000000
0.800000
GRASS_SPROUT
95.889801
402.192902
0.000000
1.150000
GRASS_SPROUT
96.842888
399.335938
210.000000
1.200000
GRASS_SPROUT
96.800804
404.302185
45.000000
1.150000
GRASS_SPROUT
97.417114
400.763123
30.000000
1.200000
GRASS_SPROUT
97.353798
402.248047
255.000000
1.100000
GRASS_SPROUT
95.737663
400.178680
240.000000
1.050000
GRASS_SPROUT
93.987114
404.315552
165.000000
0.950000
GRASS_SPROUT
94.152855
403.315552
150.000000
1.250000
GRASS_SPROUT
97.434456
403.496307
225.000000
1.000000