TILE
14
64
FIELD_GRASS
0
PINE TREE 1
86.392754
385.530457
75.000000
1.100000
PINE TREE 1
85.811913
386.985809
225.000000
0.900000
PINE TREE 1
86.831398
383.207489
240.000000
0.850000
PINE TREE 1
85.390175
383.575989
30.000000
0.850000
PINE TREE 1
84.110176
383.653351
300.000000
0.750000
PINE TREE 1
82.530396
381.411621
300.000000
1.200000
PINE TREE 1
84.170105
382.111145
240.000000
1.100000
PINE TREE 1
86.148102
381.872559
60.000000
0.900000
PINE TREE 1
82.675797
384.007141
315.000000
1.050000
PINE TREE 1
84.303528
386.713196
90.000000
1.000000
PINE TREE 1
84.570412
385.193024
60.000000
0.900000
PINE TREE 1
83.457314
385.632935
180.000000
0.750000
PINE TREE 1
82.208366
385.765198
285.000000
0.950000