TILE
11
65
FIELD_GRASS
0
PINE TREE 1
63.497398
392.837372
150.000000
1.000000
PINE TREE 1
63.131920
390.545074
270.000000
1.000000
PINE TREE 1
64.068291
391.349945
270.000000
0.750000
PINE TREE 1
64.789978
392.166626
105.000000
0.800000
PINE TREE 1
65.930954
392.381866
135.000000
0.750000
PINE TREE 1
65.567848
391.081726
195.000000
0.750000
PINE TREE 1
64.906708
389.678650
75.000000
1.200000
PINE TREE 1
63.908070
388.245758
285.000000
1.100000
PINE TREE 1
66.764572
390.775513
270.000000
0.950000
PINE TREE 1
66.904182
389.294922
300.000000
0.800000
PINE TREE 1
66.141617
387.872253
45.000000
1.050000
PINE TREE 1
67.798256
388.319366
240.000000
0.900000
PINE TREE 1
68.716713
387.295288
120.000000
0.850000
PINE TREE 1
68.212799
390.196381
75.000000
1.150000
PINE TREE 1
67.999146
391.852570
75.000000
1.200000