TILE
18
67
FIELD_GRASS
0
GRASS_SPROUT
110.596565
403.327118
165.000000
0.850000
GRASS_SPROUT
109.722809
402.558441
270.000000
1.250000
GRASS_SPROUT
108.654121
401.663330
315.000000
1.050000
GRASS_SPROUT
107.561394
400.661377
330.000000
1.200000
GRASS_SPROUT
106.832855
399.891449
0.000000
1.150000
GRASS_SPROUT
105.294456
402.956390
60.000000
1.100000
GRASS_SPROUT
105.736725
403.670105
345.000000
0.850000
GRASS_SPROUT
106.200981
404.273865
330.000000
0.850000
GRASS_SPROUT
105.248322
400.880920
210.000000
1.050000
GRASS_SPROUT
106.009117
401.840546
105.000000
1.200000
GRASS_SPROUT
106.533722
402.544922
45.000000
0.800000
GRASS_SPROUT
107.176163
403.297424
195.000000
1.100000
GRASS_SPROUT
107.722321
403.976074
240.000000
1.050000
GRASS_SPROUT
108.529037
404.718658
225.000000
1.200000
GRASS_SPROUT
107.997726
402.889618
300.000000
1.100000
GRASS_SPROUT
110.226646
404.884430
180.000000
1.200000
GRASS_SPROUT
109.439377
404.419098
165.000000
0.800000
GRASS_SPROUT
109.135971
403.839172
15.000000
0.750000
GRASS_SPROUT
105.026802
403.931702
315.000000
0.850000
GRASS_SPROUT
105.062004
399.137329
285.000000
1.050000
GRASS_SPROUT
105.583466
399.943878
60.000000
1.000000
GRASS_SPROUT
106.227760
400.678589
255.000000
1.250000
GRASS_SPROUT
107.016228
401.341370
165.000000
0.800000
GRASS_SPROUT
107.538834
401.887512
330.000000
0.950000