TILE
16
64
FIELD_GRASS
0
PINE TREE 1
93.362511
383.913605
300.000000
0.900000
PINE TREE 1
94.708344
384.543030
135.000000
1.050000
PINE TREE 1
96.505508
384.962189
15.000000
1.000000
PINE TREE 1
98.201607
385.199585
255.000000
1.000000
PINE TREE 1
93.405762
385.525574
45.000000
1.050000
PINE TREE 1
98.621727
386.743195
165.000000
1.250000
PINE TREE 1
97.120689
386.694214
15.000000
0.850000
GRASS_SPROUT
94.799004
381.732635
30.000000
0.900000
GRASS_SPROUT
95.537636
382.290039
15.000000
0.950000
GRASS_SPROUT
96.512886
382.953186
345.000000
1.050000
GRASS_SPROUT
97.401108
383.458649
15.000000
0.850000
GRASS_SPROUT
98.376190
383.943329
45.000000
1.100000
GRASS_SPROUT
95.440804
383.396637
135.000000
1.150000
GRASS_SPROUT
94.508041
382.888489
270.000000
0.750000
GRASS_SPROUT
93.876137
382.425598
180.000000
1.050000
GRASS_SPROUT
93.007446
381.732635
240.000000
1.050000
GRASS_SPROUT
96.082733
381.334595
15.000000
0.850000
GRASS_SPROUT
96.908630
381.979553
90.000000
1.050000
GRASS_SPROUT
97.886505
382.391846
330.000000
1.000000
GRASS_SPROUT
98.766716
382.855988
315.000000
0.750000
GRASS_SPROUT
97.713943
381.606964
270.000000
0.950000