TILE
11
64
FIELD_GRASS
0
PINE TREE 1
67.618690
384.421936
45.000000
1.250000
PINE TREE 1
65.713959
384.618134
180.000000
0.950000
PINE TREE 1
64.225288
382.841492
255.000000
1.250000
PINE TREE 1
64.530602
385.252075
255.000000
0.850000
PINE TREE 1
63.161076
386.247528
345.000000
0.750000
PINE TREE 1
65.107079
386.532379
240.000000
1.100000
PINE TREE 1
66.455246
386.588501
345.000000
0.750000
PINE TREE 1
67.652397
386.187561
300.000000
1.000000
GRASS_SPROUT
65.423660
382.041107
135.000000
1.150000
GRASS_SPROUT
67.305786
381.277100
135.000000
1.150000
GRASS_SPROUT
67.712883
382.065399
345.000000
1.050000
GRASS_SPROUT
66.726158
382.552246
210.000000
0.900000