TILE
10
69
FIELD_GRASS
0
PINE TREE 1
58.922478
415.185242
210.000000
1.150000
PINE TREE 1
57.421360
415.020386
255.000000
0.750000
PINE TREE 1
57.658062
411.676208
135.000000
1.250000
PINE TREE 1
58.780136
412.631317
225.000000
0.750000
PINE TREE 1
59.984547
413.688599
150.000000
0.850000
PINE TREE 1
61.243732
414.696472
135.000000
1.250000
GRASS_SPROUT
62.757793
413.254913
90.000000
0.800000
GRASS_SPROUT
62.169529
412.648712
150.000000
1.100000
GRASS_SPROUT
61.314960
411.746307
165.000000
1.250000
GRASS_SPROUT
60.625580
411.010254
255.000000
1.250000
GRASS_SPROUT
62.384247
411.614166
315.000000
1.150000
GRASS_SPROUT
60.714325
412.720184
135.000000
1.100000
GRASS_SPROUT
59.509922
412.194916
180.000000
0.750000
GRASS_SPROUT
61.241634
413.359406
45.000000
0.900000
GRASS_SPROUT
58.329857
413.371613
285.000000
0.800000
GRASS_SPROUT
58.079674
414.232605
180.000000
1.100000
GRASS_SPROUT
57.254383
413.444733
30.000000
1.250000
GRASS_SPROUT
60.967575
416.315125
105.000000
1.050000
GRASS_SPROUT
60.158157
415.902527
90.000000
1.050000
GRASS_SPROUT
59.736351
411.419586
165.000000
1.100000