TILE
10
61
FIELD_GRASS
0
PINE TREE 1
57.586086
366.156464
60.000000
0.850000
PINE TREE 1
58.744213
364.964539
30.000000
0.950000
PINE TREE 1
60.310215
363.335388
60.000000
1.250000
PINE TREE 1
58.213764
368.253479
135.000000
1.200000
PINE TREE 1
59.345581
367.323395
90.000000
0.750000
PINE TREE 1
60.115818
366.202240
120.000000
1.150000
PINE TREE 1
61.949055
364.014771
75.000000
1.150000
PINE TREE 1
58.432766
363.169159
270.000000
0.850000
PINE TREE 1
61.892773
365.524231
330.000000
0.950000
GRASS_SPROUT
62.598373
366.773407
330.000000
1.100000
GRASS_SPROUT
61.691246
367.391174
300.000000
1.050000
GRASS_SPROUT
60.856201
368.248413
270.000000
1.150000
GRASS_SPROUT
62.485332
367.718231
150.000000
1.050000
GRASS_SPROUT
61.906876
368.506805
0.000000
1.150000
GRASS_SPROUT
59.798058
368.212738
150.000000
0.800000