TILE
13
63
FIELD_GRASS
0
PINE TREE 1
77.515739
375.504974
345.000000
0.800000
PINE TREE 1
77.032417
376.984314
180.000000
0.950000
PINE TREE 1
75.915482
378.600372
150.000000
1.150000
PINE TREE 1
76.892006
380.164246
120.000000
1.100000
PINE TREE 1
78.210564
379.487122
255.000000
0.850000
PINE TREE 1
79.580994
379.239746
285.000000
1.050000
PINE TREE 1
80.850372
375.451355
240.000000
1.200000
PINE TREE 1
79.589783
376.248688
240.000000
0.900000
PINE TREE 1
78.913399
377.878906
120.000000
0.750000
PINE TREE 1
80.187721
377.870270
300.000000
0.900000
PINE TREE 1
77.835640
378.241486
315.000000
0.800000
PINE TREE 1
78.204704
376.611237
315.000000
0.750000
GRASS_SPROUT
76.546135
375.451752
225.000000
0.800000
GRASS_SPROUT
76.102272
376.069489
165.000000
1.100000
GRASS_SPROUT
75.267654
376.987793
210.000000
1.250000