TILE
11
63
FIELD_GRASS
0
GRASS_SPROUT
68.310059
379.107452
195.000000
0.800000
GRASS_SPROUT
67.542267
378.865295
345.000000
0.950000
GRASS_SPROUT
66.602455
378.330139
30.000000
1.100000
GRASS_SPROUT
65.841316
377.656952
75.000000
0.800000
GRASS_SPROUT
65.426872
377.068298
300.000000
0.900000
GRASS_SPROUT
64.716232
376.069489
285.000000
1.000000
GRASS_SPROUT
63.179459
377.937286
150.000000
0.950000
GRASS_SPROUT
63.537315
378.609009
330.000000
0.750000
GRASS_SPROUT
63.124626
375.777863
240.000000
0.850000
GRASS_SPROUT
63.698219
376.182739
15.000000
0.850000
GRASS_SPROUT
64.199135
379.045593
345.000000
0.750000
GRASS_SPROUT
64.257828
380.826263
345.000000
1.150000
GRASS_SPROUT
63.512447
380.263611
210.000000
0.950000
GRASS_SPROUT
64.885742
379.907867
135.000000
1.200000
GRASS_SPROUT
65.326035
380.858398
120.000000
1.000000
GRASS_SPROUT
66.218277
380.518707
105.000000
0.950000
GRASS_SPROUT
64.563118
378.327911
330.000000
1.200000
GRASS_SPROUT
64.214012
377.438354
270.000000
0.850000
GRASS_SPROUT
65.262337
378.983948
45.000000
1.150000
GRASS_SPROUT
68.016724
380.736145
120.000000
1.000000
GRASS_SPROUT
65.909225
379.699615
150.000000
1.000000
GRASS_SPROUT
67.938553
379.775269
210.000000
0.850000