TILE
16
66
FIELD_GRASS
0
PINE TREE 1
97.470177
394.270844
315.000000
1.200000
PINE TREE 1
95.626701
394.873627
90.000000
1.100000
PINE TREE 1
94.060371
395.485504
75.000000
0.900000
PINE TREE 1
93.277298
393.538574
45.000000
0.950000
PINE TREE 1
95.618729
393.183258
60.000000
1.250000
GRASS_SPROUT
97.692955
395.914642
255.000000
1.250000
GRASS_SPROUT
96.156593
397.064240
120.000000
0.750000
GRASS_SPROUT
94.842529
397.753296
210.000000
1.050000
GRASS_SPROUT
93.582680
398.239441
180.000000
1.100000
GRASS_SPROUT
93.243011
397.445190
300.000000
0.800000
GRASS_SPROUT
96.099319
398.480927
225.000000
0.750000
GRASS_SPROUT
94.189522
396.784363
60.000000
1.150000
GRASS_SPROUT
95.026291
396.279449
270.000000
0.900000
GRASS_SPROUT
96.709099
395.264008
300.000000
0.900000
GRASS_SPROUT
98.653954
395.702362
75.000000
1.000000
GRASS_SPROUT
98.134575
396.988068
285.000000
1.250000
GRASS_SPROUT
98.698112
398.756653
270.000000
0.950000
GRASS_SPROUT
96.698631
397.885406
60.000000
0.950000
GRASS_SPROUT
94.320068
398.962006
195.000000
1.000000
GRASS_SPROUT
97.660370
398.672760
285.000000
1.250000
GRASS_SPROUT
95.993492
396.135895
225.000000
1.250000