TILE
59
72
FIELD_GRASS
0
PINE TREE 1
354.906189
432.788666
270.000000
0.800000
PINE TREE 1
354.861755
431.503326
195.000000
0.950000
PINE TREE 1
356.570251
430.690399
270.000000
1.100000
PINE TREE 1
356.837036
432.801270
105.000000
1.150000
GRASS_SPROUT
356.159058
434.068390
45.000000
1.100000
GRASS_SPROUT
355.375092
434.073334
315.000000
0.800000
GRASS_SPROUT
354.649506
434.074554
45.000000
1.000000
GRASS_SPROUT
353.868713
434.074677
270.000000
0.900000
GRASS_SPROUT
353.425049
433.129761
300.000000
1.050000
GRASS_SPROUT
353.297729
432.230011
30.000000
1.100000
GRASS_SPROUT
353.204681
431.150574
75.000000
1.150000
GRASS_SPROUT
353.326721
430.252106
60.000000
0.850000
GRASS_SPROUT
353.749237
429.602264
60.000000
1.000000
GRASS_SPROUT
354.550232
429.320160
105.000000
1.100000
GRASS_SPROUT
355.712494
429.574493
285.000000
1.100000
GRASS_SPROUT
356.988556
429.561920
330.000000
0.950000
GRASS_SPROUT
355.873566
431.558563
285.000000
0.800000
GRASS_SPROUT
354.300507
430.587769
60.000000
1.000000
GRASS_SPROUT
351.436188
431.370941
45.000000
1.250000
GRASS_SPROUT
352.371460
430.098450
225.000000
1.250000
GRASS_SPROUT
351.822083
432.246002
315.000000
0.800000
GRASS_SPROUT
352.450317
432.735748
270.000000
1.100000
GRASS_SPROUT
351.117004
432.735748
60.000000
1.050000