TILE
52
76
FIELD_GRASS
0
PINE TREE 2
309.079712
453.425873
315.000000
0.900000
PINE TREE 2
309.517914
454.954926
75.000000
1.150000
PINE TREE 2
310.564636
453.076324
75.000000
1.100000
PINE TREE 2
310.960083
455.956482
330.000000
1.150000
PINE TREE 2
309.800934
458.743927
300.000000
1.050000
PINE TREE 2
311.406250
458.529633
15.000000
0.950000
PINE TREE 2
312.692566
457.930634
240.000000
0.900000
PINE TREE 2
313.550598
456.964386
345.000000
0.750000
PINE TREE 2
314.349396
455.817780
15.000000
1.100000
PINE TREE 2
312.804382
454.883179
60.000000
1.150000
PINE TREE 1
314.714508
457.413971
30.000000
0.950000
PINE TREE 2
314.741089
454.149170
0.000000
1.100000