TILE
52
78
FIELD_GRASS
0
PINE TREE 1
310.171753
465.270660
345.000000
1.250000
PINE TREE 1
311.351593
466.272491
135.000000
0.900000
PINE TREE 1
312.700043
465.815674
270.000000
0.800000
PINE TREE 1
314.019348
466.364838
165.000000
1.050000
PINE TREE 1
314.074524
468.333618
150.000000
0.900000
PINE TREE 1
312.843536
468.201752
45.000000
0.750000
PINE TREE 1
310.488190
467.449951
60.000000
1.000000
PINE TREE 1
309.474518
469.003052
0.000000
1.150000
PINE TREE 1
311.079437
469.068359
195.000000
1.000000
PINE TREE 1
312.338074
469.838348
150.000000
0.800000
PINE TREE 1
312.129791
467.332184
270.000000
0.800000
PINE TREE 1
314.551605
469.645630
105.000000
1.050000