TILE
54
75
FIELD_GRASS
0
PINE TREE 2
322.112091
451.744110
105.000000
1.000000
PINE TREE 2
323.612244
451.744110
285.000000
1.000000
PINE TREE 2
325.530060
451.744110
150.000000
1.000000
GRASS_SPROUT
321.413696
449.571228
15.000000
0.850000
GRASS_SPROUT
322.216858
449.789734
180.000000
1.050000
GRASS_SPROUT
323.223633
450.064850
180.000000
1.250000
GRASS_SPROUT
324.299469
450.333588
15.000000
1.000000
GRASS_SPROUT
325.295441
450.538361
150.000000
1.050000
GRASS_SPROUT
326.247528
450.710999
180.000000
1.100000