TILE
53
72
FIELD_GRASS
0
HOUSE 1
316.309906
430.952911
0.000000
0.950000
HOUSE 1
316.269562
434.527374
0.000000
1.000000
GRASS_SPROUT
318.799835
429.270538
300.000000
1.050000
GRASS_SPROUT
319.212433
430.024811
315.000000
0.950000
GRASS_SPROUT
318.192261
430.162048
255.000000
0.950000
GRASS_SPROUT
319.526520
434.704651
195.000000
1.050000
GRASS_SPROUT
320.125732
433.969238
105.000000
1.000000
GRASS_SPROUT
320.921326
433.498688
285.000000
1.000000
GRASS_SPROUT
319.813477
433.123901
225.000000
1.050000
GRASS_SPROUT
319.599396
432.360199
195.000000
0.750000
GRASS_SPROUT
319.279724
431.768585
105.000000
0.750000
GRASS_SPROUT
318.976288
431.146240
0.000000
0.800000
GRASS_SPROUT
319.797668
430.455231
75.000000
0.750000
GRASS_SPROUT
319.956543
431.112610
120.000000
0.800000
GRASS_SPROUT
320.324066
431.927155
90.000000
1.250000
GRASS_SPROUT
320.935577
432.600616
15.000000
0.900000
GRASS_SPROUT
320.392670
429.748169
225.000000
1.150000