TILE
56
71
FIELD_GRASS
0
GRASS_SPROUT
333.178802
426.081055
180.000000
0.750000
GRASS_SPROUT
333.629303
426.654358
60.000000
0.950000
GRASS_SPROUT
334.009674
427.521729
135.000000
1.250000
GRASS_SPROUT
335.089996
427.310394
210.000000
1.200000
GRASS_SPROUT
336.203918
427.310394
105.000000
1.100000
GRASS_SPROUT
337.374969
427.345856
315.000000
1.000000
GRASS_SPROUT
338.329102
427.416504
285.000000
1.250000
GRASS_SPROUT
335.672852
428.001404
240.000000
0.800000
GRASS_SPROUT
336.425598
428.135101
105.000000
0.850000
GRASS_SPROUT
337.199463
428.168304
0.000000
0.900000
GRASS_SPROUT
338.014587
428.267365
315.000000
0.900000
GRASS_SPROUT
336.899933
426.466034
315.000000
1.050000
GRASS_SPROUT
335.879089
426.351715
225.000000
0.900000
GRASS_SPROUT
335.004730
426.158936
195.000000
1.000000
GRASS_SPROUT
334.075806
426.002686
300.000000
1.000000
GRASS_SPROUT
333.409119
428.719360
330.000000
1.000000
GRASS_SPROUT
338.369263
426.144775
15.000000
1.000000