TILE
56
77
FIELD_GRASS
0
PINE TREE 2
337.458466
461.521362
315.000000
0.900000
PINE TREE 2
335.857025
460.993835
285.000000
1.100000
PINE TREE 2
333.955688
460.064240
120.000000
0.850000
PINE TREE 2
333.945984
461.644104
150.000000
1.250000
PINE TREE 2
335.246521
462.584259
225.000000
0.750000
PINE TREE 2
336.411194
463.829712
180.000000
0.850000
PINE TREE 2
337.965668
463.288452
330.000000
1.250000
PINE TREE 2
336.578583
462.421051
210.000000
0.750000
PINE TREE 2
337.563232
460.121185
330.000000
0.850000
PINE TREE 2
335.143768
459.438385
210.000000
0.900000
PINE TREE 1
333.967804
464.367188
345.000000
0.950000
PINE TREE 1
335.387695
464.545135
75.000000
0.750000