TILE
51
76
FIELD_GRASS
0
PINE TREE 2
308.452850
456.878937
15.000000
1.100000
PINE TREE 2
306.737061
457.737213
165.000000
0.800000
PINE TREE 2
305.633759
458.122070
135.000000
0.750000
PINE TREE 2
303.901489
457.533295
330.000000
1.150000
PINE TREE 2
305.635468
455.310638
60.000000
0.800000
PINE TREE 2
307.194397
455.820282
345.000000
0.800000
PINE TREE 2
304.260742
454.725769
45.000000
1.000000
PINE TREE 2
307.744202
454.292725
195.000000
1.200000
PINE TREE 2
305.872467
456.494019
210.000000
0.800000
PINE TREE 2
306.147644
454.254486
105.000000
0.750000
PINE TREE 2
307.940460
458.736511
30.000000
1.000000