TILE
59
77
FIELD_GRASS
0
PINE TREE 2
351.735016
463.446747
120.000000
1.050000
PINE TREE 2
353.166168
464.728119
105.000000
1.000000
GRASS_SPROUT
353.118622
459.042084
150.000000
1.000000
GRASS_SPROUT
354.333069
459.070801
240.000000
1.100000
GRASS_SPROUT
355.182617
459.070801
75.000000
0.750000
GRASS_SPROUT
355.894348
459.241730
315.000000
0.900000
GRASS_SPROUT
356.451508
459.846985
90.000000
1.100000
GRASS_SPROUT
356.690948
460.646637
255.000000
0.800000
GRASS_SPROUT
356.620422
461.343658
225.000000
0.850000
GRASS_SPROUT
356.325775
462.126007
150.000000
1.150000
GRASS_SPROUT
351.999603
460.404938
270.000000
1.050000
GRASS_SPROUT
352.936523
460.552795
165.000000
0.800000
GRASS_SPROUT
353.760712
460.442078
0.000000
1.100000
GRASS_SPROUT
354.026642
461.267426
285.000000
0.900000
GRASS_SPROUT
353.201630
461.710999
135.000000
1.000000
GRASS_SPROUT
351.736938
462.235779
165.000000
1.050000
GRASS_SPROUT
354.967010
459.717957
345.000000
0.900000
GRASS_SPROUT
353.127014
462.645874
135.000000
1.250000
GRASS_SPROUT
354.786041
460.662598
345.000000
1.200000
GRASS_SPROUT
354.892212
462.008972
240.000000
1.200000
GRASS_SPROUT
354.223633
462.982117
75.000000
1.050000
GRASS_SPROUT
355.639282
460.217712
120.000000
0.850000
GRASS_SPROUT
355.507751
461.092529
240.000000
0.750000
GRASS_SPROUT
354.201935
463.991028
15.000000
1.200000
GRASS_SPROUT
355.027618
463.626678
105.000000
0.750000
GRASS_SPROUT
356.657135
463.011292
240.000000
1.150000
GRASS_SPROUT
356.929108
463.961121
180.000000
1.200000
GRASS_SPROUT
355.428894
464.234314
315.000000
0.850000
GRASS_SPROUT
354.844391
464.765442
120.000000
0.850000
GRASS_SPROUT
353.981293
462.134796
345.000000
0.750000