TILE
50
75
FIELD_GRASS
0
PINE TREE 2
302.657898
452.856262
285.000000
1.250000
PINE TREE 2
301.092712
452.014313
180.000000
0.850000
PINE TREE 2
299.452515
451.976440
285.000000
1.250000
PINE TREE 2
301.371124
450.005646
60.000000
0.800000
PINE TREE 2
299.180176
449.317871
315.000000
1.050000
PINE TREE 2
297.556671
448.202606
330.000000
1.250000
PINE TREE 2
299.716705
447.413757
315.000000
0.950000
PINE TREE 2
301.336487
447.336090
135.000000
1.200000
PINE TREE 2
302.462646
448.842133
180.000000
1.150000
PINE TREE 2
297.250183
450.502960
300.000000
0.900000
PINE TREE 2
297.236664
452.282013
270.000000
1.250000