TILE
55
77
FIELD_GRASS
0
PINE TREE 2
332.630798
459.258392
240.000000
0.900000
PINE TREE 1
327.542023
462.271912
15.000000
1.050000
PINE TREE 1
328.584900
461.279541
315.000000
0.950000
PINE TREE 1
330.072662
461.946411
120.000000
1.050000
PINE TREE 1
329.536499
459.752930
315.000000
1.250000
PINE TREE 1
330.689087
463.553558
15.000000
1.050000
PINE TREE 1
332.505890
464.113770
195.000000
1.000000
PINE TREE 1
331.978485
460.860413
225.000000
1.250000
PINE TREE 1
332.229370
462.563873
345.000000
0.800000
PINE TREE 1
328.508667
463.705750
255.000000
0.750000