TILE
58
72
FIELD_GRASS
0
PINE TREE 1
349.129211
430.145355
75.000000
1.050000
GRASS_SPROUT
350.040497
432.216156
75.000000
1.200000
GRASS_SPROUT
348.777222
431.899139
255.000000
1.050000
GRASS_SPROUT
348.112335
431.364716
120.000000
0.850000
GRASS_SPROUT
347.683655
430.502472
60.000000
1.200000
GRASS_SPROUT
347.867432
429.660645
270.000000
0.850000
GRASS_SPROUT
350.256409
429.605927
315.000000
1.100000
GRASS_SPROUT
350.781799
430.537018
90.000000
1.050000
GRASS_SPROUT
349.466278
431.370941
180.000000
1.050000
GRASS_SPROUT
347.566925
431.930389
150.000000
0.900000
GRASS_SPROUT
346.699127
432.048523
135.000000
1.250000
GRASS_SPROUT
345.652191
432.355591
300.000000
1.250000
GRASS_SPROUT
347.364288
434.352112
240.000000
1.250000
GRASS_SPROUT
348.104584
433.567719
270.000000
0.850000
GRASS_SPROUT
348.725403
432.832031
60.000000
1.000000
GRASS_SPROUT
349.663818
433.158539
30.000000
1.150000
GRASS_SPROUT
346.333038
434.436615
300.000000
0.850000
GRASS_SPROUT
345.562897
434.478668
330.000000
0.800000
GRASS_SPROUT
345.910278
433.745850
300.000000
1.050000
GRASS_SPROUT
346.663818
433.066010
45.000000
1.050000
GRASS_SPROUT
347.639435
432.737396
285.000000
1.100000
GRASS_SPROUT
345.097961
431.118408
30.000000
0.950000
GRASS_SPROUT
345.206024
429.158508
30.000000
1.100000
GRASS_SPROUT
345.829102
429.706909
270.000000
0.750000
GRASS_SPROUT
346.384430
430.074036
180.000000
0.900000
GRASS_SPROUT
346.061615
430.931183
90.000000
1.200000