TILE
57
79
FIELD_GRASS
0
PINE TREE 2
340.194489
476.922791
330.000000
0.900000
PINE TREE 2
340.083618
475.522491
300.000000
0.750000
PINE TREE 2
340.019043
474.131622
90.000000
0.850000
PINE TREE 2
339.970337
472.218475
300.000000
1.100000
PINE TREE 2
341.603760
476.354309
105.000000
1.050000
PINE TREE 2
341.523743
474.399445
105.000000
1.100000
PINE TREE 2
341.523743
472.680695
150.000000
1.050000
PINE TREE 2
341.557434
471.233734
240.000000
0.750000
PINE TREE 2
344.923401
475.674652
45.000000
1.200000
PINE TREE 2
343.428101
476.758453
0.000000
1.150000
PINE TREE 2
343.955627
474.470154
255.000000
0.850000
PINE TREE 2
343.742767
473.147247
15.000000
0.900000
PINE TREE 2
343.648956
471.698792
135.000000
0.800000