TILE
51
79
FIELD_GRASS
0
PINE TREE 1
303.004883
472.715790
60.000000
1.100000
PINE TREE 1
304.687897
472.333527
0.000000
1.000000
PINE TREE 1
306.586823
471.751160
345.000000
1.000000
PINE TREE 1
303.479675
474.618103
135.000000
1.150000
PINE TREE 1
305.693085
474.740906
90.000000
1.200000
PINE TREE 1
307.217072
474.806305
120.000000
0.800000
PINE TREE 1
308.707794
474.566284
75.000000
1.000000
PINE TREE 1
308.289612
472.934113
105.000000
0.950000
PINE TREE 1
306.799408
473.278259
315.000000
0.950000
GRASS_SPROUT
304.515961
475.717621
60.000000
1.200000
GRASS_SPROUT
304.099060
471.278809
195.000000
1.200000