TILE
21
42
FIELD_GRASS
0
PINE TREE 1
125.734116
253.340637
60.000000
0.800000
PINE TREE 1
126.814552
254.329651
180.000000
1.000000
GRASS_SPROUT
123.164482
250.222839
270.000000
0.950000
GRASS_SPROUT
124.202164
249.781982
255.000000
1.000000
GRASS_SPROUT
124.941200
249.429871
300.000000
1.000000
GRASS_SPROUT
124.215065
254.440247
135.000000
0.850000
GRASS_SPROUT
123.479294
253.897461
300.000000
0.800000
GRASS_SPROUT
123.531372
251.226715
90.000000
1.050000
GRASS_SPROUT
124.496498
251.469910
45.000000
1.000000
GRASS_SPROUT
125.355545
251.378342
0.000000
1.050000
GRASS_SPROUT
127.421661
251.093338
180.000000
0.850000
GRASS_SPROUT
128.531357
250.997101
195.000000
0.950000
GRASS_SPROUT
127.742790
250.535797
195.000000
0.750000
GRASS_SPROUT
128.559891
249.773529
285.000000
0.800000
GRASS_SPROUT
127.131821
249.915619
240.000000
1.250000
GRASS_SPROUT
126.240410
250.902924
105.000000
1.100000
GRASS_SPROUT
124.417480
253.598251
195.000000
1.200000
GRASS_SPROUT
123.874680
252.811798
270.000000
0.850000
GRASS_SPROUT
123.193832
252.657257
0.000000
0.800000
GRASS_SPROUT
123.309052
254.548431
60.000000
0.750000
GRASS_SPROUT
128.365372
254.136154
255.000000
1.000000
GRASS_SPROUT
128.915634
252.889359
210.000000
1.150000
GRASS_SPROUT
126.444939
252.498672
90.000000
0.950000
GRASS_SPROUT
128.283081
252.014267
15.000000
0.750000
GRASS_SPROUT
125.208595
252.656342
0.000000
0.750000
GRASS_SPROUT
126.703323
251.652618
90.000000
1.050000
GRASS_SPROUT
125.372414
250.582047
75.000000
0.900000
GRASS_SPROUT
125.903511
249.637314
195.000000
1.050000
GRASS_SPROUT
124.211594
250.618988
120.000000
1.000000
GRASS_SPROUT
127.515106
253.131973
315.000000
1.150000
GRASS_SPROUT
125.822418
254.946869
210.000000
1.150000