TILE
21
46
FIELD_GRASS
0
GRASS_SPROUT
123.353371
278.503693
60.000000
1.200000
GRASS_SPROUT
124.192680
277.636810
330.000000
1.200000
GRASS_SPROUT
124.732414
276.852875
240.000000
1.150000
GRASS_SPROUT
125.299934
275.939423
225.000000
1.200000
GRASS_SPROUT
125.731224
275.043121
225.000000
0.900000
GRASS_SPROUT
126.029716
274.218964
60.000000
1.050000
GRASS_SPROUT
126.039894
273.104553
60.000000
0.950000
GRASS_SPROUT
123.669167
273.240997
180.000000
1.150000
GRASS_SPROUT
123.819809
276.380402
60.000000
1.200000
GRASS_SPROUT
124.379738
275.536530
0.000000
0.800000
GRASS_SPROUT
125.005142
274.669159
105.000000
0.800000
GRASS_SPROUT
124.811501
273.899078
240.000000
0.800000
GRASS_SPROUT
124.338654
274.404724
240.000000
0.900000