TILE
75
2
FIELD_GRASS
0
GRASS_SPROUT
449.546814
9.047457
195.000000
1.000000
GRASS_SPROUT
450.036926
9.642175
75.000000
0.900000
GRASS_SPROUT
450.748779
10.032394
195.000000
1.000000
GRASS_SPROUT
451.794952
10.032394
45.000000
1.250000
GRASS_SPROUT
448.050110
9.029454
15.000000
1.200000
GRASS_SPROUT
448.033203
10.003090
60.000000
1.100000
GRASS_SPROUT
447.739624
10.753392
105.000000
0.900000
GRASS_SPROUT
447.554443
11.429817
180.000000
0.850000
GRASS_SPROUT
447.234924
12.202138
120.000000
1.200000
GRASS_SPROUT
448.520020
10.723064
150.000000
0.800000
GRASS_SPROUT
449.107025
10.321505
225.000000
0.950000
GRASS_SPROUT
452.789551
10.321505
330.000000
1.200000
GRASS_SPROUT
451.300110
10.903858
30.000000
1.150000
GRASS_SPROUT
450.370056
11.169857
60.000000
0.900000
GRASS_SPROUT
449.582184
11.429817
255.000000
1.100000
GRASS_SPROUT
448.538025
11.795069
135.000000
0.800000