TILE
79
8
FIELD_GRASS
0
PINE TREE 1
471.369690
50.191742
150.000000
0.950000
GRASS_SPROUT
471.816681
48.874504
270.000000
1.200000
GRASS_SPROUT
472.957336
48.850193
330.000000
0.800000
GRASS_SPROUT
473.752716
49.084255
195.000000
1.200000
GRASS_SPROUT
473.720123
49.974861
315.000000
0.950000
GRASS_SPROUT
472.557709
50.119644
60.000000
1.150000
GRASS_SPROUT
473.346283
50.944553
345.000000
0.900000
GRASS_SPROUT
474.015503
50.656315
195.000000
0.850000
GRASS_SPROUT
474.877747
50.324093
315.000000
0.950000
GRASS_SPROUT
475.610687
50.059669
75.000000
0.950000
GRASS_SPROUT
476.521027
49.867470
210.000000
1.250000
GRASS_SPROUT
474.663574
48.820728
45.000000
0.750000
GRASS_SPROUT
475.381378
49.192337
30.000000
0.950000