TILE
89
51
FIELD_GRASS
0
PINE TREE 2
536.073853
305.849854
285.000000
0.800000
PINE TREE 2
535.199341
306.813080
180.000000
0.850000
PINE TREE 2
534.208740
307.861969
150.000000
0.800000
PINE TREE 2
531.299500
308.451843
315.000000
0.800000
PINE TREE 2
532.040466
307.401550
315.000000
0.750000
PINE TREE 2
532.669739
306.277649
285.000000
0.750000
PINE TREE 2
533.145386
304.927795
105.000000
1.100000
PINE TREE 2
533.629028
303.134644
90.000000
1.150000
PINE TREE 2
531.313843
303.947205
240.000000
0.900000
PINE TREE 2
535.210510
304.565460
195.000000
1.200000
PINE TREE 2
531.040771
306.331970
0.000000
1.200000