TILE
89
50
FIELD_GRASS
0
PINE TREE 2
535.674011
297.672211
150.000000
1.150000
PINE TREE 2
534.198303
301.315216
105.000000
1.050000
PINE TREE 2
534.525574
299.497437
135.000000
1.150000
PINE TREE 2
532.704651
300.232178
30.000000
1.000000
PINE TREE 2
531.121155
300.465881
345.000000
1.100000
PINE TREE 2
532.370972
298.773682
270.000000
0.900000
PINE TREE 2
531.061951
302.068909
195.000000
0.950000
PINE TREE 2
532.122864
302.888977
210.000000
0.750000
PINE TREE 2
532.871582
301.710602
135.000000
0.750000
PINE TREE 2
536.343872
300.272736
330.000000
1.150000
PINE TREE 2
536.111633
301.953125
210.000000
0.900000