TILE
88
52
FIELD_GRASS
0
PINE TREE 2
525.025330
314.751343
15.000000
1.150000
PINE TREE 2
530.190918
314.955658
30.000000
0.950000
PINE TREE 2
528.502380
314.676453
225.000000
1.050000
PINE TREE 2
527.141296
314.339081
180.000000
0.750000
PINE TREE 2
526.248474
312.928253
15.000000
1.050000
PINE TREE 2
525.633667
311.256592
285.000000
1.250000
PINE TREE 2
530.986572
311.445923
285.000000
0.950000
PINE TREE 2
529.541260
313.055878
270.000000
0.850000
PINE TREE 2
528.449036
311.995178
120.000000
1.150000
PINE TREE 2
528.579041
310.323883
120.000000
0.950000
PINE TREE 2
528.827881
309.017273
30.000000
0.800000
PINE TREE 2
530.163452
309.232574
300.000000
0.750000
PINE TREE 2
527.031555
310.129547
0.000000
0.900000