TILE
85
50
FIELD_GRASS
0
PINE TREE 2
507.840210
302.573883
225.000000
0.950000
PINE TREE 2
510.918579
297.620331
195.000000
0.850000
PINE TREE 2
512.351868
298.927979
150.000000
1.250000
PINE TREE 2
511.232697
301.974182
120.000000
0.950000
PINE TREE 2
510.054047
300.752777
180.000000
0.900000
PINE TREE 2
508.888824
299.560425
75.000000
1.100000
PINE TREE 2
507.480713
298.133331
315.000000
1.100000
PINE TREE 2
512.829895
301.828857
0.000000
0.750000
PINE TREE 2
508.465118
301.152130
255.000000
1.000000