TILE
40
30
FIELD_GRASS
0
GRASS_SPROUT
237.297302
181.127243
135.000000
1.050000
GRASS_SPROUT
238.209564
181.381302
195.000000
0.900000
GRASS_SPROUT
239.555847
181.925507
255.000000
0.800000
GRASS_SPROUT
240.310440
182.356354
165.000000
0.800000
GRASS_SPROUT
241.195786
182.820541
315.000000
0.900000
GRASS_SPROUT
238.470993
182.136932
165.000000
0.850000
GRASS_SPROUT
239.016891
182.881393
150.000000
0.900000
GRASS_SPROUT
237.139328
182.094376
150.000000
0.950000
GRASS_SPROUT
237.825851
182.719452
60.000000
0.750000