TILE
53
6
FIELD_GRASS
0
PINE TREE 1
315.628540
37.092522
75.000000
1.100000
PINE TREE 1
317.515137
37.008141
225.000000
1.200000
PINE TREE 1
319.055573
37.824528
195.000000
1.250000
PINE TREE 1
316.297150
34.677856
0.000000
0.950000
PINE TREE 1
317.853333
33.173607
345.000000
0.850000
PINE TREE 1
319.527161
33.483604
330.000000
1.100000
PINE TREE 1
320.867584
33.820698
75.000000
0.850000
PINE TREE 1
320.453003
35.910439
45.000000
1.100000
PINE TREE 1
318.894562
35.652195
285.000000
1.150000
GRASS_SPROUT
315.566528
38.995724
255.000000
0.950000
GRASS_SPROUT
316.620605
38.839188
105.000000
1.050000
GRASS_SPROUT
315.796783
38.273014
0.000000
0.800000
GRASS_SPROUT
320.860291
37.544346
225.000000
0.950000
GRASS_SPROUT
318.943115
34.419506
225.000000
0.800000
GRASS_SPROUT
317.965515
34.705513
90.000000
1.200000
GRASS_SPROUT
317.029663
33.659515
285.000000
0.750000