TILE
50
9
FIELD_GRASS
0
PINE TREE 1
302.515381
52.302544
315.000000
1.200000
PINE TREE 1
300.960846
52.269562
330.000000
0.950000
PINE TREE 1
299.490997
52.302437
90.000000
0.800000
PINE TREE 1
298.202972
52.689827
135.000000
0.800000
PINE TREE 1
298.537231
51.170174
45.000000
1.200000
PINE TREE 1
297.726959
54.534363
135.000000
0.750000
PINE TREE 1
298.988159
54.528805
0.000000
0.900000
PINE TREE 1
300.685608
54.525021
285.000000
1.200000
PINE TREE 1
302.539642
54.523075
330.000000
0.750000
PINE TREE 1
301.776581
56.842857
90.000000
1.000000
PINE TREE 1
300.160919
56.721096
60.000000
1.200000
PINE TREE 1
298.479736
56.480530
240.000000
0.950000
PINE TREE 1
297.174774
56.403084
30.000000
0.900000
GRASS_SPROUT
298.331207
55.446976
210.000000
0.850000
GRASS_SPROUT
302.337494
55.658890
195.000000
1.200000
GRASS_SPROUT
300.274475
53.331211
105.000000
1.000000
GRASS_SPROUT
299.094299
53.493206
0.000000
0.750000
GRASS_SPROUT
297.874664
53.621250
120.000000
0.900000