TILE
54
1
FIELD_GRASS
0
PINE TREE 1
326.979553
4.587562
240.000000
0.750000
GRASS_SPROUT
321.305969
3.438562
210.000000
0.950000
GRASS_SPROUT
321.071045
4.825007
90.000000
1.200000
GRASS_SPROUT
321.974213
4.825007
90.000000
0.800000
GRASS_SPROUT
321.792786
5.932344
195.000000
0.800000
GRASS_SPROUT
322.825531
6.306095
300.000000
1.050000
GRASS_SPROUT
323.942383
6.887934
0.000000
1.150000
GRASS_SPROUT
325.025055
7.518666
195.000000
1.200000
GRASS_SPROUT
325.985626
8.179279
0.000000
1.100000
GRASS_SPROUT
326.862000
8.906526
255.000000
1.250000
GRASS_SPROUT
322.753693
4.105451
270.000000
1.200000
GRASS_SPROUT
323.831055
4.810781
60.000000
1.050000
GRASS_SPROUT
324.651581
5.212523
165.000000
1.050000
GRASS_SPROUT
325.476624
4.684395
240.000000
1.000000
GRASS_SPROUT
325.800049
5.912552
225.000000
1.200000
GRASS_SPROUT
326.474823
6.887587
165.000000
1.200000
GRASS_SPROUT
326.755157
7.760913
15.000000
0.800000
GRASS_SPROUT
325.200165
8.992189
300.000000
1.250000
GRASS_SPROUT
322.444824
5.435385
150.000000
0.900000