TILE
50
1
FIELD_GRASS
0
PINE TREE 1
301.913910
3.232746
330.000000
1.200000
PINE TREE 1
300.043182
3.241721
120.000000
1.200000
PINE TREE 1
298.282593
3.247368
195.000000
1.100000
GRASS_SPROUT
297.544189
4.423187
210.000000
0.800000
GRASS_SPROUT
298.389801
4.343654
345.000000
0.800000
GRASS_SPROUT
299.152649
4.102186
0.000000
0.850000
GRASS_SPROUT
298.283356
5.813731
75.000000
1.250000
GRASS_SPROUT
299.931274
5.452405
285.000000
1.000000
GRASS_SPROUT
300.897491
5.230610
240.000000
0.750000
GRASS_SPROUT
301.845978
5.004948
240.000000
1.200000
GRASS_SPROUT
302.940277
4.813868
270.000000
1.200000