TILE
51
3
FIELD_GRASS
0
PINE TREE 1
303.513123
17.378220
150.000000
1.200000
PINE TREE 1
306.464386
20.252756
285.000000
0.800000
PINE TREE 1
305.291138
19.869093
285.000000
0.750000
PINE TREE 1
304.143372
19.871170
105.000000
0.750000
PINE TREE 1
305.083923
18.472261
15.000000
1.250000
PINE TREE 1
306.691010
18.468729
255.000000
0.900000
PINE TREE 1
307.331635
17.143070
240.000000
1.150000
PINE TREE 1
308.488953
18.825619
315.000000
1.100000
PINE TREE 1
306.700256
15.700836
120.000000
0.850000
PINE TREE 1
305.327393
15.099047
210.000000
1.050000
GRASS_SPROUT
308.934662
20.359987
255.000000
1.050000
GRASS_SPROUT
308.187225
20.163710
195.000000
0.850000
GRASS_SPROUT
307.441864
19.802441
105.000000
0.800000
GRASS_SPROUT
303.722168
18.858105
180.000000
1.250000
GRASS_SPROUT
303.244080
15.984575
315.000000
1.050000
GRASS_SPROUT
306.070526
16.529247
225.000000
1.000000
GRASS_SPROUT
304.348358
16.119074
225.000000
0.750000