TILE
59
4
FIELD_GRASS
0
GRASS_SPROUT
351.467468
23.398687
90.000000
1.100000
GRASS_SPROUT
352.430206
23.414110
75.000000
0.900000
GRASS_SPROUT
353.342041
23.428713
345.000000
1.250000
GRASS_SPROUT
351.041901
22.400120
105.000000
1.000000
GRASS_SPROUT
354.185059
24.073534
90.000000
1.150000
GRASS_SPROUT
355.103729
24.695763
345.000000
0.900000
GRASS_SPROUT
355.704956
25.202665
30.000000
0.800000
GRASS_SPROUT
356.319550
25.651911
270.000000
1.100000
GRASS_SPROUT
356.932373
26.428017
150.000000
1.000000
GRASS_SPROUT
354.782654
26.672785
45.000000
1.100000
GRASS_SPROUT
354.097260
25.964321
150.000000
1.250000
GRASS_SPROUT
353.406647
25.280922
60.000000
1.000000
GRASS_SPROUT
352.749817
24.629007
45.000000
1.150000
GRASS_SPROUT
353.221008
26.443865
105.000000
1.200000
GRASS_SPROUT
352.534210
25.876369
285.000000
0.750000
GRASS_SPROUT
351.947052
25.234966
90.000000
1.100000
GRASS_SPROUT
351.413239
24.483835
270.000000
0.800000
GRASS_SPROUT
352.019623
21.653391
180.000000
1.100000
GRASS_SPROUT
352.995178
21.564320
60.000000
1.000000
GRASS_SPROUT
353.824982
21.474684
300.000000
1.000000
GRASS_SPROUT
354.660248
21.429653
225.000000
0.900000
GRASS_SPROUT
355.570557
21.519571
105.000000
1.250000
GRASS_SPROUT
356.426941
21.785952
45.000000
0.800000
GRASS_SPROUT
356.424774
24.161430
270.000000
0.750000
GRASS_SPROUT
355.790405
23.673166
45.000000
1.250000
GRASS_SPROUT
354.774353
23.046181
195.000000
0.950000
GRASS_SPROUT
353.673431
22.430517
300.000000
1.250000
GRASS_SPROUT
356.697205
23.245312
300.000000
1.150000
GRASS_SPROUT
356.226990
26.833323
195.000000
1.000000