TILE
55
0
FIELD_GRASS
0
PINE TREE 1
327.185181
-1.240880
255.000000
1.150000
PINE TREE 1
329.211395
-1.240880
315.000000
1.200000
PINE TREE 1
330.773285
-1.240880
120.000000
0.900000
PINE TREE 1
332.183929
-1.240880
270.000000
0.800000
PINE TREE 1
327.356171
0.671355
45.000000
1.250000
PINE TREE 1
329.208984
0.730540
45.000000
0.850000
PINE TREE 1
330.411194
0.760018
45.000000
0.850000
PINE TREE 1
331.892548
0.760018
300.000000
0.900000
PINE TREE 1
330.273071
2.084627
225.000000
0.850000
PINE TREE 1
328.854645
2.563082
315.000000
1.100000
PINE TREE 1
331.729523
2.350539
285.000000
1.050000
GRASS_SPROUT
332.768555
-0.279697
240.000000
1.150000