TILE
53
9
FIELD_GRASS
0
PINE TREE 1
318.787964
56.299927
225.000000
0.900000
PINE TREE 1
317.332825
55.160919
345.000000
1.150000
PINE TREE 1
315.952606
54.407005
315.000000
1.000000
PINE TREE 1
320.930969
53.455536
0.000000
1.150000
PINE TREE 1
319.652649
52.477409
255.000000
0.850000
PINE TREE 1
318.444702
51.456165
15.000000
0.900000
PINE TREE 1
320.814148
51.753803
210.000000
0.950000
PINE TREE 1
318.897339
54.616798
285.000000
1.200000
PINE TREE 1
320.434723
55.315357
300.000000
0.900000
PINE TREE 1
317.158600
51.808422
330.000000
0.850000
PINE TREE 1
315.647858
52.654835
60.000000
0.750000
PINE TREE 1
317.075439
53.450691
195.000000
1.050000
PINE TREE 1
318.537018
53.225666
225.000000
0.750000
PINE TREE 1
316.130219
56.637630
90.000000
1.150000