TILE
55
1
FIELD_GRASS
0
PINE TREE 1
328.662415
6.884069
315.000000
0.850000
PINE TREE 1
329.953522
6.337647
135.000000
0.900000
PINE TREE 1
331.463715
6.404775
60.000000
0.900000
PINE TREE 1
332.945587
5.814997
225.000000
1.150000
PINE TREE 1
332.835388
4.301861
225.000000
0.950000
PINE TREE 1
331.342712
4.454029
345.000000
0.750000
PINE TREE 1
330.175415
4.718106
105.000000
0.900000
PINE TREE 1
328.988556
5.013577
105.000000
0.800000
PINE TREE 1
327.869751
5.195040
150.000000
0.750000
PINE TREE 1
328.054321
3.847681
285.000000
1.050000
PINE TREE 1
332.952148
7.732637
30.000000
0.900000
PINE TREE 1
331.608734
8.487725
120.000000
0.900000
PINE TREE 1
330.071381
8.120718
120.000000
1.100000
GRASS_SPROUT
327.584900
6.694684
60.000000
1.000000
GRASS_SPROUT
330.212677
3.636651
285.000000
1.100000