TILE
51
6
FIELD_GRASS
0
PINE TREE 1
303.758911
36.591721
195.000000
0.800000
PINE TREE 1
305.220825
36.572838
225.000000
1.150000
PINE TREE 1
306.758881
36.874512
90.000000
1.000000
PINE TREE 1
308.489990
36.832363
30.000000
1.150000
PINE TREE 1
306.208771
35.446171
165.000000
0.900000
PINE TREE 1
304.082977
35.446171
150.000000
0.900000
PINE TREE 1
305.117401
34.216682
150.000000
1.150000
PINE TREE 1
307.350800
34.216721
165.000000
1.250000
PINE TREE 1
303.772522
33.079243
135.000000
1.150000
PINE TREE 1
308.032227
35.515469
0.000000
0.800000
GRASS_SPROUT
305.462891
38.277203
75.000000
1.050000
GRASS_SPROUT
303.539825
38.090324
270.000000
1.200000
GRASS_SPROUT
304.401276
38.129108
255.000000
0.950000
GRASS_SPROUT
306.316559
38.090923
345.000000
1.050000
GRASS_SPROUT
307.192230
38.119629
150.000000
1.000000
GRASS_SPROUT
308.112762
38.140217
195.000000
0.900000
GRASS_SPROUT
308.965515
38.121605
345.000000
1.100000