TILE
59
0
FIELD_GRASS
0
GRASS_SPROUT
351.006531
0.282563
300.000000
1.150000
GRASS_SPROUT
351.244843
2.291449
285.000000
1.100000
GRASS_SPROUT
352.221497
-0.996571
300.000000
0.750000
GRASS_SPROUT
353.023682
-1.370107
15.000000
1.000000
GRASS_SPROUT
353.258606
-0.389744
30.000000
0.850000
GRASS_SPROUT
353.281403
0.441676
270.000000
1.200000
GRASS_SPROUT
351.974091
1.468358
195.000000
1.150000
GRASS_SPROUT
354.612427
0.774774
165.000000
0.950000
GRASS_SPROUT
354.139008
2.125545
180.000000
0.900000
GRASS_SPROUT
354.218628
1.418560
225.000000
0.850000
GRASS_SPROUT
352.311707
-1.947601
345.000000
1.250000
GRASS_SPROUT
353.200958
-2.538354
120.000000
1.100000
GRASS_SPROUT
354.099426
-2.190898
195.000000
0.900000
GRASS_SPROUT
354.568390
-1.660856
30.000000
0.850000
GRASS_SPROUT
355.011261
-1.058339
195.000000
0.950000
GRASS_SPROUT
355.388245
-0.393357
315.000000
0.850000
GRASS_SPROUT
355.680847
0.199936
150.000000
0.800000
GRASS_SPROUT
354.626587
-0.221229
150.000000
1.100000
GRASS_SPROUT
352.140747
0.282863
90.000000
1.100000
GRASS_SPROUT
355.742462
1.765390
195.000000
1.200000