TILE
56
1
FIELD_GRASS
0
PINE TREE 1
334.920135
8.529436
165.000000
0.750000
PINE TREE 1
335.862427
7.354920
255.000000
0.850000
PINE TREE 1
336.624634
6.258434
300.000000
0.750000
PINE TREE 1
337.084351
5.044668
285.000000
0.750000
PINE TREE 1
337.352173
3.604965
90.000000
1.000000
PINE TREE 1
334.082153
4.882283
210.000000
0.900000
PINE TREE 1
335.456696
4.005898
345.000000
1.150000
PINE TREE 1
335.232330
5.646450
240.000000
1.000000
PINE TREE 1
334.445313
7.253815
30.000000
1.100000
GRASS_SPROUT
337.588379
8.880151
45.000000
0.750000
GRASS_SPROUT
338.646973
8.433351
135.000000
0.750000
GRASS_SPROUT
338.078339
7.890162
150.000000
1.000000
GRASS_SPROUT
338.171692
6.742428
330.000000
0.950000
GRASS_SPROUT
338.510132
5.659498
345.000000
0.850000
GRASS_SPROUT
338.925232
4.956964
195.000000
0.750000
GRASS_SPROUT
338.407288
4.070370
270.000000
0.900000
GRASS_SPROUT
335.919250
8.639906
345.000000
1.150000
GRASS_SPROUT
336.957611
8.183821
270.000000
0.800000