TILE
12
52
FIELD_GRASS
0
GRASS_SPROUT
73.848282
310.817230
105.000000
1.250000
GRASS_SPROUT
73.026268
310.585754
105.000000
0.750000
GRASS_SPROUT
72.289352
310.390930
75.000000
0.950000
GRASS_SPROUT
71.504837
310.623383
210.000000
0.800000
GRASS_SPROUT
70.716469
310.942627
180.000000
1.100000
GRASS_SPROUT
69.830200
311.517120
285.000000
1.250000
GRASS_SPROUT
69.119751
312.110413
90.000000
1.000000
GRASS_SPROUT
73.257263
311.386627
120.000000
0.800000
GRASS_SPROUT
69.976830
310.097595
270.000000
0.800000
GRASS_SPROUT
71.846451
309.188416
255.000000
0.950000
GRASS_SPROUT
72.822098
309.283508
210.000000
0.900000
GRASS_SPROUT
71.097214
309.596649
15.000000
0.900000
GRASS_SPROUT
74.383369
309.205261
45.000000
1.150000
GRASS_SPROUT
74.802200
310.181519
180.000000
0.800000
GRASS_SPROUT
73.408882
309.788574
30.000000
1.000000
GRASS_SPROUT
72.421158
311.233582
270.000000
1.150000
GRASS_SPROUT
71.486511
311.530731
15.000000
0.850000