TILE
11
59
FIELD_GRASS
0
PINE TREE 1
67.395546
356.476654
150.000000
1.000000
PINE TREE 1
68.697624
355.361603
180.000000
0.800000
PINE TREE 1
68.777161
356.574310
150.000000
0.900000
PINE TREE 1
66.809128
351.852936
15.000000
1.000000
PINE TREE 1
65.182892
352.580597
285.000000
1.000000
PINE TREE 1
63.412003
352.961609
255.000000
1.050000
PINE TREE 1
63.901585
355.655457
0.000000
1.100000
PINE TREE 1
65.849525
354.674744
315.000000
1.150000
PINE TREE 1
64.869080
356.938690
210.000000
1.050000
PINE TREE 1
67.141754
353.597534
120.000000
1.050000
PINE TREE 1
66.156967
356.064484
240.000000
0.800000
PINE TREE 1
67.250130
355.048706
45.000000
0.900000
PINE TREE 1
68.473404
353.956421
255.000000
0.900000
PINE TREE 1
68.301384
352.050354
255.000000
0.950000
PINE TREE 1
64.274284
354.266418
285.000000
0.850000
GRASS_SPROUT
64.286087
351.470917
330.000000
0.950000