TILE
14
58
FIELD_GRASS
0
PINE TREE 1
81.147163
349.882568
75.000000
1.150000
PINE TREE 1
83.100700
349.834991
285.000000
1.250000
PINE TREE 1
85.121803
349.809479
165.000000
1.150000
PINE TREE 1
82.045914
345.461945
180.000000
0.900000
PINE TREE 1
83.481590
345.361603
180.000000
0.750000
PINE TREE 1
85.076851
345.291199
210.000000
0.850000
PINE TREE 1
86.604446
345.250153
30.000000
1.100000
PINE TREE 1
86.348160
347.795868
105.000000
1.050000
PINE TREE 1
84.945869
347.807678
60.000000
0.750000
PINE TREE 1
83.487755
347.814941
330.000000
1.000000
PINE TREE 1
82.109253
347.819092
270.000000
0.800000
PINE TREE 1
84.679794
346.606537
45.000000
1.000000
PINE TREE 1
81.471405
346.666046
30.000000
0.800000