TILE
19
53
FIELD_GRASS
0
PINE TREE 1
111.625145
317.798248
90.000000
0.850000
PINE TREE 1
111.446465
315.275543
60.000000
0.900000
PINE TREE 1
112.758057
316.705963
210.000000
1.150000
PINE TREE 1
114.702515
315.425934
225.000000
1.100000
GRASS_SPROUT
111.285217
320.058929
345.000000
1.100000
GRASS_SPROUT
112.110893
319.581848
285.000000
0.900000
GRASS_SPROUT
112.840317
319.224426
165.000000
0.950000
GRASS_SPROUT
113.648018
318.904144
345.000000
0.800000
GRASS_SPROUT
113.918686
320.880371
45.000000
1.100000
GRASS_SPROUT
112.676178
320.760742
15.000000
1.050000
GRASS_SPROUT
114.542740
318.277985
195.000000
1.150000
GRASS_SPROUT
112.290848
318.488464
195.000000
0.750000
GRASS_SPROUT
113.888191
317.078125
315.000000
0.950000
GRASS_SPROUT
113.556870
319.702087
225.000000
1.200000
GRASS_SPROUT
116.525681
320.949005
270.000000
0.900000
GRASS_SPROUT
116.164429
320.176422
75.000000
1.000000
GRASS_SPROUT
116.010201
319.136749
225.000000
1.250000
GRASS_SPROUT
116.201256
318.239044
345.000000
0.750000
GRASS_SPROUT
116.516304
317.441162
345.000000
1.200000
GRASS_SPROUT
115.981323
316.194550
90.000000
0.900000
GRASS_SPROUT
115.437218
316.810333
15.000000
1.150000
GRASS_SPROUT
114.838158
317.317291
270.000000
0.800000