TILE
61
44
FIELD_GRASS
0
GRASS_SPROUT
365.093567
266.482513
135.000000
1.100000
GRASS_SPROUT
364.681305
265.721741
75.000000
0.750000
GRASS_SPROUT
363.871643
265.627686
150.000000
1.200000
GRASS_SPROUT
363.151184
265.075256
165.000000
0.900000
GRASS_SPROUT
364.178558
266.669128
15.000000
0.850000
GRASS_SPROUT
363.369171
266.532593
240.000000
0.950000
GRASS_SPROUT
364.814697
264.891663
165.000000
1.250000
GRASS_SPROUT
364.654877
263.814575
300.000000
1.200000
GRASS_SPROUT
364.800232
262.767822
90.000000
1.050000
GRASS_SPROUT
366.898621
266.493317
15.000000
0.800000
GRASS_SPROUT
366.266388
265.917053
345.000000
1.250000
GRASS_SPROUT
365.798553
265.103607
330.000000
0.750000
GRASS_SPROUT
365.546936
264.456818
225.000000
0.750000
GRASS_SPROUT
365.430298
263.421600
345.000000
0.750000
GRASS_SPROUT
364.167084
262.128601
255.000000
0.850000
GRASS_SPROUT
363.999786
263.051941
225.000000
1.050000
GRASS_SPROUT
363.618713
264.043121
240.000000
1.250000
GRASS_SPROUT
363.869232
261.470825
180.000000
0.750000
GRASS_SPROUT
368.749115
263.439087
30.000000
0.900000
GRASS_SPROUT
368.765869
265.792419
195.000000
1.000000
GRASS_SPROUT
368.370331
264.990570
180.000000
1.200000
GRASS_SPROUT
368.324341
264.096863
105.000000
0.900000
GRASS_SPROUT
367.524536
263.566742
150.000000
1.000000
GRASS_SPROUT
366.862671
264.241425
180.000000
1.250000
GRASS_SPROUT
368.807312
262.042572
300.000000
1.000000
GRASS_SPROUT
364.865295
261.619080
345.000000
1.250000
GRASS_SPROUT
368.214172
263.037720
135.000000
0.750000