TILE
61
48
FIELD_GRASS
0
GRASS_SPROUT
363.654175
289.471741
195.000000
0.900000
GRASS_SPROUT
364.805176
288.753662
270.000000
1.050000
GRASS_SPROUT
365.956268
288.208771
210.000000
0.750000
GRASS_SPROUT
366.963867
287.805634
30.000000
0.800000
GRASS_SPROUT
367.969940
287.497040
270.000000
1.050000
GRASS_SPROUT
364.018463
288.554413
30.000000
0.950000
GRASS_SPROUT
364.600616
287.729065
60.000000
1.000000
GRASS_SPROUT
365.051025
286.882782
180.000000
1.100000
GRASS_SPROUT
365.368713
286.051331
210.000000
0.900000
GRASS_SPROUT
365.731018
285.126831
45.000000
0.800000
GRASS_SPROUT
366.001892
287.229126
210.000000
0.950000
GRASS_SPROUT
366.512177
285.167786
330.000000
1.150000
GRASS_SPROUT
367.848267
285.660736
255.000000
1.150000
GRASS_SPROUT
367.040405
286.402618
210.000000
1.000000
GRASS_SPROUT
368.473969
286.597870
105.000000
0.950000