TILE
69
44
FIELD_GRASS
0
GRASS_SPROUT
411.301971
265.738647
0.000000
0.800000
GRASS_SPROUT
411.811188
264.999207
165.000000
0.950000
GRASS_SPROUT
412.474762
264.093750
60.000000
0.800000
GRASS_SPROUT
412.034485
266.335052
165.000000
1.000000
GRASS_SPROUT
412.980194
265.774536
135.000000
1.000000
GRASS_SPROUT
411.189453
266.635620
30.000000
1.150000
GRASS_SPROUT
414.016876
266.322723
120.000000
0.850000
GRASS_SPROUT
414.600861
265.760620
345.000000
1.000000
GRASS_SPROUT
415.815887
265.172485
225.000000
1.250000
GRASS_SPROUT
415.533295
266.929626
150.000000
1.100000
GRASS_SPROUT
416.198456
266.139862
345.000000
1.050000
GRASS_SPROUT
414.621765
266.911560
15.000000
1.100000
GRASS_SPROUT
416.039551
263.962158
345.000000
1.200000
GRASS_SPROUT
413.041412
264.556580
255.000000
0.750000
GRASS_SPROUT
411.526672
263.843506
285.000000
1.200000
GRASS_SPROUT
412.131409
263.002228
195.000000
1.100000
GRASS_SPROUT
414.839539
261.680847
345.000000
1.150000
GRASS_SPROUT
416.070648
261.144684
90.000000
1.000000
GRASS_SPROUT
415.838867
262.643188
315.000000
1.100000
GRASS_SPROUT
414.956940
264.045593
315.000000
0.750000
GRASS_SPROUT
413.756012
265.143066
30.000000
0.800000
GRASS_SPROUT
413.454742
263.856262
30.000000
0.800000
GRASS_SPROUT
413.662506
263.016357
270.000000
0.950000
GRASS_SPROUT
414.268646
262.403412
45.000000
1.050000
GRASS_SPROUT
414.185486
263.536743
195.000000
0.800000
GRASS_SPROUT
416.692444
262.436584
150.000000
1.000000
GRASS_SPROUT
412.542755
262.122375
300.000000
1.000000
GRASS_SPROUT
416.761261
263.217316
285.000000
0.900000
GRASS_SPROUT
416.783173
261.620392
75.000000
0.950000
GRASS_SPROUT
413.391327
262.110046
225.000000
0.750000
GRASS_SPROUT
411.712036
261.717316
165.000000
0.950000