TILE
69
49
FIELD_GRASS
0
GRASS_SPROUT
416.809326
293.544952
30.000000
1.050000
GRASS_SPROUT
415.692749
293.834839
0.000000
1.100000
GRASS_SPROUT
414.564514
294.047974
315.000000
1.250000
GRASS_SPROUT
413.553955
294.083160
60.000000
1.150000
GRASS_SPROUT
412.232727
293.941895
150.000000
1.250000
GRASS_SPROUT
416.559875
294.413452
135.000000
0.800000
GRASS_SPROUT
416.214050
292.595184
315.000000
0.950000
GRASS_SPROUT
415.330566
292.603973
270.000000
1.050000
GRASS_SPROUT
414.299133
292.614258
45.000000
1.200000
GRASS_SPROUT
413.403564
292.067993
345.000000
1.200000
GRASS_SPROUT
412.234528
292.067993
0.000000
1.050000
GRASS_SPROUT
411.254303
292.067993
105.000000
1.150000
GRASS_SPROUT
411.485138
293.109772
45.000000
1.250000
GRASS_SPROUT
414.284973
291.604767
120.000000
1.250000
GRASS_SPROUT
415.226135
291.541595
195.000000
1.000000
GRASS_SPROUT
416.079529
291.122620
285.000000
1.100000
GRASS_SPROUT
413.375824
293.137390
315.000000
0.750000
GRASS_SPROUT
416.564819
291.854126
75.000000
0.800000
GRASS_SPROUT
412.658661
291.023834
225.000000
1.000000
GRASS_SPROUT
411.896790
291.317780
180.000000
0.950000