TILE
60
44
FIELD_GRASS
0
GRASS_SPROUT
362.043488
266.650879
30.000000
1.200000
GRASS_SPROUT
361.364136
265.683899
195.000000
0.950000
GRASS_SPROUT
360.896301
264.661377
165.000000
1.200000
GRASS_SPROUT
360.609467
263.367126
135.000000
1.200000
GRASS_SPROUT
360.507355
262.133453
210.000000
1.150000
GRASS_SPROUT
362.558533
264.425568
285.000000
1.000000
GRASS_SPROUT
362.337494
263.475464
240.000000
1.100000
GRASS_SPROUT
362.436676
262.629822
45.000000
0.850000
GRASS_SPROUT
362.667786
261.606567
135.000000
1.000000
GRASS_SPROUT
361.696777
261.765259
165.000000
1.250000
GRASS_SPROUT
362.806885
265.845062
300.000000
0.950000