TILE
68
43
FIELD_GRASS
0
GRASS_SPROUT
406.498016
260.839050
30.000000
0.800000
GRASS_SPROUT
406.218262
259.949921
180.000000
0.800000
GRASS_SPROUT
405.741669
259.376617
75.000000
0.950000
GRASS_SPROUT
405.142761
258.750671
315.000000
0.850000
GRASS_SPROUT
407.632019
260.514740
210.000000
1.150000
GRASS_SPROUT
407.631989
259.655548
300.000000
0.900000
GRASS_SPROUT
409.765411
257.834137
255.000000
1.000000
GRASS_SPROUT
408.614716
257.833893
120.000000
1.250000
GRASS_SPROUT
407.567596
257.833710
165.000000
0.750000
GRASS_SPROUT
406.644287
257.833618
60.000000
1.200000
GRASS_SPROUT
405.653198
257.833466
315.000000
0.900000
GRASS_SPROUT
410.472107
255.792892
285.000000
1.050000
GRASS_SPROUT
409.617065
255.835190
210.000000
0.800000
GRASS_SPROUT
408.182312
256.044800
240.000000
1.100000
GRASS_SPROUT
407.162201
256.127777
195.000000
0.800000
GRASS_SPROUT
405.922882
256.127777
135.000000
1.000000
GRASS_SPROUT
408.888611
255.230774
105.000000
0.950000
GRASS_SPROUT
410.874725
259.273407
300.000000
0.900000
GRASS_SPROUT
410.227570
259.718018
30.000000
0.850000
GRASS_SPROUT
410.749725
260.472473
150.000000
1.150000
GRASS_SPROUT
408.804810
260.887848
30.000000
0.950000
GRASS_SPROUT
408.424713
260.016876
30.000000
0.800000
GRASS_SPROUT
408.181061
259.124512
75.000000
0.950000
GRASS_SPROUT
407.454529
258.496338
15.000000
0.850000
GRASS_SPROUT
409.242004
259.218384
45.000000
1.250000
GRASS_SPROUT
409.700806
260.323425
330.000000
0.900000
GRASS_SPROUT
410.622437
258.534698
75.000000
1.000000
GRASS_SPROUT
406.704132
259.024475
105.000000
0.900000
GRASS_SPROUT
406.081329
258.520020
195.000000
0.950000
GRASS_SPROUT
405.536285
257.103882
135.000000
0.900000
GRASS_SPROUT
409.448517
256.761902
120.000000
1.150000
GRASS_SPROUT
410.433746
256.863708
285.000000
0.950000
GRASS_SPROUT
408.006805
257.131104
300.000000
1.050000
GRASS_SPROUT
406.430634
256.859589
300.000000
1.200000
GRASS_SPROUT
407.639832
255.284012
315.000000
1.150000