TILE
63
42
FIELD_GRASS
0
GRASS_SPROUT
380.517853
254.906494
240.000000
0.850000
GRASS_SPROUT
379.875092
253.985947
225.000000
1.000000
GRASS_SPROUT
379.371490
253.230560
60.000000
1.150000
GRASS_SPROUT
377.526184
250.435349
255.000000
0.950000
GRASS_SPROUT
376.820160
249.134323
315.000000
1.250000
GRASS_SPROUT
375.732025
250.189697
15.000000
1.100000
GRASS_SPROUT
376.418701
250.734131
270.000000
0.900000
GRASS_SPROUT
378.675751
252.548218
15.000000
0.750000
GRASS_SPROUT
378.189972
251.953491
165.000000
0.900000
GRASS_SPROUT
377.741486
251.293930
270.000000
0.750000
GRASS_SPROUT
375.417877
250.957397
300.000000
0.900000
GRASS_SPROUT
375.761139
252.101135
165.000000
1.100000
GRASS_SPROUT
376.058289
253.087540
165.000000
1.200000
GRASS_SPROUT
376.919647
253.407501
345.000000
0.850000
GRASS_SPROUT
377.590515
254.320313
285.000000
1.200000
GRASS_SPROUT
376.298401
254.682129
210.000000
0.750000
GRASS_SPROUT
375.899353
254.048615
300.000000
1.000000
GRASS_SPROUT
375.234314
253.714996
210.000000
0.850000
GRASS_SPROUT
378.588715
254.601120
60.000000
1.100000
GRASS_SPROUT
377.961273
253.320343
300.000000
1.250000
GRASS_SPROUT
377.566437
252.414825
135.000000
0.900000
GRASS_SPROUT
376.837433
251.651169
15.000000
1.150000
GRASS_SPROUT
378.718079
253.750275
75.000000
0.850000