TILE
67
43
FIELD_GRASS
0
GRASS_SPROUT
404.167450
258.485474
135.000000
1.250000
GRASS_SPROUT
402.960419
258.528870
255.000000
1.250000
GRASS_SPROUT
401.559875
258.231140
60.000000
1.250000
GRASS_SPROUT
400.623779
258.336151
90.000000
0.900000
GRASS_SPROUT
400.049500
257.432953
240.000000
1.050000
GRASS_SPROUT
399.604218
256.682892
330.000000
1.000000
GRASS_SPROUT
399.288177
260.161743
30.000000
0.800000
GRASS_SPROUT
399.418304
260.972534
255.000000
1.250000
GRASS_SPROUT
399.474976
258.305481
150.000000
0.800000
GRASS_SPROUT
402.149719
259.242462
75.000000
0.950000
GRASS_SPROUT
401.076050
259.619110
90.000000
0.950000
GRASS_SPROUT
400.359711
259.802582
30.000000
0.750000
GRASS_SPROUT
400.474396
260.513977
255.000000
1.000000
GRASS_SPROUT
404.864105
257.833344
135.000000
0.950000
GRASS_SPROUT
404.784363
256.127777
15.000000
0.850000
GRASS_SPROUT
404.017029
255.750458
255.000000
1.150000
GRASS_SPROUT
399.197449
255.123489
315.000000
1.000000
GRASS_SPROUT
400.229675
255.331970
60.000000
1.050000
GRASS_SPROUT
401.006104
255.331970
315.000000
0.750000
GRASS_SPROUT
401.748322
255.478607
15.000000
1.050000
GRASS_SPROUT
403.093323
255.794739
150.000000
0.800000
GRASS_SPROUT
404.220062
256.954437
180.000000
1.050000
GRASS_SPROUT
403.149872
257.100067
0.000000
1.000000
GRASS_SPROUT
402.337494
257.322601
75.000000
1.050000
GRASS_SPROUT
401.333160
256.812439
75.000000
0.950000
GRASS_SPROUT
402.418854
256.249786
60.000000
1.200000
GRASS_SPROUT
400.570313
256.472046
135.000000
0.950000