TILE
66
41
FIELD_GRASS
0
GRASS_SPROUT
393.521118
248.162354
75.000000
1.150000
GRASS_SPROUT
393.883850
247.227371
75.000000
0.950000
GRASS_SPROUT
394.347107
246.340820
90.000000
0.850000
GRASS_SPROUT
394.855774
245.607971
90.000000
1.150000
GRASS_SPROUT
396.148010
244.312668
180.000000
1.100000
GRASS_SPROUT
395.164551
248.166321
255.000000
0.850000
GRASS_SPROUT
395.504761
247.380264
255.000000
1.050000
GRASS_SPROUT
396.166931
246.847351
75.000000
0.950000
GRASS_SPROUT
396.443848
248.350403
165.000000
1.250000
GRASS_SPROUT
397.436462
248.749863
0.000000
1.150000
GRASS_SPROUT
398.922760
248.916718
300.000000
1.100000
GRASS_SPROUT
397.487427
246.048569
30.000000
1.050000
GRASS_SPROUT
398.428406
245.242111
180.000000
1.100000
GRASS_SPROUT
397.100494
243.696259
270.000000
0.850000
GRASS_SPROUT
397.745117
244.768890
180.000000
0.750000
GRASS_SPROUT
396.077606
245.790268
300.000000
1.150000
GRASS_SPROUT
395.330475
246.279724
120.000000
0.900000
GRASS_SPROUT
398.330048
247.346848
30.000000
1.150000
GRASS_SPROUT
397.659180
246.925079
165.000000
0.750000
GRASS_SPROUT
396.865265
244.823349
315.000000
1.050000
GRASS_SPROUT
398.408173
244.291107
135.000000
0.850000