TILE
66
43
FIELD_GRASS
0
GRASS_SPROUT
398.899017
256.104401
285.000000
1.150000
GRASS_SPROUT
398.397614
257.036011
105.000000
1.200000
GRASS_SPROUT
398.516266
258.181580
75.000000
1.250000
GRASS_SPROUT
398.847565
259.336761
0.000000
1.100000
GRASS_SPROUT
398.294617
260.055786
90.000000
1.050000
GRASS_SPROUT
397.754822
260.754486
300.000000
1.150000
GRASS_SPROUT
396.144806
260.153198
195.000000
1.050000
GRASS_SPROUT
395.878204
259.032898
255.000000
0.950000
GRASS_SPROUT
396.030823
260.968079
315.000000
0.950000
GRASS_SPROUT
395.037201
260.998352
195.000000
0.950000
GRASS_SPROUT
394.697632
260.088013
315.000000
1.200000
GRASS_SPROUT
396.503967
258.226318
345.000000
1.150000
GRASS_SPROUT
397.359100
259.068268
300.000000
1.200000
GRASS_SPROUT
397.541901
259.956848
285.000000
0.800000
GRASS_SPROUT
394.397461
259.064850
60.000000
1.250000
GRASS_SPROUT
393.736755
258.207855
225.000000
0.800000
GRASS_SPROUT
393.430145
257.567505
285.000000
0.900000
GRASS_SPROUT
393.394196
258.971100
330.000000
1.050000
GRASS_SPROUT
394.284607
260.855804
345.000000
0.850000
GRASS_SPROUT
393.617188
260.224304
75.000000
1.200000
GRASS_SPROUT
393.460236
255.900528
0.000000
0.900000
GRASS_SPROUT
393.325104
256.659027
165.000000
0.800000
GRASS_SPROUT
395.410126
255.754395
330.000000
1.000000
GRASS_SPROUT
396.648865
255.317825
75.000000
1.000000
GRASS_SPROUT
395.908295
257.080505
150.000000
0.750000
GRASS_SPROUT
395.158630
258.196472
30.000000
1.250000
GRASS_SPROUT
395.135712
256.702698
210.000000
1.150000
GRASS_SPROUT
397.668091
258.197540
300.000000
0.850000
GRASS_SPROUT
396.521973
256.615082
180.000000
0.850000
GRASS_SPROUT
397.461670
256.613220
180.000000
1.200000
GRASS_SPROUT
394.519043
257.206146
270.000000
0.800000
GRASS_SPROUT
394.635895
255.455139
300.000000
0.750000
GRASS_SPROUT
394.167267
256.279297
45.000000
1.050000
GRASS_SPROUT
398.088776
255.374039
345.000000
0.800000