TILE
62
47
FIELD_GRASS
0
GRASS_SPROUT
374.756378
279.321259
75.000000
1.000000
GRASS_SPROUT
374.406830
279.954285
270.000000
0.750000
GRASS_SPROUT
373.969757
280.660919
30.000000
1.250000
GRASS_SPROUT
373.712982
281.491089
255.000000
0.850000
GRASS_SPROUT
373.940948
282.207275
330.000000
0.950000
GRASS_SPROUT
374.493835
282.796173
180.000000
1.050000
GRASS_SPROUT
369.773529
279.062744
90.000000
1.100000
GRASS_SPROUT
369.088196
279.854340
300.000000
1.100000
GRASS_SPROUT
370.024017
280.044403
210.000000
1.050000
GRASS_SPROUT
372.352264
279.593872
330.000000
1.100000
GRASS_SPROUT
370.980469
280.650574
210.000000
0.950000
GRASS_SPROUT
369.394531
281.471283
180.000000
1.050000
GRASS_SPROUT
369.216675
284.690430
75.000000
0.900000
GRASS_SPROUT
369.112671
283.834930
90.000000
0.850000
GRASS_SPROUT
369.251831
283.077789
225.000000
0.900000
GRASS_SPROUT
369.688782
282.419708
345.000000
1.000000
GRASS_SPROUT
370.456573
282.938599
60.000000
1.100000
GRASS_SPROUT
370.914551
283.857880
45.000000
0.900000
GRASS_SPROUT
370.242981
281.898102
135.000000
0.800000
GRASS_SPROUT
370.499573
284.570282
345.000000
0.850000
GRASS_SPROUT
371.532288
282.243835
300.000000
0.850000
GRASS_SPROUT
372.559509
281.296478
165.000000
0.750000
GRASS_SPROUT
373.839539
279.229736
180.000000
1.250000
GRASS_SPROUT
372.307404
280.478638
105.000000
1.050000
GRASS_SPROUT
372.069061
283.602905
45.000000
1.000000
GRASS_SPROUT
373.437714
284.144104
255.000000
0.800000
GRASS_SPROUT
373.997131
284.651031
15.000000
1.000000
GRASS_SPROUT
372.187012
284.483246
345.000000
0.900000
GRASS_SPROUT
371.377808
283.096863
150.000000
1.100000
GRASS_SPROUT
372.196289
282.752472
45.000000
1.100000
GRASS_SPROUT
372.988892
283.246338
270.000000
1.200000
GRASS_SPROUT
372.770599
282.197937
240.000000
0.800000
GRASS_SPROUT
371.731873
281.474426
180.000000
1.000000
GRASS_SPROUT
370.971771
281.806335
240.000000
0.900000
GRASS_SPROUT
371.562653
279.828339
285.000000
0.950000
GRASS_SPROUT
370.810791
279.431213
210.000000
1.150000