TILE
40
32
FIELD_GRASS
0
GRASS_SPROUT
240.403046
194.196289
270.000000
0.900000
GRASS_SPROUT
240.377792
193.448837
345.000000
0.900000
GRASS_SPROUT
240.534348
192.801620
330.000000
0.750000
GRASS_SPROUT
240.241318
192.092041
45.000000
1.000000
GRASS_SPROUT
239.844955
191.178513
285.000000
1.250000
GRASS_SPROUT
239.373398
190.110596
30.000000
1.250000
GRASS_SPROUT
239.007553
189.193848
345.000000
0.950000
GRASS_SPROUT
240.938400
189.357880
30.000000
1.050000
GRASS_SPROUT
241.876328
190.176483
135.000000
1.050000
GRASS_SPROUT
242.389526
191.141586
255.000000
1.050000
GRASS_SPROUT
242.389526
192.063553
150.000000
0.750000
GRASS_SPROUT
242.876083
190.084473
30.000000
0.900000
GRASS_SPROUT
240.708817
190.214493
330.000000
1.150000
GRASS_SPROUT
240.757767
191.197647
210.000000
0.850000
GRASS_SPROUT
241.338547
193.516922
270.000000
0.850000
GRASS_SPROUT
242.344025
194.123291
75.000000
1.250000
GRASS_SPROUT
242.662766
192.999481
90.000000
1.000000
GRASS_SPROUT
241.603851
191.674271
330.000000
0.800000
GRASS_SPROUT
241.227585
194.644699
300.000000
0.800000
GRASS_SPROUT
241.223099
192.383957
90.000000
1.200000