TILE
1
31
FIELD_GRASS
0
PINE TREE 1
8.555161
185.718369
150.000000
1.000000
GRASS_SPROUT
8.660303
188.029312
315.000000
1.000000
GRASS_SPROUT
7.555700
188.014236
315.000000
1.050000
GRASS_SPROUT
6.588223
187.902390
0.000000
1.250000
GRASS_SPROUT
5.677971
187.383453
300.000000
1.250000
GRASS_SPROUT
5.281779
186.426437
90.000000
1.050000
GRASS_SPROUT
5.370669
185.306519
75.000000
0.750000
GRASS_SPROUT
5.928678
184.694565
180.000000
1.000000
GRASS_SPROUT
6.935885
184.101624
285.000000
0.850000
GRASS_SPROUT
7.982600
183.531815
75.000000
1.050000
GRASS_SPROUT
8.790319
183.336853
165.000000
0.850000
GRASS_SPROUT
8.841200
186.993393
45.000000
1.050000
GRASS_SPROUT
7.870265
186.955612
60.000000
0.850000
GRASS_SPROUT
7.377244
186.454391
105.000000
0.900000
GRASS_SPROUT
6.754242
185.822266
255.000000
1.250000
GRASS_SPROUT
6.542387
186.866074
195.000000
1.000000
GRASS_SPROUT
7.693687
185.079758
225.000000
0.850000
GRASS_SPROUT
8.565528
184.602127
210.000000
0.950000