TILE
2
31
FIELD_GRASS
0
GRASS_SPROUT
9.634832
187.808167
45.000000
1.200000
GRASS_SPROUT
10.001162
183.188934
210.000000
1.150000
GRASS_SPROUT
11.025640
183.483307
105.000000
0.750000
GRASS_SPROUT
11.641479
184.148102
90.000000
1.000000
GRASS_SPROUT
12.089127
184.739182
0.000000
0.850000
GRASS_SPROUT
12.698548
185.476532
210.000000
1.200000
GRASS_SPROUT
13.315113
186.296265
345.000000
1.100000
GRASS_SPROUT
13.977196
187.031052
90.000000
1.200000
GRASS_SPROUT
13.083684
187.365189
75.000000
0.900000
GRASS_SPROUT
12.379215
187.438278
120.000000
0.800000
GRASS_SPROUT
11.532660
187.401779
150.000000
1.100000
GRASS_SPROUT
10.435802
187.217758
0.000000
0.950000
GRASS_SPROUT
9.436363
184.637817
195.000000
0.750000
GRASS_SPROUT
10.239961
185.220459
240.000000
0.850000
GRASS_SPROUT
11.029560
185.842087
225.000000
0.850000
GRASS_SPROUT
9.903996
186.000183
90.000000
1.150000
GRASS_SPROUT
11.636370
186.264679
345.000000
0.950000
GRASS_SPROUT
10.827540
184.548630
270.000000
1.050000