TILE
6
34
FIELD_GRASS
0
PINE TREE 1
35.662743
205.599625
345.000000
0.850000
GRASS_SPROUT
33.299782
206.640076
330.000000
1.050000
GRASS_SPROUT
33.813133
206.065765
0.000000
0.800000
GRASS_SPROUT
34.659016
205.797455
315.000000
0.900000
GRASS_SPROUT
36.677208
205.358337
75.000000
1.100000
GRASS_SPROUT
37.491901
205.020813
105.000000
0.850000
GRASS_SPROUT
38.236916
204.441940
165.000000
0.750000
GRASS_SPROUT
38.799877
203.780457
150.000000
0.750000
GRASS_SPROUT
38.620224
202.572250
270.000000
0.900000
GRASS_SPROUT
37.493561
202.104660
15.000000
1.250000
GRASS_SPROUT
36.654724
202.104660
225.000000
0.750000
GRASS_SPROUT
35.988239
202.239548
30.000000
0.850000
GRASS_SPROUT
35.115440
202.703568
255.000000
1.150000
GRASS_SPROUT
34.528698
203.282242
195.000000
0.750000
GRASS_SPROUT
33.820560
204.024078
15.000000
1.150000
GRASS_SPROUT
33.397758
204.849319
90.000000
0.850000
GRASS_SPROUT
38.999474
201.969040
90.000000
0.800000
GRASS_SPROUT
38.385048
206.497833
225.000000
0.950000
GRASS_SPROUT
37.622822
206.768494
240.000000
0.750000
GRASS_SPROUT
36.895653
206.920685
0.000000
1.100000
GRASS_SPROUT
35.910038
206.996124
0.000000
0.950000
GRASS_SPROUT
35.088280
206.882813
345.000000
1.000000
GRASS_SPROUT
34.248337
206.920685
15.000000
1.050000
GRASS_SPROUT
36.674034
203.689301
60.000000
1.100000
GRASS_SPROUT
36.946045
204.434479
195.000000
0.750000
GRASS_SPROUT
36.106617
204.434479
135.000000
1.150000
GRASS_SPROUT
35.137913
204.568146
240.000000
1.200000
GRASS_SPROUT
37.808788
203.032700
345.000000
1.150000
GRASS_SPROUT
38.119415
205.249039
195.000000
0.750000
GRASS_SPROUT
37.933033
205.912186
195.000000
0.750000
GRASS_SPROUT
36.899071
202.857697
180.000000
0.950000
GRASS_SPROUT
33.467186
203.173401
105.000000
1.100000