TILE
6
39
FIELD_GRASS
0
GRASS_SPROUT
34.070335
236.887222
300.000000
0.800000
GRASS_SPROUT
34.605255
236.119644
195.000000
1.050000
GRASS_SPROUT
35.072388
235.492126
240.000000
0.850000
GRASS_SPROUT
35.910881
234.787872
180.000000
0.750000
GRASS_SPROUT
36.992924
234.048157
195.000000
1.100000
GRASS_SPROUT
37.758781
233.481598
255.000000
1.200000
GRASS_SPROUT
38.475647
232.673767
240.000000
1.000000
GRASS_SPROUT
38.976345
231.705261
285.000000
1.000000
GRASS_SPROUT
38.712231
233.736145
75.000000
1.000000
GRASS_SPROUT
38.548779
234.660492
315.000000
1.200000
GRASS_SPROUT
37.685280
235.782013
120.000000
1.200000
GRASS_SPROUT
36.166309
236.456451
135.000000
1.100000
GRASS_SPROUT
36.560730
235.500900
300.000000
0.900000
GRASS_SPROUT
37.241161
234.766800
0.000000
0.800000