TILE
5
33
FIELD_GRASS
0
GRASS_SPROUT
27.189373
200.455078
0.000000
1.200000
GRASS_SPROUT
27.771421
195.437531
330.000000
0.850000
GRASS_SPROUT
27.878208
196.104706
105.000000
0.750000
GRASS_SPROUT
27.914932
196.920471
15.000000
0.950000
GRASS_SPROUT
28.017925
197.854813
210.000000
1.000000
GRASS_SPROUT
27.150385
199.466049
15.000000
1.250000
GRASS_SPROUT
27.556280
198.586838
195.000000
0.750000
GRASS_SPROUT
28.793888
199.166885
300.000000
0.850000
GRASS_SPROUT
28.267588
199.758408
240.000000
1.000000
GRASS_SPROUT
28.858557
198.277161
255.000000
1.150000
GRASS_SPROUT
29.127565
197.516800
330.000000
0.750000
GRASS_SPROUT
29.204842
196.904419
90.000000
0.750000
GRASS_SPROUT
29.105865
196.013382
270.000000
1.150000
GRASS_SPROUT
28.964340
195.054718
300.000000
0.800000