TILE
9
36
FIELD_GRASS
0
GRASS_SPROUT
52.975002
218.757874
315.000000
1.200000
GRASS_SPROUT
52.980247
217.731689
30.000000
1.250000
GRASS_SPROUT
52.185505
217.431885
165.000000
0.750000
GRASS_SPROUT
55.604439
218.981171
330.000000
0.850000
GRASS_SPROUT
55.150391
218.408478
75.000000
0.850000
GRASS_SPROUT
54.180008
217.764786
165.000000
0.850000
GRASS_SPROUT
52.377724
216.488586
270.000000
0.900000
GRASS_SPROUT
51.596848
215.914276
255.000000
1.050000
GRASS_SPROUT
54.359932
218.925354
150.000000
1.150000
GRASS_SPROUT
51.379601
214.996796
15.000000
1.150000
GRASS_SPROUT
53.581100
216.835159
60.000000
1.250000
GRASS_SPROUT
52.552498
215.491394
270.000000
1.200000
GRASS_SPROUT
51.569408
214.101685
300.000000
0.750000
GRASS_SPROUT
52.020691
213.042633
30.000000
1.150000
GRASS_SPROUT
52.876484
213.464188
180.000000
1.000000
GRASS_SPROUT
53.687527
213.635727
135.000000
0.900000
GRASS_SPROUT
54.414799
213.635727
120.000000
0.900000
GRASS_SPROUT
55.272926
213.429596
300.000000
1.000000
GRASS_SPROUT
56.147457
213.149353
345.000000
1.250000
GRASS_SPROUT
54.320301
215.541412
150.000000
0.850000
GRASS_SPROUT
55.120693
215.436478
150.000000
0.900000
GRASS_SPROUT
55.035107
216.390167
105.000000
0.750000
GRASS_SPROUT
55.853737
214.159088
270.000000
1.150000
GRASS_SPROUT
55.110954
214.630692
195.000000
0.850000
GRASS_SPROUT
53.754372
214.357635
135.000000
0.750000
GRASS_SPROUT
52.798576
214.396988
315.000000
1.200000
GRASS_SPROUT
54.365345
216.529419
240.000000
0.850000
GRASS_SPROUT
56.665363
214.475357
195.000000
0.950000
GRASS_SPROUT
56.842159
215.950928
315.000000
0.850000
GRASS_SPROUT
56.214813
217.018066
45.000000
1.100000
GRASS_SPROUT
54.782806
217.239471
180.000000
0.900000
GRASS_SPROUT
55.992775
218.321289
330.000000
1.050000