TILE
8
32
FIELD_GRASS
0
GRASS_SPROUT
50.807735
194.556793
195.000000
1.000000
GRASS_SPROUT
49.753311
194.588593
300.000000
1.200000
GRASS_SPROUT
48.722794
194.396530
165.000000
1.100000
GRASS_SPROUT
48.049908
194.002975
345.000000
0.750000
GRASS_SPROUT
47.438053
193.767410
300.000000
0.800000
GRASS_SPROUT
46.634109
193.422897
180.000000
1.200000
GRASS_SPROUT
45.538429
193.665054
165.000000
1.100000
GRASS_SPROUT
45.692940
189.188263
0.000000
0.800000
GRASS_SPROUT
45.006081
189.613113
105.000000
0.800000
GRASS_SPROUT
45.776714
191.018494
315.000000
0.950000
GRASS_SPROUT
46.392643
191.533478
90.000000
0.850000
GRASS_SPROUT
45.279449
192.295822
90.000000
1.000000
GRASS_SPROUT
47.137501
191.181808
15.000000
0.950000
GRASS_SPROUT
47.869625
190.985580
225.000000
0.900000
GRASS_SPROUT
48.854759
190.952560
60.000000
1.100000
GRASS_SPROUT
49.276184
191.596313
90.000000
0.750000
GRASS_SPROUT
48.452427
192.117355
135.000000
1.250000
GRASS_SPROUT
47.094185
192.236633
315.000000
0.900000
GRASS_SPROUT
50.121666
191.051331
135.000000
1.000000
GRASS_SPROUT
48.852341
189.405472
105.000000
1.150000
GRASS_SPROUT
50.848324
189.179184
105.000000
1.000000
GRASS_SPROUT
48.154755
189.882645
120.000000
0.750000
GRASS_SPROUT
47.275272
189.664627
210.000000
1.200000
GRASS_SPROUT
46.348969
189.627930
195.000000
0.800000
GRASS_SPROUT
50.165245
189.846573
270.000000
1.150000
GRASS_SPROUT
50.300755
193.147278
255.000000
0.950000
GRASS_SPROUT
49.106827
193.505554
90.000000
1.150000
GRASS_SPROUT
50.984406
190.314224
285.000000
0.950000
GRASS_SPROUT
49.642239
192.714539
225.000000
1.000000