TILE
78
7
FIELD_GRASS
0
GRASS_SPROUT
467.174652
44.250317
285.000000
0.750000
GRASS_SPROUT
467.626312
43.339371
15.000000
1.200000
GRASS_SPROUT
468.164154
42.697731
165.000000
0.800000
GRASS_SPROUT
468.958954
41.729084
255.000000
1.150000
GRASS_SPROUT
469.888733
40.959053
0.000000
1.250000
GRASS_SPROUT
470.778778
40.944553
75.000000
0.850000
GRASS_SPROUT
470.311340
41.871452
120.000000
1.250000
GRASS_SPROUT
465.678711
40.844055
225.000000
1.100000
GRASS_SPROUT
466.583130
40.265121
210.000000
1.200000
GRASS_SPROUT
467.276031
39.872135
255.000000
0.750000
GRASS_SPROUT
467.937531
39.543655
15.000000
0.750000
GRASS_SPROUT
468.811951
39.389488
315.000000
0.750000
GRASS_SPROUT
469.505981
39.381897
270.000000
0.850000
GRASS_SPROUT
470.458130
39.221809
15.000000
1.250000
GRASS_SPROUT
465.898438
39.645191
255.000000
0.850000
GRASS_SPROUT
468.355011
40.206665
225.000000
1.050000
GRASS_SPROUT
467.618713
40.620087
210.000000
0.800000
GRASS_SPROUT
465.436432
44.853363
45.000000
0.800000
GRASS_SPROUT
465.630676
43.763779
15.000000
1.250000
GRASS_SPROUT
466.458038
42.746689
105.000000
0.800000
GRASS_SPROUT
466.963043
42.098114
195.000000
1.000000
GRASS_SPROUT
465.848145
41.830055
330.000000
1.150000
GRASS_SPROUT
467.613617
41.371769
165.000000
1.050000