TILE
77
7
FIELD_GRASS
0
PINE TREE 1
464.082428
39.009872
15.000000
1.000000
GRASS_SPROUT
459.046417
42.152496
45.000000
1.250000
GRASS_SPROUT
459.485870
41.253078
15.000000
1.050000
GRASS_SPROUT
460.179138
40.194466
150.000000
1.150000
GRASS_SPROUT
461.020508
39.162399
255.000000
1.000000
GRASS_SPROUT
460.707581
44.858513
330.000000
0.950000
GRASS_SPROUT
460.297241
43.837540
165.000000
1.150000
GRASS_SPROUT
460.703766
42.786621
60.000000
0.850000
GRASS_SPROUT
461.046967
41.832626
120.000000
1.150000
GRASS_SPROUT
462.131104
40.859501
120.000000
1.150000
GRASS_SPROUT
462.928589
40.192398
270.000000
0.900000
GRASS_SPROUT
461.710083
42.691105
120.000000
1.100000
GRASS_SPROUT
463.582672
42.329067
270.000000
0.800000
GRASS_SPROUT
464.585205
41.874596
240.000000
1.150000
GRASS_SPROUT
464.994446
39.670528
195.000000
0.850000
GRASS_SPROUT
464.150879
40.253300
150.000000
0.800000
GRASS_SPROUT
463.120026
43.068939
285.000000
1.250000
GRASS_SPROUT
463.206329
41.414356
210.000000
1.100000
GRASS_SPROUT
462.114868
41.828335
0.000000
1.200000
GRASS_SPROUT
462.332123
39.433380
45.000000
1.050000
GRASS_SPROUT
464.579926
42.885929
135.000000
1.250000
GRASS_SPROUT
464.197937
43.968361
330.000000
1.250000
GRASS_SPROUT
463.863129
44.992500
0.000000
1.150000
GRASS_SPROUT
462.360229
44.932400
315.000000
0.800000
GRASS_SPROUT
461.969025
44.400700
90.000000
0.750000
GRASS_SPROUT
459.349670
44.111782
210.000000
1.150000
GRASS_SPROUT
461.708923
43.526588
105.000000
0.900000