TILE
78
6
FIELD_GRASS
0
GRASS_SPROUT
465.119476
36.432182
255.000000
0.950000
GRASS_SPROUT
466.104706
36.792599
165.000000
1.250000
GRASS_SPROUT
466.960541
36.792599
225.000000
0.850000
GRASS_SPROUT
467.759399
36.964195
75.000000
1.100000
GRASS_SPROUT
468.749878
37.259457
210.000000
1.250000
GRASS_SPROUT
469.600555
37.589272
195.000000
0.950000
GRASS_SPROUT
470.745331
37.751221
90.000000
1.250000
GRASS_SPROUT
465.770813
35.901661
195.000000
1.100000
GRASS_SPROUT
466.789276
35.763081
300.000000
0.850000
GRASS_SPROUT
467.667297
35.669945
285.000000
1.100000
GRASS_SPROUT
468.596313
35.669945
300.000000
0.800000
GRASS_SPROUT
469.376465
35.809425
0.000000
1.100000
GRASS_SPROUT
470.229492
36.219906
0.000000
0.750000
GRASS_SPROUT
465.263214
38.810059
45.000000
1.200000
GRASS_SPROUT
466.183807
38.802242
165.000000
0.850000
GRASS_SPROUT
468.156647
38.119759
90.000000
1.100000
GRASS_SPROUT
467.507385
38.761829
30.000000
1.100000
GRASS_SPROUT
465.127563
37.954353
300.000000
0.900000
GRASS_SPROUT
466.216736
37.828968
195.000000
1.250000
GRASS_SPROUT
469.759155
38.524639
315.000000
0.850000