TILE
70
0
FIELD_GRASS
0
PINE TREE 1
417.583252
-1.240879
60.000000
0.800000
PINE TREE 1
419.204956
-1.240879
345.000000
0.750000
PINE TREE 1
420.755676
-1.240879
180.000000
0.800000
PINE TREE 1
422.210083
-1.240879
330.000000
0.850000
PINE TREE 1
422.669556
1.856675
90.000000
1.150000
PINE TREE 1
421.510437
2.705767
150.000000
0.900000
PINE TREE 1
420.081940
2.009892
195.000000
1.200000
PINE TREE 1
418.323975
2.394339
195.000000
1.100000
PINE TREE 1
417.142395
0.862340
330.000000
0.850000
PINE TREE 1
418.427673
0.157791
90.000000
1.200000
PINE TREE 1
420.095917
0.220158
345.000000
1.000000
PINE TREE 1
421.860565
0.096620
255.000000
1.050000