TILE
77
3
FIELD_GRASS
0
PINE TREE 1
461.799164
20.696993
195.000000
1.200000
PINE TREE 1
463.366119
19.575394
285.000000
0.850000
GRASS_SPROUT
459.369232
18.463024
90.000000
1.150000
GRASS_SPROUT
460.288300
18.050297
240.000000
0.800000
GRASS_SPROUT
461.138153
17.839684
105.000000
1.250000
GRASS_SPROUT
462.202209
17.626143
225.000000
0.950000
GRASS_SPROUT
463.039612
17.945351
75.000000
1.200000
GRASS_SPROUT
463.296692
20.766876
240.000000
1.150000
GRASS_SPROUT
460.382965
20.130592
15.000000
1.100000
GRASS_SPROUT
461.939667
19.434111
150.000000
0.900000
GRASS_SPROUT
461.060944
19.503458
30.000000
1.100000
GRASS_SPROUT
459.731354
19.503458
75.000000
0.750000