TILE
59
15
FIELD_GRASS
0
PINE TREE 1
355.205811
87.611526
105.000000
1.100000
PINE TREE 1
354.052704
89.128105
105.000000
1.250000
PINE TREE 1
353.128479
90.199539
240.000000
0.750000
PINE TREE 1
352.175781
91.237907
135.000000
1.000000
PINE TREE 1
353.497437
91.780312
255.000000
0.950000
PINE TREE 1
354.954926
91.083931
135.000000
1.150000
PINE TREE 1
355.606781
89.439766
150.000000
0.800000
PINE TREE 1
354.905487
92.782242
225.000000
1.050000
PINE TREE 1
356.601013
92.643784
45.000000
1.200000
GRASS_SPROUT
352.932190
92.907089
345.000000
0.900000
GRASS_SPROUT
356.347778
88.383568
210.000000
0.750000