TILE
55
16
FIELD_GRASS
0
PINE TREE 1
327.510712
98.454407
270.000000
0.800000
PINE TREE 1
331.683441
93.170601
60.000000
1.250000
PINE TREE 1
329.697357
98.026299
210.000000
0.900000
PINE TREE 1
328.794678
96.963875
240.000000
0.950000
PINE TREE 1
327.778717
95.841095
315.000000
0.750000
PINE TREE 1
329.441956
95.496826
270.000000
1.250000
PINE TREE 1
330.774017
96.663521
270.000000
1.000000
PINE TREE 1
330.401428
94.156792
180.000000
0.850000
PINE TREE 1
331.324341
94.991112
225.000000
0.800000
PINE TREE 1
331.835693
95.951691
315.000000
0.750000
PINE TREE 1
332.215057
98.158424
330.000000
0.850000
PINE TREE 1
327.750366
93.448692
165.000000
0.950000
PINE TREE 1
329.040771
93.526413
120.000000
0.750000