TILE
56
16
FIELD_GRASS
0
PINE TREE 1
336.346344
98.347588
15.000000
0.950000
PINE TREE 1
335.474976
97.275848
90.000000
0.750000
PINE TREE 1
334.433350
96.084801
150.000000
1.200000
PINE TREE 1
333.097321
94.641884
315.000000
1.250000
PINE TREE 1
333.378815
97.398315
315.000000
0.900000
PINE TREE 1
333.606506
98.754974
315.000000
1.050000
GRASS_SPROUT
335.784271
95.829071
0.000000
1.150000
GRASS_SPROUT
336.972900
95.932281
195.000000
1.150000
GRASS_SPROUT
338.047791
95.829071
315.000000
1.050000
GRASS_SPROUT
338.920746
95.655136
255.000000
0.800000
GRASS_SPROUT
338.689758
97.179276
105.000000
1.100000
GRASS_SPROUT
337.602142
97.179276
120.000000
1.100000
GRASS_SPROUT
336.833191
96.972839
315.000000
0.750000
GRASS_SPROUT
338.026031
98.724960
255.000000
0.800000
GRASS_SPROUT
338.121704
98.090103
240.000000
0.750000
GRASS_SPROUT
338.908875
98.204414
0.000000
0.950000