TILE
56
18
FIELD_GRASS
0
PINE TREE 1
333.654999
110.917862
120.000000
1.000000
PINE TREE 1
335.204193
110.911812
225.000000
0.850000
PINE TREE 1
335.190460
109.667961
0.000000
0.850000
PINE TREE 1
338.263580
105.638779
45.000000
0.750000
PINE TREE 1
333.946991
105.621094
75.000000
1.150000
PINE TREE 1
333.965698
107.411011
165.000000
1.200000
PINE TREE 1
333.658966
109.407867
135.000000
0.850000
PINE TREE 1
336.049408
106.867844
45.000000
1.100000
PINE TREE 1
335.584564
108.246559
15.000000
0.850000
PINE TREE 1
335.776337
105.103729
105.000000
0.900000
PINE TREE 1
336.962769
109.767044
300.000000
1.150000
PINE TREE 1
337.216125
108.385002
165.000000
0.750000
PINE TREE 1
337.688660
106.923401
120.000000
1.200000