TILE
54
13
FIELD_GRASS
0
PINE TREE 1
321.251617
80.602715
225.000000
1.250000
PINE TREE 1
321.341797
79.056274
240.000000
0.900000
PINE TREE 1
321.830414
77.916931
120.000000
0.850000
PINE TREE 1
322.598755
76.805817
255.000000
0.750000
PINE TREE 1
323.480469
75.706650
315.000000
1.050000
PINE TREE 1
321.242218
75.285507
195.000000
0.950000
PINE TREE 1
323.169739
78.534752
105.000000
1.050000
PINE TREE 1
324.947266
76.611961
195.000000
1.250000
GRASS_SPROUT
326.218689
76.140671
225.000000
1.200000