TILE
58
12
FIELD_GRASS
0
PINE TREE 1
349.697052
69.399284
240.000000
1.200000
PINE TREE 1
349.622375
71.449043
210.000000
1.150000
PINE TREE 1
349.590637
72.958878
285.000000
0.800000
PINE TREE 1
349.718140
74.783974
195.000000
1.150000
GRASS_SPROUT
346.990906
69.027954
150.000000
0.850000
GRASS_SPROUT
346.403564
69.343666
15.000000
0.800000
GRASS_SPROUT
345.413422
69.752541
45.000000
1.200000
GRASS_SPROUT
345.680878
72.369003
120.000000
0.800000
GRASS_SPROUT
346.814606
73.084824
270.000000
0.850000
GRASS_SPROUT
347.682404
73.465027
330.000000
0.750000
GRASS_SPROUT
348.326965
74.063698
285.000000
1.100000
GRASS_SPROUT
346.636047
74.389053
150.000000
1.200000
GRASS_SPROUT
345.831085
74.010048
30.000000
0.800000
GRASS_SPROUT
345.199432
73.392014
255.000000
1.200000
GRASS_SPROUT
348.085510
72.497765
180.000000
0.900000
GRASS_SPROUT
348.039368
71.511063
330.000000
1.200000
GRASS_SPROUT
347.886597
70.402313
345.000000
1.250000
GRASS_SPROUT
345.898254
70.987511
30.000000
1.050000
GRASS_SPROUT
346.459930
72.119316
45.000000
0.900000
GRASS_SPROUT
347.200439
71.693008
165.000000
0.750000
GRASS_SPROUT
346.923248
69.873566
0.000000
0.800000
GRASS_SPROUT
346.921448
70.872528
30.000000
0.900000
GRASS_SPROUT
348.350220
69.236900
225.000000
1.200000