TILE
13
39
FIELD_GRASS
0
GRASS_SPROUT
75.859329
231.976471
180.000000
1.150000
GRASS_SPROUT
77.014664
232.300262
30.000000
1.000000
GRASS_SPROUT
77.595200
233.239639
330.000000
1.000000
GRASS_SPROUT
78.036781
234.278458
105.000000
1.000000
GRASS_SPROUT
78.345634
235.396530
165.000000
0.800000
GRASS_SPROUT
78.553146
236.383408
75.000000
1.000000
GRASS_SPROUT
77.549538
236.899460
270.000000
1.200000
GRASS_SPROUT
77.561226
236.024643
75.000000
0.800000
GRASS_SPROUT
77.356262
235.327515
15.000000
0.950000
GRASS_SPROUT
77.152054
234.507782
180.000000
0.950000
GRASS_SPROUT
76.331650
235.834671
285.000000
1.050000
GRASS_SPROUT
75.510208
233.723663
300.000000
1.050000
GRASS_SPROUT
75.911819
234.876770
180.000000
0.850000
GRASS_SPROUT
76.333405
232.976456
225.000000
1.050000
GRASS_SPROUT
76.391335
233.861084
330.000000
1.050000