TILE
14
30
FIELD_GRASS
0
GRASS_SPROUT
83.641579
182.301315
285.000000
0.750000
GRASS_SPROUT
84.360687
182.148621
60.000000
0.950000
GRASS_SPROUT
85.549934
181.682892
135.000000
1.250000
GRASS_SPROUT
81.368080
182.520279
255.000000
1.200000
GRASS_SPROUT
82.322823
182.645966
90.000000
1.150000
GRASS_SPROUT
85.934044
180.682983
45.000000
1.200000
GRASS_SPROUT
86.791183
180.005890
105.000000
1.200000
GRASS_SPROUT
86.594872
182.599167
75.000000
1.250000
GRASS_SPROUT
86.969498
181.680847
180.000000
1.050000
GRASS_SPROUT
85.345963
182.744919
285.000000
0.950000