TILE
16
37
FIELD_GRASS
0
PINE TREE 1
93.676422
221.796677
15.000000
0.900000
PINE TREE 1
94.828194
220.818359
225.000000
1.000000
GRASS_SPROUT
93.143280
224.746979
135.000000
0.750000
GRASS_SPROUT
94.065552
219.108124
150.000000
0.750000
GRASS_SPROUT
94.065552
219.935089
285.000000
0.950000
GRASS_SPROUT
93.915115
222.907440
270.000000
0.850000
GRASS_SPROUT
93.912674
223.807312
240.000000
1.200000
GRASS_SPROUT
93.912674
224.751434
135.000000
1.150000
GRASS_SPROUT
94.483376
222.350616
90.000000
0.750000
GRASS_SPROUT
93.110222
220.756241
30.000000
1.250000
GRASS_SPROUT
94.833755
219.631531
330.000000
1.050000
GRASS_SPROUT
95.603218
219.129471
0.000000
0.900000
GRASS_SPROUT
97.474892
219.135681
225.000000
0.800000
GRASS_SPROUT
97.135078
219.963745
0.000000
1.000000
GRASS_SPROUT
98.108673
222.029678
150.000000
0.850000
GRASS_SPROUT
97.379654
221.597610
210.000000
1.200000
GRASS_SPROUT
96.856361
222.303162
165.000000
0.950000
GRASS_SPROUT
96.212891
223.570984
300.000000
0.750000
GRASS_SPROUT
95.505318
223.614334
15.000000
1.000000
GRASS_SPROUT
95.102570
222.884979
210.000000
1.000000
GRASS_SPROUT
95.477219
222.024445
0.000000
1.150000
GRASS_SPROUT
95.936920
224.445847
255.000000
1.200000
GRASS_SPROUT
95.739609
220.006210
165.000000
1.250000
GRASS_SPROUT
96.566467
221.195206
90.000000
1.000000
GRASS_SPROUT
97.504875
222.795090
270.000000
0.950000
GRASS_SPROUT
98.709038
223.783600
150.000000
1.150000
GRASS_SPROUT
98.115242
223.146942
345.000000
0.800000
GRASS_SPROUT
97.290413
223.866302
315.000000
1.200000