TILE
15
33
FIELD_GRASS
0
PINE TREE 1
92.112053
198.988434
105.000000
0.800000
PINE TREE 1
90.998001
197.879105
330.000000
1.200000
GRASS_SPROUT
87.329750
196.573288
315.000000
1.050000
GRASS_SPROUT
88.625046
196.630829
30.000000
0.950000
GRASS_SPROUT
89.580887
196.688095
195.000000
1.100000
GRASS_SPROUT
90.393135
196.196152
270.000000
1.150000
GRASS_SPROUT
91.220879
195.991165
30.000000
0.750000
GRASS_SPROUT
92.062485
195.782730
165.000000
1.200000
GRASS_SPROUT
92.992516
198.275040
225.000000
0.850000
GRASS_SPROUT
88.116570
198.142929
90.000000
0.800000
GRASS_SPROUT
89.193153
198.346283
255.000000
1.150000
GRASS_SPROUT
87.392937
198.976990
315.000000
1.250000
GRASS_SPROUT
87.184769
199.797470
210.000000
0.850000
GRASS_SPROUT
88.080643
200.223785
315.000000
1.100000
GRASS_SPROUT
89.037170
200.362747
195.000000
0.750000
GRASS_SPROUT
89.731522
200.602234
75.000000
1.050000
GRASS_SPROUT
90.813080
200.083267
210.000000
0.800000
GRASS_SPROUT
91.033585
199.233093
105.000000
1.000000
GRASS_SPROUT
89.998413
198.521347
0.000000
0.850000
GRASS_SPROUT
89.813377
199.660065
105.000000
1.250000
GRASS_SPROUT
91.538780
200.325287
0.000000
0.800000
GRASS_SPROUT
92.638580
199.843613
240.000000
0.900000