TILE
15
31
FIELD_GRASS
0
GRASS_SPROUT
92.839691
186.862778
120.000000
0.950000
GRASS_SPROUT
91.959656
187.056534
30.000000
0.900000
GRASS_SPROUT
90.954414
187.605881
105.000000
1.200000
GRASS_SPROUT
89.892403
187.828522
90.000000
0.850000
GRASS_SPROUT
88.961327
188.102493
315.000000
1.100000
GRASS_SPROUT
88.004929
188.371719
30.000000
1.000000
GRASS_SPROUT
87.006477
188.792969
180.000000
1.000000
GRASS_SPROUT
87.488678
183.534271
90.000000
1.000000
GRASS_SPROUT
88.542236
183.534271
315.000000
1.050000
GRASS_SPROUT
89.478996
183.534271
45.000000
1.250000
GRASS_SPROUT
88.050522
184.759949
150.000000
1.000000
GRASS_SPROUT
87.248833
185.589676
270.000000
0.750000
GRASS_SPROUT
88.993111
184.351334
90.000000
1.100000
GRASS_SPROUT
87.659355
186.411423
330.000000
1.000000
GRASS_SPROUT
90.340065
185.871704
90.000000
0.850000
GRASS_SPROUT
88.773201
186.724503
165.000000
0.950000
GRASS_SPROUT
91.204338
185.797989
285.000000
1.200000
GRASS_SPROUT
89.705009
186.621017
180.000000
0.750000
GRASS_SPROUT
87.660431
187.522522
270.000000
1.250000
GRASS_SPROUT
91.984062
185.908401
30.000000
0.750000
GRASS_SPROUT
88.240501
185.723846
120.000000
1.050000
GRASS_SPROUT
89.068878
185.574265
285.000000
0.800000
GRASS_SPROUT
92.656776
186.162399
120.000000
0.850000
GRASS_SPROUT
92.911896
183.464783
210.000000
1.100000
GRASS_SPROUT
91.706848
183.587128
330.000000
1.200000
GRASS_SPROUT
91.123878
184.352173
45.000000
1.100000
GRASS_SPROUT
92.106155
184.617828
180.000000
0.750000
GRASS_SPROUT
92.745697
184.675034
75.000000
0.850000
GRASS_SPROUT
89.975540
184.400314
120.000000
1.200000
GRASS_SPROUT
92.974121
185.390427
165.000000
1.000000
GRASS_SPROUT
91.561783
185.028824
330.000000
0.800000