TILE
11
34
FIELD_GRASS
0
GRASS_SPROUT
64.372910
201.453384
60.000000
0.750000
GRASS_SPROUT
63.529453
201.988678
75.000000
1.150000
GRASS_SPROUT
63.285179
206.828064
90.000000
0.750000
GRASS_SPROUT
63.630089
206.132843
225.000000
1.050000
GRASS_SPROUT
64.698784
205.068512
135.000000
0.850000
GRASS_SPROUT
65.503670
204.586868
315.000000
1.150000
GRASS_SPROUT
65.345573
203.679504
105.000000
0.950000
GRASS_SPROUT
66.209396
203.275421
195.000000
0.800000
GRASS_SPROUT
64.104469
206.809982
90.000000
0.850000
GRASS_SPROUT
64.645706
204.235886
195.000000
0.950000
GRASS_SPROUT
63.584034
204.320374
165.000000
1.000000
GRASS_SPROUT
63.977047
202.946884
210.000000
1.200000
GRASS_SPROUT
65.050644
202.342453
195.000000
1.000000
GRASS_SPROUT
67.348923
201.767456
330.000000
0.950000
GRASS_SPROUT
66.567123
204.286774
150.000000
1.250000
GRASS_SPROUT
67.437637
203.618881
60.000000
1.150000
GRASS_SPROUT
68.112000
203.048721
30.000000
1.050000
GRASS_SPROUT
68.829079
202.393768
30.000000
1.100000
GRASS_SPROUT
68.152550
204.281342
195.000000
1.100000
GRASS_SPROUT
65.940086
206.185684
75.000000
1.150000
GRASS_SPROUT
65.091522
206.763397
90.000000
1.150000
GRASS_SPROUT
66.542641
205.274033
210.000000
1.100000
GRASS_SPROUT
66.886711
206.350647
315.000000
0.850000
GRASS_SPROUT
68.097961
206.672623
105.000000
0.950000
GRASS_SPROUT
68.596756
205.527786
285.000000
1.000000
GRASS_SPROUT
66.956093
202.712036
150.000000
0.900000
GRASS_SPROUT
66.625076
201.789658
255.000000
0.750000
GRASS_SPROUT
65.867371
201.421875
90.000000
0.850000
GRASS_SPROUT
65.893661
202.192398
315.000000
0.750000