TILE
13
34
FIELD_GRASS
0
GRASS_SPROUT
79.969139
201.982330
30.000000
1.150000
GRASS_SPROUT
79.078979
202.258179
150.000000
1.100000
GRASS_SPROUT
78.350128
202.881760
270.000000
0.900000
GRASS_SPROUT
78.008446
203.561920
195.000000
0.900000
GRASS_SPROUT
77.179382
203.919312
195.000000
1.150000
GRASS_SPROUT
76.330742
204.555573
255.000000
1.000000
GRASS_SPROUT
75.596046
205.216187
345.000000
1.200000
GRASS_SPROUT
77.106155
202.771576
180.000000
0.900000
GRASS_SPROUT
76.366478
203.309341
225.000000
1.100000
GRASS_SPROUT
75.444908
203.792770
105.000000
0.750000
GRASS_SPROUT
76.270638
202.558060
345.000000
0.750000
GRASS_SPROUT
76.583839
201.934952
270.000000
0.900000
GRASS_SPROUT
76.918930
201.228104
180.000000
0.850000
GRASS_SPROUT
80.430153
201.113617
255.000000
1.150000
GRASS_SPROUT
77.506058
201.753906
330.000000
1.050000
GRASS_SPROUT
75.286163
203.052307
30.000000
0.900000
GRASS_SPROUT
75.064133
202.078308
300.000000
1.000000
GRASS_SPROUT
75.585655
201.389587
210.000000
1.050000