TILE
12
30
FIELD_GRASS
0
GRASS_SPROUT
70.742142
182.377182
330.000000
0.750000
GRASS_SPROUT
71.089691
181.682892
255.000000
1.150000
GRASS_SPROUT
71.924576
180.880142
255.000000
1.050000
GRASS_SPROUT
72.791077
180.632568
15.000000
1.100000
GRASS_SPROUT
73.703278
180.465775
225.000000
0.950000
GRASS_SPROUT
74.564743
180.572571
300.000000
0.950000
GRASS_SPROUT
71.875847
182.230667
150.000000
0.950000
GRASS_SPROUT
73.236649
182.033707
105.000000
0.800000
GRASS_SPROUT
74.084915
181.702957
135.000000
1.100000
GRASS_SPROUT
74.748299
182.311325
225.000000
1.050000