TILE
60
29
FIELD_GRASS
0
GRASS_SPROUT
357.043488
173.919556
0.000000
1.050000
GRASS_SPROUT
358.712036
172.701660
300.000000
1.150000
GRASS_SPROUT
359.518280
172.435211
105.000000
0.900000
GRASS_SPROUT
360.467865
172.273117
240.000000
0.800000
GRASS_SPROUT
361.302307
172.218704
135.000000
1.250000
GRASS_SPROUT
362.600372
172.164108
255.000000
0.850000
GRASS_SPROUT
358.908905
176.948151
300.000000
1.200000
GRASS_SPROUT
358.488525
176.106857
330.000000
1.150000
GRASS_SPROUT
357.434448
174.755325
75.000000
1.200000
GRASS_SPROUT
357.932739
175.400223
315.000000
0.800000
GRASS_SPROUT
357.050537
175.871094
90.000000
0.850000
GRASS_SPROUT
358.269012
174.293442
225.000000
0.800000
GRASS_SPROUT
359.068939
174.031143
210.000000
0.900000
GRASS_SPROUT
359.835754
173.986542
255.000000
0.750000
GRASS_SPROUT
360.630341
174.016220
105.000000
0.800000
GRASS_SPROUT
360.077667
175.284805
210.000000
1.250000
GRASS_SPROUT
361.621490
175.339050
225.000000
1.150000
GRASS_SPROUT
361.764496
173.854126
180.000000
1.100000
GRASS_SPROUT
362.636230
174.592056
75.000000
0.800000
GRASS_SPROUT
360.295349
173.171738
345.000000
1.250000
GRASS_SPROUT
359.013306
171.850830
345.000000
0.750000
GRASS_SPROUT
362.687225
176.599472
225.000000
1.000000
GRASS_SPROUT
361.856842
176.488983
105.000000
0.950000
GRASS_SPROUT
361.019745
175.923492
120.000000
0.800000
GRASS_SPROUT
359.934296
176.250641
90.000000
0.950000