TILE
65
20
FIELD_GRASS
0
PINE TREE 1
391.690704
122.590439
15.000000
1.250000
PINE TREE 1
392.925415
121.898376
105.000000
0.750000
PINE TREE 1
392.239868
117.132713
240.000000
1.000000
PINE TREE 1
391.678040
118.296410
90.000000
0.750000
PINE TREE 1
392.522858
120.816696
90.000000
0.750000
PINE TREE 1
390.640015
119.667694
135.000000
1.200000
PINE TREE 1
389.020264
119.777771
195.000000
1.100000
PINE TREE 1
389.119446
117.858192
300.000000
1.200000
PINE TREE 1
388.357697
121.277885
195.000000
1.050000
PINE TREE 1
388.351654
122.636238
330.000000
0.750000
PINE TREE 1
389.695099
122.322411
150.000000
1.000000
PINE TREE 1
390.610718
121.313828
255.000000
0.850000
PINE TREE 1
387.223389
119.593834
60.000000
1.200000
PINE TREE 1
387.776520
117.045166
120.000000
1.000000