TILE
64
21
FIELD_GRASS
0
PINE TREE 1
383.713593
124.333778
165.000000
1.150000
PINE TREE 1
384.832855
123.213676
315.000000
0.850000
PINE TREE 1
386.273987
124.266991
180.000000
1.000000
PINE TREE 1
385.271759
125.502403
150.000000
1.200000
PINE TREE 1
386.859711
125.548973
15.000000
0.950000
PINE TREE 1
386.006317
126.807945
75.000000
0.850000
PINE TREE 1
381.714325
123.602402
240.000000
0.950000
GRASS_SPROUT
381.335754
126.107254
240.000000
0.800000
GRASS_SPROUT
382.032562
126.712952
330.000000
0.800000
GRASS_SPROUT
382.648224
127.475037
210.000000
0.900000
GRASS_SPROUT
383.059540
128.268021
180.000000
0.850000
GRASS_SPROUT
386.839905
128.716446
330.000000
1.250000
GRASS_SPROUT
385.186707
128.669739
15.000000
1.100000
GRASS_SPROUT
384.611633
127.514206
300.000000
0.950000
GRASS_SPROUT
384.477600
126.593903
195.000000
1.250000
GRASS_SPROUT
381.354797
124.782593
225.000000
0.950000
GRASS_SPROUT
382.096008
125.547791
30.000000
1.100000
GRASS_SPROUT
382.889740
126.325005
180.000000
1.100000
GRASS_SPROUT
383.597168
126.986046
60.000000
1.150000