TILE
68
29
FIELD_GRASS
0
GRASS_SPROUT
410.187866
176.621979
330.000000
1.000000
GRASS_SPROUT
409.475861
176.927368
210.000000
0.800000
GRASS_SPROUT
405.247314
175.612671
345.000000
0.750000
GRASS_SPROUT
405.468842
174.356873
300.000000
0.900000
GRASS_SPROUT
405.589111
173.315475
15.000000
1.150000
GRASS_SPROUT
405.704590
171.933578
345.000000
0.800000
GRASS_SPROUT
406.307007
171.113785
30.000000
0.900000
GRASS_SPROUT
409.860931
173.655762
105.000000
1.250000
GRASS_SPROUT
408.817017
173.655762
45.000000
0.900000
GRASS_SPROUT
408.245300
172.845566
75.000000
0.750000
GRASS_SPROUT
407.951630
171.978073
240.000000
1.000000
GRASS_SPROUT
407.445770
173.402390
225.000000
1.200000
GRASS_SPROUT
408.922760
171.464935
210.000000
0.800000
GRASS_SPROUT
409.315674
172.156448
75.000000
0.850000
GRASS_SPROUT
410.098785
171.162308
330.000000
0.750000
GRASS_SPROUT
410.183319
171.942093
0.000000
0.750000
GRASS_SPROUT
407.612854
174.279022
120.000000
1.000000
GRASS_SPROUT
407.096222
175.242264
210.000000
0.950000
GRASS_SPROUT
406.606201
175.990051
225.000000
0.800000
GRASS_SPROUT
406.573608
176.858093
315.000000
1.100000
GRASS_SPROUT
407.225800
172.517212
210.000000
0.800000
GRASS_SPROUT
406.421967
173.267212
285.000000
0.850000
GRASS_SPROUT
405.063629
174.944382
240.000000
0.800000
GRASS_SPROUT
406.342377
174.365402
135.000000
1.200000
GRASS_SPROUT
406.045471
175.145309
210.000000
0.850000
GRASS_SPROUT
408.525055
174.903839
120.000000
0.900000
GRASS_SPROUT
407.740814
176.217361
30.000000
1.150000
GRASS_SPROUT
409.264557
175.145309
255.000000
1.000000
GRASS_SPROUT
410.276337
174.407593
60.000000
0.800000
GRASS_SPROUT
409.549500
175.957474
225.000000
1.150000