TILE
93
13
FIELD_GRASS
0
GRASS_SPROUT
555.691467
76.776917
45.000000
0.900000
GRASS_SPROUT
556.383423
76.982574
60.000000
0.800000
GRASS_SPROUT
556.947571
77.534088
300.000000
1.100000
GRASS_SPROUT
557.101685
78.394493
195.000000
1.000000
GRASS_SPROUT
556.957520
79.162582
75.000000
0.850000
GRASS_SPROUT
556.491577
79.890869
195.000000
1.050000
GRASS_SPROUT
555.851807
80.502823
180.000000
1.150000
GRASS_SPROUT
555.611389
77.772156
105.000000
1.200000
GRASS_SPROUT
555.945801
78.651871
0.000000
1.150000