TILE
91
19
FIELD_GRASS
0
PINE TREE 2
547.009827
115.953354
210.000000
0.900000
GRASS_SPROUT
543.550110
114.481544
270.000000
1.200000
GRASS_SPROUT
544.170471
113.629509
315.000000
0.750000
GRASS_SPROUT
544.648682
112.879898
150.000000
0.850000
GRASS_SPROUT
545.069336
112.198814
285.000000
1.100000
GRASS_SPROUT
545.638916
111.260628
285.000000
1.050000
GRASS_SPROUT
546.209900
112.100418
30.000000
1.150000
GRASS_SPROUT
546.209900
113.135872
270.000000
0.750000
GRASS_SPROUT
546.209900
113.829948
105.000000
0.800000
GRASS_SPROUT
546.816650
112.683792
75.000000
0.850000
GRASS_SPROUT
545.421082
114.382713
165.000000
1.100000
GRASS_SPROUT
544.470703
115.600250
300.000000
1.250000
GRASS_SPROUT
544.196594
116.445992
225.000000
0.900000
GRASS_SPROUT
548.082764
111.602966
315.000000
1.250000
GRASS_SPROUT
548.733887
112.676765
330.000000
0.750000
GRASS_SPROUT
548.442993
113.331398
105.000000
0.800000
GRASS_SPROUT
547.936096
114.123650
315.000000
0.750000
GRASS_SPROUT
547.482544
114.799286
180.000000
0.850000
GRASS_SPROUT
548.232361
115.041191
90.000000
0.800000
GRASS_SPROUT
548.910706
114.744568
120.000000
0.950000
GRASS_SPROUT
548.431274
116.448853
240.000000
0.800000
GRASS_SPROUT
547.324036
113.202492
255.000000
0.850000
GRASS_SPROUT
546.669189
114.853302
255.000000
1.000000
GRASS_SPROUT
545.372437
116.145760
240.000000
1.250000