TILE
93
18
FIELD_GRASS
0
GRASS_SPROUT
560.114990
109.738686
45.000000
1.250000
GRASS_SPROUT
560.545471
110.809509
150.000000
0.850000
GRASS_SPROUT
560.896729
108.179672
105.000000
1.050000
GRASS_SPROUT
560.284119
107.446869
195.000000
1.250000
GRASS_SPROUT
559.364014
106.767014
60.000000
1.250000
GRASS_SPROUT
558.320557
106.343132
225.000000
0.950000
GRASS_SPROUT
557.253784
106.102219
30.000000
1.250000
GRASS_SPROUT
556.223816
106.053558
285.000000
1.000000
GRASS_SPROUT
555.348877
106.004738
255.000000
0.950000
GRASS_SPROUT
555.994629
107.117294
210.000000
1.050000
GRASS_SPROUT
556.695618
107.651367
90.000000
1.150000
GRASS_SPROUT
555.061035
109.386261
0.000000
0.950000
GRASS_SPROUT
556.641296
109.239517
150.000000
1.100000
GRASS_SPROUT
557.944824
108.624451
75.000000
1.050000
GRASS_SPROUT
555.413574
108.305176
75.000000
1.150000
GRASS_SPROUT
557.902039
107.527626
75.000000
1.100000
GRASS_SPROUT
559.110596
107.792046
90.000000
0.950000
GRASS_SPROUT
558.990234
108.763794
75.000000
0.850000
GRASS_SPROUT
558.621521
109.349442
105.000000
0.800000
GRASS_SPROUT
558.199158
110.082504
135.000000
0.750000
GRASS_SPROUT
557.579651
110.625977
165.000000
0.950000
GRASS_SPROUT
557.509277
109.857582
105.000000
0.950000
GRASS_SPROUT
556.612915
110.297516
195.000000
1.150000
GRASS_SPROUT
559.897705
108.784332
210.000000
1.150000
GRASS_SPROUT
558.994202
110.339890
120.000000
1.250000