TILE
91
18
FIELD_GRASS
0
GRASS_SPROUT
548.809021
106.458542
210.000000
0.900000
GRASS_SPROUT
547.815125
106.184822
285.000000
0.800000
GRASS_SPROUT
547.025146
105.847252
165.000000
1.050000
GRASS_SPROUT
546.350037
105.440269
345.000000
0.800000
GRASS_SPROUT
547.634583
105.079498
135.000000
0.800000
GRASS_SPROUT
548.460754
105.384819
30.000000
0.750000
GRASS_SPROUT
546.062317
110.503990
180.000000
0.950000
GRASS_SPROUT
546.506287
109.710640
315.000000
1.250000
GRASS_SPROUT
547.097290
108.679764
285.000000
0.950000
GRASS_SPROUT
547.565002
107.863983
45.000000
0.950000
GRASS_SPROUT
548.025696
107.081596
120.000000
1.000000
GRASS_SPROUT
547.076294
107.206703
150.000000
0.800000
GRASS_SPROUT
548.446289
108.855370
0.000000
0.800000
GRASS_SPROUT
547.532410
109.694626
345.000000
0.950000
GRASS_SPROUT
547.322876
110.505829
75.000000
0.800000
GRASS_SPROUT
546.581177
107.914375
150.000000
1.150000
GRASS_SPROUT
546.779541
106.527847
255.000000
0.750000
GRASS_SPROUT
548.533630
110.900665
210.000000
0.800000
GRASS_SPROUT
548.411255
110.085030
120.000000
1.250000
GRASS_SPROUT
546.102356
108.830956
240.000000
1.000000
GRASS_SPROUT
546.337036
107.083984
210.000000
0.800000
GRASS_SPROUT
545.567139
105.441650
150.000000
1.050000
GRASS_SPROUT
545.984985
106.170525
255.000000
1.000000