TILE
91
17
FIELD_GRASS
0
PINE TREE 2
547.994812
101.901009
165.000000
1.150000
PINE TREE 2
548.141113
100.072281
90.000000
0.850000
GRASS_SPROUT
546.547241
101.738930
30.000000
0.900000
GRASS_SPROUT
545.971680
101.258087
345.000000
0.750000
GRASS_SPROUT
545.405457
100.757370
300.000000
1.100000
GRASS_SPROUT
544.884094
100.128502
120.000000
0.900000
GRASS_SPROUT
544.578979
99.466827
300.000000
0.750000
GRASS_SPROUT
546.785461
100.092621
120.000000
1.250000
GRASS_SPROUT
546.548889
100.926559
300.000000
0.850000
GRASS_SPROUT
545.858521
99.616829
180.000000
1.150000
GRASS_SPROUT
545.659363
104.580788
330.000000
1.000000
GRASS_SPROUT
545.161743
103.825333
150.000000
1.000000
GRASS_SPROUT
544.801819
103.020576
345.000000
1.100000
GRASS_SPROUT
544.290649
101.967072
15.000000
0.850000
GRASS_SPROUT
543.908752
101.034210
0.000000
1.200000
GRASS_SPROUT
543.222656
100.123260
150.000000
1.250000
GRASS_SPROUT
543.720703
99.304893
225.000000
0.950000
GRASS_SPROUT
545.266846
101.705704
15.000000
1.100000
GRASS_SPROUT
545.753296
102.394104
345.000000
0.850000
GRASS_SPROUT
546.150269
102.931198
45.000000
0.800000
GRASS_SPROUT
546.559204
103.753174
300.000000
1.200000
GRASS_SPROUT
547.004700
104.479279
300.000000
0.750000
GRASS_SPROUT
548.643860
103.593109
135.000000
0.800000
GRASS_SPROUT
547.443848
103.624069
150.000000
1.000000
GRASS_SPROUT
548.252075
104.459351
75.000000
1.250000
GRASS_SPROUT
544.339966
103.756920
315.000000
1.000000
GRASS_SPROUT
544.011841
102.961082
0.000000
0.850000
GRASS_SPROUT
543.541382
101.851532
150.000000
0.950000