TILE
91
21
FIELD_GRASS
0
PINE TREE 2
548.897461
127.762321
300.000000
0.900000
GRASS_SPROUT
543.127991
125.352180
330.000000
1.150000
GRASS_SPROUT
544.539429
125.642212
105.000000
0.850000
GRASS_SPROUT
545.940063
125.925385
240.000000
1.100000
GRASS_SPROUT
546.932556
126.382713
285.000000
1.000000
GRASS_SPROUT
547.846558
126.567245
150.000000
1.050000
GRASS_SPROUT
543.465637
126.396660
210.000000
1.200000
GRASS_SPROUT
544.302368
126.827812
240.000000
1.050000
GRASS_SPROUT
545.045227
127.244690
255.000000
1.050000
GRASS_SPROUT
545.754578
127.812187
315.000000
0.750000
GRASS_SPROUT
546.294250
128.260376
30.000000
0.850000
GRASS_SPROUT
547.026550
128.961700
300.000000
1.250000
GRASS_SPROUT
545.991211
126.909027
135.000000
1.150000
GRASS_SPROUT
546.873840
127.417557
270.000000
1.100000
GRASS_SPROUT
543.142456
127.292168
15.000000
0.750000
GRASS_SPROUT
543.918579
127.664909
120.000000
1.050000
GRASS_SPROUT
545.026855
128.185791
300.000000
1.200000
GRASS_SPROUT
545.779785
128.687012
255.000000
0.750000
GRASS_SPROUT
548.042969
128.727753
300.000000
1.100000
GRASS_SPROUT
547.912170
127.650459
0.000000
0.750000
GRASS_SPROUT
548.874695
126.513206
210.000000
0.800000
GRASS_SPROUT
547.553223
123.338737
15.000000
0.750000
GRASS_SPROUT
546.797729
123.686760
120.000000
0.850000
GRASS_SPROUT
546.069092
123.522392
150.000000
0.950000
GRASS_SPROUT
545.367432
123.213814
270.000000
0.750000
GRASS_SPROUT
543.026001
123.399010
30.000000
0.900000
GRASS_SPROUT
544.822632
124.809235
0.000000
1.200000
GRASS_SPROUT
545.777100
124.931137
0.000000
1.150000
GRASS_SPROUT
543.645447
124.116386
300.000000
1.250000
GRASS_SPROUT
547.014709
125.230408
285.000000
1.150000
GRASS_SPROUT
547.937500
125.607834
345.000000
1.200000
GRASS_SPROUT
548.227600
124.018677
195.000000
1.050000