TILE
31
37
FIELD_GRASS
0
PINE TREE 1
184.547913
222.235489
165.000000
1.050000
GRASS_SPROUT
183.537689
224.586838
105.000000
1.000000
GRASS_SPROUT
184.761475
224.806503
45.000000
0.750000
GRASS_SPROUT
185.961685
224.837555
225.000000
0.750000
GRASS_SPROUT
186.627304
224.681488
285.000000
0.800000
GRASS_SPROUT
187.567093
224.363068
105.000000
1.200000
GRASS_SPROUT
188.316086
223.902664
255.000000
0.950000
GRASS_SPROUT
188.617264
223.178070
285.000000
0.900000
GRASS_SPROUT
188.512436
222.484589
165.000000
0.750000
GRASS_SPROUT
188.294708
221.751953
315.000000
1.150000
GRASS_SPROUT
188.002441
220.807770
210.000000
1.200000
GRASS_SPROUT
187.650467
219.794327
285.000000
0.900000
GRASS_SPROUT
187.337051
219.044312
345.000000
0.800000
GRASS_SPROUT
183.619095
223.223923
60.000000
0.850000
GRASS_SPROUT
184.400894
223.426117
150.000000
0.750000
GRASS_SPROUT
185.145584
223.723267
15.000000
1.000000
GRASS_SPROUT
186.086853
224.045105
120.000000
1.050000
GRASS_SPROUT
186.574310
223.492767
0.000000
0.750000
GRASS_SPROUT
186.982727
222.596802
300.000000
1.250000
GRASS_SPROUT
187.238342
223.426117
105.000000
0.750000
GRASS_SPROUT
185.894562
223.018341
0.000000
1.000000
GRASS_SPROUT
185.985413
222.197647
180.000000
0.900000
GRASS_SPROUT
186.617020
221.772842
45.000000
0.900000
GRASS_SPROUT
186.646515
220.889572
285.000000
1.200000
GRASS_SPROUT
186.205612
220.044418
165.000000
1.150000
GRASS_SPROUT
185.140778
219.299072
225.000000
1.150000
GRASS_SPROUT
184.844101
220.389832
285.000000
1.250000
GRASS_SPROUT
183.951004
221.087372
135.000000
1.000000
GRASS_SPROUT
183.001266
220.652359
330.000000
1.100000
GRASS_SPROUT
183.045044
219.781128
75.000000
1.000000
GRASS_SPROUT
183.838989
219.926651
120.000000
1.000000
GRASS_SPROUT
184.230026
219.055923
270.000000
0.800000