TILE
66
4
FIELD_GRASS
0
PINE TREE 1
396.204407
25.632755
180.000000
1.200000
PINE TREE 1
397.315063
24.512716
195.000000
0.900000
PINE TREE 1
398.404724
23.417414
165.000000
1.100000
GRASS_SPROUT
398.294373
21.152792
45.000000
1.200000
GRASS_SPROUT
398.091614
22.063902
165.000000
0.800000
GRASS_SPROUT
397.462189
22.457449
240.000000
0.750000
GRASS_SPROUT
396.342651
22.779434
120.000000
1.100000
GRASS_SPROUT
395.416931
23.249104
180.000000
0.850000
GRASS_SPROUT
394.006958
23.768120
345.000000
1.150000
GRASS_SPROUT
395.240265
21.745087
255.000000
0.950000
GRASS_SPROUT
394.661072
22.317759
240.000000
0.900000
GRASS_SPROUT
394.098145
22.835953
330.000000
0.800000
GRASS_SPROUT
393.243591
21.861954
195.000000
0.750000
GRASS_SPROUT
396.243469
21.600224
345.000000
1.050000
GRASS_SPROUT
395.624359
24.036110
210.000000
1.100000
GRASS_SPROUT
394.955444
25.738003
90.000000
0.950000
GRASS_SPROUT
393.000732
24.724874
15.000000
0.750000
GRASS_SPROUT
393.555023
26.340641
30.000000
1.000000