TILE
60
8
FIELD_GRASS
0
PINE TREE 1
357.139313
46.178104
315.000000
1.200000
PINE TREE 1
358.890198
45.243038
255.000000
1.250000
GRASS_SPROUT
361.156799
45.164585
120.000000
0.900000
GRASS_SPROUT
360.409058
45.867687
0.000000
0.950000
GRASS_SPROUT
359.832733
46.288841
270.000000
0.750000
GRASS_SPROUT
358.629486
47.211216
75.000000
1.000000
GRASS_SPROUT
358.008911
47.654915
180.000000
0.850000
GRASS_SPROUT
357.261932
48.106686
345.000000
1.000000
GRASS_SPROUT
359.488251
47.457863
330.000000
1.150000
GRASS_SPROUT
360.597839
46.741940
225.000000
1.050000
GRASS_SPROUT
361.570435
46.029156
0.000000
1.250000
GRASS_SPROUT
362.280884
45.547604
165.000000
0.750000
GRASS_SPROUT
357.984924
48.711819
30.000000
1.200000
GRASS_SPROUT
359.150970
48.427620
45.000000
1.200000
GRASS_SPROUT
360.087921
48.391644
90.000000
0.800000
GRASS_SPROUT
360.831329
48.355564
225.000000
1.050000
GRASS_SPROUT
361.743896
47.989059
15.000000
0.850000
GRASS_SPROUT
362.775635
46.494434
225.000000
0.800000
GRASS_SPROUT
362.105621
47.048233
90.000000
1.050000