TILE
65
9
FIELD_GRASS
0
PINE TREE 1
390.871033
51.577236
165.000000
1.050000
PINE TREE 1
391.894836
52.671268
150.000000
0.800000
PINE TREE 1
392.970276
53.792225
195.000000
0.850000
PINE TREE 1
387.563538
52.015343
30.000000
0.950000
PINE TREE 1
390.150848
53.245983
120.000000
1.200000
PINE TREE 1
390.723358
54.780907
90.000000
0.950000
PINE TREE 1
391.832794
56.047710
105.000000
1.050000
PINE TREE 1
388.115479
56.161278
255.000000
0.850000
PINE TREE 1
388.595856
54.878380
330.000000
1.050000
PINE TREE 1
389.548279
56.432041
345.000000
0.800000
PINE TREE 1
388.688385
53.218590
60.000000
0.800000
GRASS_SPROUT
389.519165
51.979462
240.000000
0.950000
GRASS_SPROUT
388.948517
51.508572
60.000000
0.850000
GRASS_SPROUT
391.943329
54.362095
45.000000
1.000000
GRASS_SPROUT
387.122345
55.804817
240.000000
0.800000