TILE
66
8
FIELD_GRASS
0
PINE TREE 1
398.301666
50.401070
150.000000
0.800000
PINE TREE 1
393.357117
49.532166
135.000000
1.150000
PINE TREE 1
397.393463
46.000084
210.000000
1.200000
PINE TREE 1
397.395172
47.907082
330.000000
1.000000
PINE TREE 1
395.648682
50.440174
30.000000
0.850000
PINE TREE 1
396.787476
49.662491
180.000000
1.050000
PINE TREE 1
398.821075
47.840481
225.000000
0.750000
PINE TREE 1
395.300720
49.024139
210.000000
1.200000
PINE TREE 1
394.024353
48.254478
345.000000
0.800000
PINE TREE 1
393.109283
47.163124
0.000000
1.050000
PINE TREE 1
394.801636
46.871593
90.000000
1.200000
PINE TREE 1
394.417847
45.410797
30.000000
0.950000