TILE
86
7
FIELD_GRASS
0
PINE TREE 1
517.765991
40.111263
345.000000
0.950000
GRASS_SPROUT
513.490479
40.519947
165.000000
1.200000
GRASS_SPROUT
514.373413
40.760147
270.000000
1.050000
GRASS_SPROUT
515.116760
41.360378
75.000000
1.250000
GRASS_SPROUT
516.171082
41.605244
255.000000
1.100000
GRASS_SPROUT
517.105286
41.743042
45.000000
1.150000
GRASS_SPROUT
518.065552
41.777252
150.000000
1.150000
GRASS_SPROUT
518.785767
41.360378
315.000000
0.900000
GRASS_SPROUT
518.953979
39.171925
150.000000
0.800000
GRASS_SPROUT
516.778381
40.215538
165.000000
0.800000
GRASS_SPROUT
515.908630
40.407181
165.000000
1.200000
GRASS_SPROUT
518.744751
40.292534
60.000000
0.800000