TILE
81
1
FIELD_GRASS
0
PINE TREE 1
483.899109
6.946146
15.000000
1.250000
PINE TREE 1
484.261658
5.438688
0.000000
0.950000
PINE TREE 1
484.413696
3.236637
315.000000
1.000000
GRASS_SPROUT
485.308197
7.212162
315.000000
1.100000
GRASS_SPROUT
486.032990
7.552979
285.000000
0.800000
GRASS_SPROUT
486.843079
7.989301
270.000000
1.250000
GRASS_SPROUT
487.742950
8.537200
165.000000
1.150000
GRASS_SPROUT
483.589386
8.314611
255.000000
1.250000
GRASS_SPROUT
484.866150
8.909329
285.000000
0.950000
GRASS_SPROUT
485.498352
4.044365
240.000000
1.200000
GRASS_SPROUT
486.041901
5.024742
105.000000
1.200000
GRASS_SPROUT
486.654297
5.753899
300.000000
1.100000
GRASS_SPROUT
487.314240
6.451205
315.000000
1.250000
GRASS_SPROUT
488.304291
7.477916
330.000000
1.200000