TILE
81
7
FIELD_GRASS
0
PINE TREE 1
488.664948
41.797260
195.000000
0.950000
PINE TREE 1
487.501862
40.884811
15.000000
1.150000
GRASS_SPROUT
483.262360
42.239010
300.000000
0.900000
GRASS_SPROUT
484.349365
42.129845
270.000000
1.000000
GRASS_SPROUT
485.171051
42.129845
180.000000
0.850000
GRASS_SPROUT
485.995880
42.019737
60.000000
1.000000
GRASS_SPROUT
483.678345
41.009815
45.000000
0.950000
GRASS_SPROUT
484.463287
40.899078
0.000000
0.900000
GRASS_SPROUT
485.312042
40.712383
165.000000
0.850000
GRASS_SPROUT
486.078369
40.599060
210.000000
0.950000
GRASS_SPROUT
486.868011
42.033215
195.000000
1.100000
GRASS_SPROUT
487.485260
42.724831
255.000000
1.200000
GRASS_SPROUT
488.410614
42.915363
315.000000
1.000000
GRASS_SPROUT
485.204926
39.157867
240.000000
1.250000
GRASS_SPROUT
484.305511
39.409016
75.000000
0.950000
GRASS_SPROUT
483.603027
39.655628
30.000000
0.850000
GRASS_SPROUT
488.635254
40.017300
60.000000
1.150000