TILE
84
1
FIELD_GRASS
0
PINE TREE 1
502.473145
6.556448
225.000000
1.000000
PINE TREE 1
503.914886
6.277042
0.000000
0.950000
PINE TREE 1
505.401733
5.847612
90.000000
0.950000
PINE TREE 1
506.837463
5.254898
75.000000
1.100000
PINE TREE 1
501.788818
7.750033
0.000000
0.950000
PINE TREE 1
502.986206
8.848557
285.000000
1.200000
PINE TREE 1
504.680084
8.552263
195.000000
0.900000
PINE TREE 1
506.321808
7.504448
210.000000
1.100000
GRASS_SPROUT
501.379730
4.397543
165.000000
0.800000
GRASS_SPROUT
502.204102
3.907108
285.000000
0.800000
GRASS_SPROUT
503.385620
3.914885
225.000000
1.250000
GRASS_SPROUT
502.541412
3.361066
180.000000
0.800000
GRASS_SPROUT
503.191589
4.774366
90.000000
0.850000
GRASS_SPROUT
502.435638
5.238314
135.000000
1.000000
GRASS_SPROUT
505.093597
4.504920
105.000000
1.000000
GRASS_SPROUT
505.974182
3.914885
300.000000
0.750000
GRASS_SPROUT
504.938599
7.572368
90.000000
0.950000
GRASS_SPROUT
505.228333
6.863585
195.000000
0.900000
GRASS_SPROUT
506.434540
8.905064
225.000000
1.150000