TILE
89
2
FIELD_GRASS
0
PINE TREE 2
535.338379
11.678166
0.000000
1.250000
GRASS_SPROUT
536.909668
9.922472
270.000000
0.950000
GRASS_SPROUT
536.350037
9.509120
330.000000
0.750000
GRASS_SPROUT
535.563660
9.698309
195.000000
1.250000
GRASS_SPROUT
534.672791
10.214228
75.000000
1.150000
GRASS_SPROUT
533.846069
10.614643
345.000000
0.850000
GRASS_SPROUT
533.095093
11.195733
120.000000
1.250000
GRASS_SPROUT
532.414978
11.662931
270.000000
0.750000
GRASS_SPROUT
532.962036
12.262719
270.000000
1.250000
GRASS_SPROUT
531.457031
13.419708
30.000000
1.050000
GRASS_SPROUT
532.048645
12.831840
270.000000
0.750000
GRASS_SPROUT
532.908142
14.593667
45.000000
0.850000
GRASS_SPROUT
531.910217
14.939124
0.000000
1.200000
GRASS_SPROUT
535.684204
14.417295
150.000000
1.150000
GRASS_SPROUT
536.320313
13.474906
210.000000
0.800000
GRASS_SPROUT
536.408203
12.779823
90.000000
0.950000
GRASS_SPROUT
534.079285
12.499368
15.000000
1.000000
GRASS_SPROUT
533.420227
13.208944
60.000000
0.850000
GRASS_SPROUT
535.195068
13.054506
15.000000
1.000000
GRASS_SPROUT
534.987671
13.845634
105.000000
0.800000
GRASS_SPROUT
534.371277
14.486966
120.000000
0.800000
GRASS_SPROUT
533.703735
14.063040
105.000000
1.050000
GRASS_SPROUT
532.777649
13.474906
90.000000
0.750000
GRASS_SPROUT
532.812622
10.159784
195.000000
1.100000
GRASS_SPROUT
533.463257
9.518511
240.000000
1.100000