TILE
84
6
FIELD_GRASS
0
PINE TREE 1
506.304932
37.152409
150.000000
0.800000
PINE TREE 1
505.161316
36.520340
135.000000
0.800000
PINE TREE 1
505.112457
33.980862
105.000000
1.050000
GRASS_SPROUT
501.344482
33.892891
105.000000
0.950000
GRASS_SPROUT
502.368286
33.892891
60.000000
0.850000
GRASS_SPROUT
503.331787
34.323277
120.000000
0.750000
GRASS_SPROUT
504.034119
34.665234
180.000000
1.200000
GRASS_SPROUT
505.638092
34.998409
75.000000
0.900000
GRASS_SPROUT
505.971832
35.846436
30.000000
0.900000
GRASS_SPROUT
504.753204
37.294010
270.000000
0.750000
GRASS_SPROUT
503.582336
37.622490
45.000000
1.000000
GRASS_SPROUT
502.688599
37.710472
330.000000
0.900000
GRASS_SPROUT
502.008301
37.110855
120.000000
1.000000
GRASS_SPROUT
501.299469
36.478996
30.000000
0.850000
GRASS_SPROUT
501.744690
38.084084
285.000000
0.800000
GRASS_SPROUT
502.533661
38.796822
255.000000
1.200000
GRASS_SPROUT
505.414185
37.871422
30.000000
1.000000
GRASS_SPROUT
503.648499
38.651985
150.000000
1.000000
GRASS_SPROUT
506.393463
38.203239
285.000000
0.950000
GRASS_SPROUT
502.037292
35.208504
90.000000
1.100000
GRASS_SPROUT
502.879578
35.940693
180.000000
1.200000
GRASS_SPROUT
503.982056
35.937748
30.000000
1.050000
GRASS_SPROUT
506.949554
36.311039
105.000000
1.050000
GRASS_SPROUT
503.843933
33.730541
240.000000
1.050000
GRASS_SPROUT
506.109314
33.240208
135.000000
1.000000
GRASS_SPROUT
506.668121
33.897629
45.000000
1.050000