TILE
85
6
FIELD_GRASS
0
GRASS_SPROUT
509.963501
33.380341
165.000000
1.100000
GRASS_SPROUT
510.766266
34.280457
135.000000
1.000000
GRASS_SPROUT
511.364532
35.171944
330.000000
1.200000
GRASS_SPROUT
511.822449
36.143509
105.000000
0.850000
GRASS_SPROUT
512.118103
37.045570
270.000000
1.000000
GRASS_SPROUT
512.349976
37.812157
285.000000
0.850000
GRASS_SPROUT
512.650818
38.806931
180.000000
1.200000
GRASS_SPROUT
507.394623
37.984802
315.000000
1.250000
GRASS_SPROUT
508.407318
38.301418
180.000000
1.200000
GRASS_SPROUT
509.575989
38.501389
195.000000
1.050000
GRASS_SPROUT
510.603790
38.723022
165.000000
0.750000
GRASS_SPROUT
511.451202
38.531071
90.000000
0.950000
GRASS_SPROUT
510.551300
37.854282
120.000000
1.000000
GRASS_SPROUT
509.944916
37.307213
300.000000
0.850000
GRASS_SPROUT
509.030609
36.810345
315.000000
0.950000
GRASS_SPROUT
508.002960
36.703773
225.000000
1.000000
GRASS_SPROUT
507.307343
34.807625
195.000000
0.900000
GRASS_SPROUT
508.047913
35.786606
90.000000
0.800000
GRASS_SPROUT
509.948425
36.387657
90.000000
1.150000
GRASS_SPROUT
509.248871
35.390915
15.000000
1.150000
GRASS_SPROUT
508.699219
34.487450
135.000000
0.800000
GRASS_SPROUT
508.193359
33.669331
150.000000
1.050000
GRASS_SPROUT
510.951599
36.871067
300.000000
1.150000