TILE
84
4
FIELD_GRASS
0
GRASS_SPROUT
505.684021
26.126476
345.000000
0.900000
GRASS_SPROUT
505.564362
25.239046
30.000000
0.800000
GRASS_SPROUT
505.537292
24.155355
225.000000
1.050000
GRASS_SPROUT
505.509918
23.138960
0.000000
1.100000
GRASS_SPROUT
505.414520
22.072897
270.000000
1.250000
GRASS_SPROUT
505.357758
21.199499
270.000000
0.900000
GRASS_SPROUT
506.954529
25.217037
15.000000
1.000000
GRASS_SPROUT
506.722351
24.347128
330.000000
1.100000
GRASS_SPROUT
506.607147
23.235058
90.000000
1.150000
GRASS_SPROUT
506.610321
22.377460
210.000000
0.950000
GRASS_SPROUT
506.221802
21.563639
45.000000
0.950000