TILE
82
2
FIELD_GRASS
0
PINE TREE 1
494.681671
10.294300
315.000000
0.950000
PINE TREE 1
494.860870
11.612677
60.000000
0.950000
GRASS_SPROUT
489.252075
9.299549
135.000000
1.200000
GRASS_SPROUT
490.298218
9.299549
60.000000
0.750000
GRASS_SPROUT
491.014740
9.121077
180.000000
0.850000
GRASS_SPROUT
489.401215
10.288265
135.000000
0.750000
GRASS_SPROUT
490.638031
10.288265
150.000000
1.150000
GRASS_SPROUT
491.668701
10.288265
75.000000
0.950000
GRASS_SPROUT
492.447632
10.342203
15.000000
0.900000
GRASS_SPROUT
492.997314
10.992299
105.000000
0.900000
GRASS_SPROUT
493.536591
11.445812
240.000000
0.750000
GRASS_SPROUT
493.936218
9.486650
150.000000
1.050000
GRASS_SPROUT
493.052673
9.956861
150.000000
0.850000
GRASS_SPROUT
493.690399
10.336264
195.000000
0.750000
GRASS_SPROUT
493.572235
12.241655
255.000000
1.150000
GRASS_SPROUT
494.009796
12.988013
105.000000
1.000000
GRASS_SPROUT
494.773529
13.314804
210.000000
1.050000
GRASS_SPROUT
492.760315
11.750360
60.000000
0.950000
GRASS_SPROUT
492.014771
11.238538
180.000000
1.000000
GRASS_SPROUT
494.884094
14.235306
180.000000
1.100000