TILE
54
7
FIELD_GRASS
0
PINE TREE 1
321.333862
39.907173
315.000000
0.800000
PINE TREE 1
322.511353
41.009369
105.000000
1.150000
PINE TREE 1
323.954529
42.361954
345.000000
1.150000
PINE TREE 1
325.175385
43.555740
75.000000
1.000000
PINE TREE 1
326.614960
44.976501
330.000000
1.250000
PINE TREE 1
323.328583
39.132778
30.000000
1.100000
PINE TREE 1
324.082001
40.236210
165.000000
0.800000
PINE TREE 1
325.509644
42.150776
165.000000
0.950000
PINE TREE 1
325.583221
40.585358
330.000000
0.900000
PINE TREE 1
324.703217
39.071568
315.000000
0.850000
GRASS_SPROUT
321.406403
41.939354
195.000000
0.850000
GRASS_SPROUT
322.342468
42.219143
45.000000
0.800000
GRASS_SPROUT
326.563202
43.328094
60.000000
1.250000
GRASS_SPROUT
323.875641
43.581467
300.000000
1.000000
GRASS_SPROUT
322.875366
43.288254
60.000000
1.050000
GRASS_SPROUT
321.552216
42.873913
210.000000
1.100000
GRASS_SPROUT
324.496002
44.590626
150.000000
1.150000