TILE
54
6
FIELD_GRASS
0
PINE TREE 1
324.487122
34.095421
240.000000
1.100000
PINE TREE 1
325.608795
35.103165
45.000000
0.800000
PINE TREE 1
321.586365
34.975769
270.000000
0.850000
PINE TREE 1
322.021576
36.348671
30.000000
1.200000
PINE TREE 1
321.912750
37.855072
0.000000
0.950000
PINE TREE 1
323.159698
34.956036
330.000000
1.100000
PINE TREE 1
324.456177
35.736687
180.000000
0.800000
PINE TREE 1
324.338684
37.505249
330.000000
0.950000
PINE TREE 1
325.834686
38.324814
345.000000
1.050000
GRASS_SPROUT
323.256042
37.479294
210.000000
1.000000
GRASS_SPROUT
325.372620
37.078323
315.000000
1.100000
GRASS_SPROUT
322.050781
33.659515
345.000000
0.750000