TILE
57
0
FIELD_GRASS
0
PINE TREE 1
339.147583
-1.240880
30.000000
1.150000
PINE TREE 1
340.744049
-1.240880
240.000000
0.950000
PINE TREE 1
342.249084
-1.240880
240.000000
0.850000
PINE TREE 1
343.656647
-1.240880
60.000000
1.000000
PINE TREE 1
340.547424
1.893082
135.000000
1.200000
PINE TREE 1
342.582275
1.285678
0.000000
1.050000
PINE TREE 1
339.252533
0.733753
15.000000
1.200000
GRASS_SPROUT
344.033600
0.616678
225.000000
1.050000
GRASS_SPROUT
344.077789
-2.355056
225.000000
1.100000
GRASS_SPROUT
342.727875
-0.331174
75.000000
1.000000
GRASS_SPROUT
344.153900
-0.320445
195.000000
0.750000
GRASS_SPROUT
341.380219
0.614347
210.000000
0.800000
GRASS_SPROUT
340.550446
0.601343
225.000000
0.950000
GRASS_SPROUT
343.592072
2.487152
345.000000
1.250000
GRASS_SPROUT
344.434601
1.742786
105.000000
1.100000
GRASS_SPROUT
342.574646
2.738782
30.000000
1.200000