TILE
55
2
FIELD_GRASS
0
PINE TREE 1
330.412048
9.609912
60.000000
1.050000
PINE TREE 1
329.727173
11.241186
315.000000
1.150000
PINE TREE 1
331.588074
10.661668
120.000000
1.100000
PINE TREE 1
332.559174
9.467846
120.000000
1.050000
PINE TREE 1
331.468597
14.088254
135.000000
0.900000
PINE TREE 1
331.478119
12.677017
0.000000
1.050000
PINE TREE 1
329.260254
14.934872
330.000000
1.050000
PINE TREE 1
329.260284
13.109998
75.000000
1.150000
PINE TREE 1
328.987488
9.069323
120.000000
0.950000
PINE TREE 1
327.476990
14.905375
180.000000
1.250000
PINE TREE 1
327.939148
12.041708
60.000000
1.200000
PINE TREE 1
327.934082
10.119143
345.000000
1.050000
GRASS_SPROUT
327.800629
13.569084
60.000000
1.200000
GRASS_SPROUT
330.485474
13.702234
285.000000
0.850000