TILE
59
7
FIELD_GRASS
0
PINE TREE 1
356.808228
42.693138
270.000000
1.150000
PINE TREE 1
355.413239
43.941513
345.000000
1.100000
PINE TREE 1
353.259857
43.993919
255.000000
1.100000
PINE TREE 1
351.843262
44.103065
270.000000
0.900000
PINE TREE 1
352.679199
39.276798
45.000000
1.050000
PINE TREE 1
352.955505
40.978008
30.000000
1.000000
PINE TREE 1
352.321655
42.449856
45.000000
1.150000
PINE TREE 1
354.770782
41.191055
105.000000
1.250000
PINE TREE 1
356.256531
41.130947
225.000000
0.750000
PINE TREE 1
354.740936
42.704185
30.000000
0.850000
PINE TREE 1
355.802734
39.808460
210.000000
1.150000
GRASS_SPROUT
351.749268
39.816521
345.000000
0.850000