TILE
55
7
FIELD_GRASS
0
PINE TREE 1
327.375488
39.057011
330.000000
1.250000
PINE TREE 1
327.046509
41.127804
75.000000
1.250000
PINE TREE 1
328.006134
42.591969
225.000000
1.200000
PINE TREE 1
329.416199
43.948021
300.000000
1.100000
PINE TREE 1
328.672668
40.783432
240.000000
1.100000
PINE TREE 1
329.992371
40.252239
210.000000
0.900000
PINE TREE 1
330.507965
41.364899
45.000000
0.800000
PINE TREE 1
331.555664
42.452698
285.000000
1.200000
PINE TREE 1
332.052887
44.033524
180.000000
1.000000
GRASS_SPROUT
330.751617
44.483421
330.000000
1.000000
GRASS_SPROUT
331.460785
44.964947
75.000000
0.800000
GRASS_SPROUT
332.185852
40.285267
105.000000
1.250000
GRASS_SPROUT
329.816071
42.052937
150.000000
0.900000
GRASS_SPROUT
330.159851
42.704674
255.000000
0.850000