TILE
58
0
FIELD_GRASS
0
PINE TREE 1
345.659058
-1.240880
180.000000
1.250000
PINE TREE 1
347.564362
-1.240880
345.000000
0.850000
PINE TREE 1
349.119476
-1.240880
315.000000
1.200000
PINE TREE 1
350.748108
-1.240880
135.000000
0.750000
GRASS_SPROUT
347.574860
2.563044
0.000000
0.800000
GRASS_SPROUT
348.386688
1.961814
45.000000
1.000000
GRASS_SPROUT
349.784546
1.110343
60.000000
1.100000
GRASS_SPROUT
345.182800
0.254705
75.000000
1.250000
GRASS_SPROUT
345.488068
2.457250
30.000000
1.200000
GRASS_SPROUT
346.475403
2.245059
255.000000
1.150000
GRASS_SPROUT
346.934875
1.431786
120.000000
0.850000
GRASS_SPROUT
347.942505
0.447065
300.000000
1.200000
GRASS_SPROUT
350.041534
-2.353900
315.000000
0.750000
GRASS_SPROUT
349.361908
2.794580
195.000000
0.900000
GRASS_SPROUT
349.310944
1.915164
45.000000
1.100000
GRASS_SPROUT
350.128815
0.328042
210.000000
0.800000
GRASS_SPROUT
350.056061
-0.436723
90.000000
0.900000
GRASS_SPROUT
346.895844
0.074939
225.000000
1.150000
GRASS_SPROUT
348.924561
0.362099
195.000000
1.050000