TILE
58
4
FIELD_GRASS
0
PINE TREE 1
350.480255
25.849678
315.000000
1.250000
PINE TREE 1
348.772369
25.257118
345.000000
0.850000
PINE TREE 1
347.434418
25.023895
255.000000
0.900000
PINE TREE 1
346.047028
24.891674
75.000000
0.900000
PINE TREE 1
347.997742
26.276539
240.000000
0.950000
GRASS_SPROUT
345.433838
21.904108
255.000000
1.200000
GRASS_SPROUT
346.464691
22.616323
15.000000
0.950000
GRASS_SPROUT
347.386292
23.067570
135.000000
1.200000
GRASS_SPROUT
348.245026
23.286541
285.000000
0.950000
GRASS_SPROUT
345.262512
23.394419
195.000000
1.200000
GRASS_SPROUT
349.488434
23.362900
90.000000
1.200000
GRASS_SPROUT
350.455566
23.382481
330.000000
0.900000
GRASS_SPROUT
347.094940
21.772057
225.000000
1.100000
GRASS_SPROUT
348.053833
21.772064
345.000000
0.800000
GRASS_SPROUT
348.751068
21.772068
330.000000
0.800000
GRASS_SPROUT
349.510254
21.772070
210.000000
0.950000
GRASS_SPROUT
350.358368
21.911415
105.000000
1.100000
GRASS_SPROUT
349.168518
24.283325
60.000000
0.950000
GRASS_SPROUT
345.314423
25.905088
210.000000
0.900000
GRASS_SPROUT
346.087799
25.904884
105.000000
0.950000