TILE
11
2
FIELD_SAND
16
GRASS_SPROUT
63.468948
11.758386
60.000000
0.850000
GRASS_SPROUT
64.475746
11.758386
165.000000
1.050000
GRASS_SPROUT
65.584259
11.758386
225.000000
0.800000
GRASS_SPROUT
66.554802
11.758386
300.000000
1.250000
GRASS_SPROUT
67.633858
11.758386
90.000000
1.250000
GRASS_SPROUT
68.638596
11.758386
255.000000
0.800000
GRASS_SPROUT
63.662605
14.368376
255.000000
1.000000
GRASS_SPROUT
64.980675
14.368378
135.000000
1.200000
GRASS_SPROUT
66.072853
14.368382
45.000000
0.800000
GRASS_SPROUT
67.073845
14.368382
150.000000
0.950000
GRASS_SPROUT
68.123436
14.368382
60.000000
1.150000