TILE
13
2
FIELD_SAND
16
GRASS_SPROUT
80.873970
9.993758
60.000000
1.250000
GRASS_SPROUT
79.711197
10.305882
345.000000
1.100000
GRASS_SPROUT
79.138115
9.835772
180.000000
0.750000
GRASS_SPROUT
75.575684
11.758386
90.000000
1.050000
GRASS_SPROUT
76.591225
11.758386
90.000000
1.100000
GRASS_SPROUT
77.638641
11.758386
165.000000
0.800000
GRASS_SPROUT
78.609726
11.758386
135.000000
0.950000
GRASS_SPROUT
79.996376
11.758386
285.000000
1.200000
GRASS_SPROUT
75.042915
14.368382
285.000000
1.250000
GRASS_SPROUT
76.043907
14.368382
210.000000
1.250000
GRASS_SPROUT
77.001152
14.368382
150.000000
0.900000
GRASS_SPROUT
78.069412
14.368382
315.000000
1.250000
GRASS_SPROUT
79.054420
14.368382
315.000000
0.950000
GRASS_SPROUT
80.053360
14.368382
90.000000
0.750000
GRASS_SPROUT
80.997360
14.368382
255.000000
1.100000