TILE
12
2
FIELD_SAND
16
GRASS_SPROUT
69.677856
11.758386
15.000000
0.750000
GRASS_SPROUT
70.693542
11.758386
270.000000
1.150000
GRASS_SPROUT
71.623314
11.758386
225.000000
0.950000
GRASS_SPROUT
72.492897
11.758386
315.000000
1.150000
GRASS_SPROUT
73.527840
11.758386
30.000000
1.000000
GRASS_SPROUT
74.550056
11.758386
210.000000
0.800000
GRASS_SPROUT
69.146385
14.368382
60.000000
0.800000
GRASS_SPROUT
70.080780
14.368382
75.000000
0.850000
GRASS_SPROUT
71.072250
14.368382
105.000000
0.950000
GRASS_SPROUT
71.972542
14.368382
165.000000
1.050000
GRASS_SPROUT
73.001915
14.368382
150.000000
0.800000
GRASS_SPROUT
74.020157
14.368382
60.000000
1.200000