TILE
91
34
FIELD_GRASS
0
PINE TREE 2
546.579956
204.775314
285.000000
1.050000
PINE TREE 2
544.349915
204.896133
135.000000
1.150000
GRASS_SPROUT
543.296326
201.783325
90.000000
0.800000
GRASS_SPROUT
544.366577
201.568542
195.000000
1.200000
GRASS_SPROUT
545.362671
201.568542
60.000000
0.750000
GRASS_SPROUT
546.336304
201.568542
345.000000
1.050000
GRASS_SPROUT
547.352722
201.568542
0.000000
1.050000
GRASS_SPROUT
548.308594
201.568542
315.000000
1.200000
GRASS_SPROUT
547.712036
202.432556
75.000000
1.250000
GRASS_SPROUT
546.815247
202.546783
345.000000
0.950000
GRASS_SPROUT
547.617615
206.642700
75.000000
0.850000
GRASS_SPROUT
546.760071
206.321701
285.000000
1.200000
GRASS_SPROUT
545.523010
206.034424
195.000000
1.000000
GRASS_SPROUT
543.090088
205.783264
255.000000
0.800000
GRASS_SPROUT
544.682495
206.402679
210.000000
1.200000
GRASS_SPROUT
548.235168
204.921738
75.000000
1.000000
GRASS_SPROUT
547.863770
205.829880
210.000000
1.150000
GRASS_SPROUT
547.460876
203.562927
105.000000
1.250000
GRASS_SPROUT
548.579407
203.194748
315.000000
0.900000
GRASS_SPROUT
545.281860
202.205276
165.000000
0.850000
GRASS_SPROUT
544.526550
202.567627
255.000000
1.100000
GRASS_SPROUT
545.893738
202.885117
255.000000
0.800000
GRASS_SPROUT
544.886719
203.628677
60.000000
0.800000
GRASS_SPROUT
543.913696
203.628677
150.000000
0.950000
GRASS_SPROUT
543.835938
206.370911
120.000000
0.850000