TILE
93
33
FIELD_GRASS
0
PINE TREE 2
558.344482
197.367218
0.000000
0.950000
GRASS_SPROUT
556.089905
196.675919
75.000000
1.200000
GRASS_SPROUT
557.251465
196.030167
90.000000
0.900000
GRASS_SPROUT
558.313965
195.599319
45.000000
0.950000
GRASS_SPROUT
559.230530
195.452866
210.000000
1.100000
GRASS_SPROUT
560.196106
195.304947
345.000000
0.850000
GRASS_SPROUT
560.969543
197.293640
105.000000
1.250000
GRASS_SPROUT
560.288269
197.885117
240.000000
1.000000
GRASS_SPROUT
559.427429
198.531052
315.000000
1.050000
GRASS_SPROUT
558.750916
199.033752
180.000000
0.850000
GRASS_SPROUT
558.102234
199.407700
30.000000
0.900000
GRASS_SPROUT
557.246521
199.842529
300.000000
0.800000
GRASS_SPROUT
556.253052
200.262909
0.000000
1.150000
GRASS_SPROUT
555.507813
198.252258
315.000000
1.250000
GRASS_SPROUT
556.447754
198.090317
165.000000
0.750000
GRASS_SPROUT
555.225647
199.517792
180.000000
1.150000
GRASS_SPROUT
556.655579
199.033752
345.000000
1.050000
GRASS_SPROUT
557.401428
198.842682
150.000000
0.850000
GRASS_SPROUT
559.559937
197.163574
165.000000
1.250000