TILE
90
34
FIELD_GRASS
0
PINE TREE 2
542.459595
205.045059
120.000000
0.800000
PINE TREE 2
540.556335
205.074860
270.000000
0.800000
PINE TREE 2
539.082336
205.045593
345.000000
1.100000
PINE TREE 2
537.049927
204.686066
150.000000
1.150000
PINE TREE 2
538.195984
201.886581
330.000000
0.750000
PINE TREE 2
539.358276
202.837128
60.000000
1.200000
PINE TREE 2
541.124573
203.855408
165.000000
0.850000
PINE TREE 2
542.832397
203.010178
135.000000
1.050000
PINE TREE 2
539.633789
206.869904
240.000000
1.050000
GRASS_SPROUT
540.804749
202.001282
0.000000
1.250000
GRASS_SPROUT
537.905823
205.860016
135.000000
0.750000
GRASS_SPROUT
541.713440
201.667389
195.000000
0.800000
GRASS_SPROUT
542.514221
201.725479
0.000000
1.150000
GRASS_SPROUT
541.540771
205.527466
120.000000
0.950000
GRASS_SPROUT
542.354858
206.321106
0.000000
1.250000
GRASS_SPROUT
541.524780
206.420547
315.000000
0.750000