TILE
25
14
FIELD_GRASS
0
PINE TREE 2
147.317856
83.010742
240.000000
1.000000
PINE TREE 2
150.353989
82.972664
120.000000
0.750000
PINE TREE 2
149.045532
82.972672
30.000000
0.850000
PINE TREE 2
148.163620
81.418159
90.000000
1.150000
PINE TREE 2
149.573914
84.523254
195.000000
1.050000
PINE TREE 2
150.159683
86.486725
180.000000
1.200000
PINE TREE 2
147.725174
84.977470
75.000000
1.150000
PINE TREE 2
151.767914
82.078735
240.000000
1.150000
PINE TREE 2
150.950851
85.081123
210.000000
0.850000
PINE TREE 2
152.769745
85.467438
240.000000
1.200000
PINE TREE 2
152.933258
83.366081
60.000000
1.100000