TILE
24
15
FIELD_GRASS
0
PINE TREE 2
146.937744
89.215744
75.000000
0.850000
PINE TREE 2
145.804901
88.154968
60.000000
1.100000
PINE TREE 2
144.660843
87.056564
105.000000
0.750000
PINE TREE 2
143.357468
87.631599
30.000000
0.900000
PINE TREE 2
146.456711
92.916565
90.000000
0.850000
PINE TREE 2
145.097168
91.949577
165.000000
1.200000
PINE TREE 2
143.890579
91.011688
15.000000
0.750000
PINE TREE 2
142.544464
89.796165
330.000000
1.250000
PINE TREE 2
144.255569
89.218681
150.000000
1.150000
PINE TREE 2
145.584778
90.435013
180.000000
0.800000