TILE
67
78
FIELD_GRASS
0
PINE TREE 1
403.627045
465.020691
150.000000
0.950000
GRASS_SPROUT
403.568756
468.662598
270.000000
1.150000
GRASS_SPROUT
402.577271
468.751831
105.000000
1.150000
GRASS_SPROUT
401.263428
468.573029
180.000000
0.850000
GRASS_SPROUT
400.479645
468.113342
195.000000
1.250000
GRASS_SPROUT
400.211761
467.103333
30.000000
0.950000
GRASS_SPROUT
400.287018
466.113861
0.000000
0.950000
GRASS_SPROUT
400.481506
465.396057
150.000000
0.900000
GRASS_SPROUT
404.751617
467.204865
0.000000
1.150000
GRASS_SPROUT
399.986664
468.899231
150.000000
1.000000
GRASS_SPROUT
401.241638
466.618317
45.000000
0.950000
GRASS_SPROUT
401.899323
466.150574
345.000000
0.850000
GRASS_SPROUT
403.229828
466.223663
135.000000
0.850000
GRASS_SPROUT
402.411316
466.758820
270.000000
1.100000
GRASS_SPROUT
402.242279
465.473480
330.000000
1.000000
GRASS_SPROUT
401.773651
467.732452
135.000000
0.850000
GRASS_SPROUT
403.564301
466.932281
120.000000
0.900000
GRASS_SPROUT
403.460297
467.602692
225.000000
0.750000
GRASS_SPROUT
404.161652
466.407562
315.000000
1.050000
GRASS_SPROUT
400.346863
469.581543
195.000000
0.850000
GRASS_SPROUT
400.499359
470.409241
150.000000
1.200000
GRASS_SPROUT
404.142853
470.758545
345.000000
1.150000
GRASS_SPROUT
403.694122
469.970215
30.000000
0.850000
GRASS_SPROUT
402.890503
469.671051
345.000000
1.200000
GRASS_SPROUT
402.638367
470.793243
300.000000
1.000000
GRASS_SPROUT
401.714020
470.513000
315.000000
1.150000
GRASS_SPROUT
401.467255
469.442078
270.000000
0.850000
GRASS_SPROUT
404.872498
465.382233
285.000000
1.050000