TILE
65
72
FIELD_DIRT
4
GRASS_SPROUT
391.717682
433.630920
120.000000
1.050000
GRASS_SPROUT
391.748322
434.541168
0.000000
0.750000
GRASS_SPROUT
389.535156
434.773285
225.000000
0.950000
GRASS_SPROUT
388.814514
434.345703
255.000000
1.100000
GRASS_SPROUT
388.040070
433.925323
75.000000
1.050000
GRASS_SPROUT
390.570587
434.276611
90.000000
1.200000
GRASS_SPROUT
389.764008
433.925323
195.000000
0.750000
GRASS_SPROUT
387.811157
434.818817
120.000000
1.100000
GRASS_SPROUT
392.384949
431.120270
240.000000
1.100000
GRASS_SPROUT
392.433838
429.353790
330.000000
0.950000
GRASS_SPROUT
392.472870
430.118195
330.000000
0.900000
DEAD_TREE
389.235687
430.875397
105.000000
0.700000
GRASS_SPROUT
388.110413
432.539154
105.000000
0.700000
GRASS_SPROUT
388.702972
432.995789
120.000000
1.000000
GRASS_SPROUT
389.777374
433.033112
225.000000
1.250000
GRASS_SPROUT
390.677521
432.958344
345.000000
1.000000
GRASS_SPROUT
388.423645
431.985657
225.000000
0.750000
GRASS_SPROUT
388.155579
431.323944
150.000000
0.800000
GRASS_SPROUT
389.221893
432.146179
210.000000
1.100000
GRASS_SPROUT
391.473511
430.512512
330.000000
1.000000
GRASS_SPROUT
390.863220
429.824066
330.000000
0.950000
GRASS_SPROUT
390.222412
429.384644
60.000000
0.950000
GRASS_SPROUT
388.136963
429.009827
75.000000
0.800000
GRASS_SPROUT
388.044983
429.755157
210.000000
1.000000
GRASS_SPROUT
387.404419
432.590546
0.000000
1.000000
GRASS_SPROUT
387.320831
431.741333
300.000000
1.100000
GRASS_SPROUT
387.302307
430.751251
90.000000
1.100000