TILE
63
72
FIELD_GRASS
0
PINE TREE 1
377.181427
433.740723
0.000000
1.200000
GRASS_SPROUT
375.779053
433.509338
195.000000
1.200000
GRASS_SPROUT
376.055847
432.382446
105.000000
1.050000
GRASS_SPROUT
376.738159
432.029205
210.000000
0.750000
GRASS_SPROUT
377.359650
431.957336
165.000000
0.750000
GRASS_SPROUT
378.081207
432.277527
0.000000
1.150000
GRASS_SPROUT
378.935089
432.658051
0.000000
1.100000
GRASS_SPROUT
379.905731
433.093231
0.000000
0.800000
GRASS_SPROUT
379.892426
434.041229
165.000000
1.150000
GRASS_SPROUT
379.799225
432.029205
30.000000
1.000000
GRASS_SPROUT
378.989410
431.628906
135.000000
1.000000
GRASS_SPROUT
377.695770
430.797546
120.000000
1.000000
GRASS_SPROUT
376.844574
430.813812
255.000000
1.000000
GRASS_SPROUT
376.143707
430.880249
0.000000
0.750000
GRASS_SPROUT
375.426666
430.912323
75.000000
1.000000
GRASS_SPROUT
378.421692
430.487183
135.000000
0.950000
GRASS_SPROUT
379.327515
430.563965
330.000000
1.200000
GRASS_SPROUT
378.225983
429.380798
135.000000
1.200000
GRASS_SPROUT
376.213074
429.662109
240.000000
0.950000
GRASS_SPROUT
377.079041
429.922394
225.000000
0.800000
GRASS_SPROUT
376.796936
429.029541
225.000000
1.000000
GRASS_SPROUT
375.009552
431.634216
105.000000
0.950000
GRASS_SPROUT
375.443207
434.800537
195.000000
1.250000