TILE
79
75
FIELD_GRASS
0
GRASS_SPROUT
471.650787
452.668091
15.000000
1.000000
GRASS_SPROUT
472.292755
451.800751
315.000000
0.800000
GRASS_SPROUT
472.965515
451.175690
210.000000
0.900000
GRASS_SPROUT
473.480865
450.521027
285.000000
0.900000
GRASS_SPROUT
473.335144
449.406616
270.000000
0.850000
GRASS_SPROUT
472.658020
448.356995
120.000000
1.050000
GRASS_SPROUT
471.609863
447.005554
165.000000
1.250000
GRASS_SPROUT
473.660522
447.174011
315.000000
1.150000
GRASS_SPROUT
474.398132
447.883881
330.000000
1.250000
GRASS_SPROUT
475.022430
448.562653
270.000000
1.000000
GRASS_SPROUT
475.619263
449.261108
45.000000
0.950000
GRASS_SPROUT
476.413116
450.113159
345.000000
1.150000
GRASS_SPROUT
476.901276
450.917480
270.000000
0.900000
GRASS_SPROUT
472.482574
452.591553
285.000000
1.050000
GRASS_SPROUT
473.477661
452.241486
315.000000
0.850000
GRASS_SPROUT
474.210419
452.819855
75.000000
1.100000
GRASS_SPROUT
476.192413
452.054535
300.000000
1.150000
GRASS_SPROUT
475.932190
450.941559
0.000000
1.050000
GRASS_SPROUT
475.219452
450.059998
90.000000
1.250000
GRASS_SPROUT
474.399780
449.653992
210.000000
0.800000
GRASS_SPROUT
474.228424
450.781067
210.000000
0.750000
GRASS_SPROUT
474.129395
451.658295
105.000000
0.850000
GRASS_SPROUT
475.038879
452.121765
75.000000
1.100000
GRASS_SPROUT
473.877075
448.784821
60.000000
0.900000