TILE
73
72
FIELD_GRASS
0
GRASS_SPROUT
440.760773
434.677155
90.000000
0.950000
GRASS_SPROUT
439.757507
434.677155
75.000000
0.750000
GRASS_SPROUT
438.719360
434.677155
105.000000
1.200000
GRASS_SPROUT
437.741913
434.677155
0.000000
0.950000
GRASS_SPROUT
436.794434
434.677155
150.000000
0.750000
GRASS_SPROUT
435.845612
434.677155
285.000000
0.900000
GRASS_SPROUT
440.841522
429.308685
135.000000
0.900000
GRASS_SPROUT
439.929840
429.308685
300.000000
0.750000
GRASS_SPROUT
439.036530
429.308685
90.000000
1.100000
GRASS_SPROUT
437.540009
429.308685
165.000000
1.250000
GRASS_SPROUT
436.548309
429.308685
195.000000
0.750000
GRASS_SPROUT
435.493530
429.308685
345.000000
0.750000