TILE
75
72
FIELD_GRASS
0
GRASS_SPROUT
452.815826
434.677155
30.000000
0.800000
GRASS_SPROUT
451.822510
434.677155
330.000000
0.750000
GRASS_SPROUT
450.882324
434.677155
225.000000
1.200000
GRASS_SPROUT
449.989502
434.677155
225.000000
0.800000
GRASS_SPROUT
448.921570
434.677155
15.000000
1.150000
GRASS_SPROUT
447.930725
434.677155
210.000000
0.750000
GRASS_SPROUT
451.033447
429.045502
165.000000
0.950000
GRASS_SPROUT
450.172791
429.308685
90.000000
0.900000
GRASS_SPROUT
449.182526
429.308685
135.000000
0.750000
GRASS_SPROUT
448.352875
429.308685
0.000000
1.000000
GRASS_SPROUT
447.137848
429.308685
255.000000
1.150000