TILE
74
73
FIELD_GRASS
0
GRASS_SPROUT
441.410889
438.064789
285.000000
0.800000
GRASS_SPROUT
442.455231
438.064789
45.000000
1.000000
GRASS_SPROUT
443.484192
438.064789
240.000000
0.900000
GRASS_SPROUT
444.502167
438.064789
255.000000
0.800000
GRASS_SPROUT
445.512207
438.064789
270.000000
1.000000
GRASS_SPROUT
446.568634
438.064789
105.000000
1.100000
GRASS_SPROUT
441.103546
437.103973
180.000000
1.050000
GRASS_SPROUT
442.081543
437.103973
75.000000
0.800000
GRASS_SPROUT
442.928314
437.103973
330.000000
1.250000
GRASS_SPROUT
443.959229
437.103973
315.000000
0.900000
GRASS_SPROUT
445.024567
437.103973
195.000000
0.900000
GRASS_SPROUT
446.056061
437.103973
240.000000
0.900000
GRASS_SPROUT
441.265198
435.945129
90.000000
0.750000
GRASS_SPROUT
442.272339
435.945129
15.000000
0.850000
GRASS_SPROUT
443.282928
435.945129
105.000000
1.150000
GRASS_SPROUT
444.352325
435.945129
150.000000
0.800000
GRASS_SPROUT
445.386749
435.945129
60.000000
0.850000
GRASS_SPROUT
446.366699
435.945129
60.000000
0.750000