TILE
74
72
FIELD_GRASS
0
GRASS_SPROUT
446.932007
434.677155
300.000000
1.150000
GRASS_SPROUT
445.884338
434.677155
105.000000
0.950000
GRASS_SPROUT
444.895386
434.677155
135.000000
1.250000
GRASS_SPROUT
443.898102
434.677155
15.000000
0.800000
GRASS_SPROUT
442.797302
434.677155
30.000000
0.900000
GRASS_SPROUT
441.837585
434.677155
270.000000
0.800000
GRASS_SPROUT
446.210541
429.308685
75.000000
0.900000
GRASS_SPROUT
445.278046
429.308685
180.000000
1.200000
GRASS_SPROUT
443.900421
429.308685
180.000000
1.150000
GRASS_SPROUT
442.896027
429.308685
90.000000
1.050000
GRASS_SPROUT
441.857025
429.308685
195.000000
1.150000