TILE
75
70
FIELD_GRASS
0
GRASS_SPROUT
451.033447
417.309082
0.000000
0.800000
GRASS_SPROUT
451.033447
418.303192
30.000000
0.750000
GRASS_SPROUT
451.033447
419.196869
120.000000
0.800000
GRASS_SPROUT
451.033447
420.274658
120.000000
1.200000
GRASS_SPROUT
451.033447
421.225708
285.000000
1.050000
GRASS_SPROUT
451.033447
422.195251
210.000000
1.000000
GRASS_SPROUT
449.415710
422.928711
90.000000
1.250000
GRASS_SPROUT
449.419281
421.374420
30.000000
1.150000
GRASS_SPROUT
449.419281
420.207977
120.000000
1.150000
GRASS_SPROUT
449.419281
419.030701
150.000000
0.750000
GRASS_SPROUT
449.422913
417.790314
195.000000
1.050000
GRASS_SPROUT
447.932495
417.664154
255.000000
0.900000
GRASS_SPROUT
447.932495
418.616486
45.000000
1.100000
GRASS_SPROUT
447.931122
420.563812
75.000000
1.250000
GRASS_SPROUT
447.931122
421.430420
330.000000
0.800000
GRASS_SPROUT
447.931122
422.374847
45.000000
0.900000
GRASS_SPROUT
450.091827
422.061340
75.000000
1.050000
GRASS_SPROUT
450.105988
419.672424
285.000000
0.950000
GRASS_SPROUT
450.114929
418.676697
315.000000
0.950000
GRASS_SPROUT
450.114929
417.232758
345.000000
1.050000