TILE
41
67
FIELD_GRASS
0
PINE TREE 2
248.503082
403.794220
270.000000
1.200000
PINE TREE 2
246.981384
402.568085
135.000000
1.000000
PINE TREE 2
245.092194
401.820251
30.000000
1.200000
PINE TREE 2
243.265594
401.460480
120.000000
0.900000
PINE TREE 2
248.647247
400.437439
45.000000
0.950000
PINE TREE 2
245.846710
399.912018
90.000000
1.200000
PINE TREE 2
244.067703
400.333740
225.000000
0.800000
GRASS_SPROUT
244.473526
404.572784
210.000000
1.000000
GRASS_SPROUT
245.003448
403.795471
255.000000
1.150000
GRASS_SPROUT
246.000763
403.401672
120.000000
1.200000
GRASS_SPROUT
246.618301
404.419983
180.000000
1.200000
GRASS_SPROUT
247.957535
404.998901
105.000000
1.000000