TILE
45
65
FIELD_GRASS
0
PINE TREE 2
272.187622
387.328247
75.000000
1.250000
PINE TREE 2
270.585022
388.454285
225.000000
1.200000
PINE TREE 2
268.728760
389.071808
300.000000
1.100000
PINE TREE 2
267.371948
392.707367
210.000000
1.200000
PINE TREE 2
272.111420
392.064697
15.000000
1.250000
PINE TREE 2
270.445709
392.723755
255.000000
0.900000
PINE TREE 2
269.819061
390.940277
240.000000
1.150000
PINE TREE 2
271.803345
389.729187
225.000000
0.950000
PINE TREE 2
268.673615
387.184418
135.000000
0.950000
PINE TREE 2
267.410370
387.795135
240.000000
0.750000
PINE TREE 2
268.899628
392.425812
60.000000
0.750000
PINE TREE 2
268.138458
390.699615
315.000000
1.050000