TILE
41
68
FIELD_GRASS
0
GRASS_SPROUT
243.568329
405.400696
165.000000
0.900000
GRASS_SPROUT
244.237793
407.232452
330.000000
1.150000
GRASS_SPROUT
245.666138
406.822876
165.000000
1.100000
GRASS_SPROUT
246.864624
406.555359
165.000000
0.750000
GRASS_SPROUT
247.848816
406.400024
330.000000
0.950000
GRASS_SPROUT
248.961777
406.203247
90.000000
1.200000
GRASS_SPROUT
243.365234
406.860657
270.000000
1.150000
GRASS_SPROUT
244.816833
406.282288
90.000000
0.850000
GRASS_SPROUT
245.677689
405.963196
180.000000
0.750000
GRASS_SPROUT
246.436844
405.718811
30.000000
1.150000
GRASS_SPROUT
245.664215
405.170715
240.000000
1.200000
GRASS_SPROUT
247.347015
405.621704
330.000000
1.100000
GRASS_SPROUT
247.276230
407.149536
105.000000
0.850000
GRASS_SPROUT
248.161362
407.475372
45.000000
0.950000
GRASS_SPROUT
245.135330
407.475372
120.000000
1.000000
GRASS_SPROUT
246.304901
407.313416
270.000000
0.900000