TILE
42
67
FIELD_GRASS
0
PINE TREE 2
249.734009
404.910095
315.000000
0.750000
PINE TREE 2
251.300446
404.371033
255.000000
1.100000
PINE TREE 2
254.576508
403.482697
240.000000
1.100000
PINE TREE 2
254.139526
399.311951
240.000000
0.900000
PINE TREE 2
252.242371
399.379150
315.000000
1.250000
PINE TREE 2
250.173752
399.709778
90.000000
1.100000
PINE TREE 2
251.458435
401.474457
345.000000
1.200000
PINE TREE 2
252.761032
402.764282
165.000000
1.000000
PINE TREE 2
253.852753
401.126038
270.000000
1.200000
PINE TREE 2
250.011993
401.241333
285.000000
0.750000
PINE TREE 2
250.311691
402.901917
210.000000
1.150000