TILE
49
63
FIELD_GRASS
0
GRASS_SPROUT
296.498932
380.452942
330.000000
1.100000
GRASS_SPROUT
296.276306
379.586670
270.000000
1.000000
GRASS_SPROUT
293.844330
380.604828
345.000000
1.100000
GRASS_SPROUT
294.517242
379.786102
210.000000
0.950000
GRASS_SPROUT
295.227722
379.047699
45.000000
1.000000
GRASS_SPROUT
295.571808
378.317810
45.000000
0.800000
GRASS_SPROUT
294.698517
380.524811
210.000000
0.900000
GRASS_SPROUT
295.956299
377.665741
285.000000
0.950000
GRASS_SPROUT
296.126984
376.694611
150.000000
1.000000
GRASS_SPROUT
296.292664
375.551422
165.000000
1.200000
GRASS_SPROUT
296.514038
378.524933
180.000000
1.250000
GRASS_SPROUT
294.851776
378.406036
270.000000
0.750000
GRASS_SPROUT
294.951324
377.762360
210.000000
0.800000
GRASS_SPROUT
295.076782
376.981445
300.000000
1.050000
GRASS_SPROUT
295.316559
376.183411
75.000000
0.900000
GRASS_SPROUT
294.079376
378.758453
120.000000
1.250000
GRASS_SPROUT
294.092102
375.294983
0.000000
1.050000
GRASS_SPROUT
294.070282
376.422333
150.000000
1.000000
GRASS_SPROUT
294.054657
377.229279
195.000000
0.800000
GRASS_SPROUT
295.320068
375.364990
45.000000
0.850000