TILE
45
67
FIELD_GRASS
0
PINE TREE 2
272.040619
399.556732
120.000000
1.200000
PINE TREE 2
270.039642
400.181915
90.000000
1.050000
PINE TREE 2
268.318542
401.151917
315.000000
0.900000
PINE TREE 2
267.127258
402.022491
330.000000
0.850000
PINE TREE 2
269.249268
404.183014
30.000000
0.750000
PINE TREE 2
268.230652
403.062408
0.000000
0.950000
PINE TREE 2
270.143341
401.612610
345.000000
0.850000
PINE TREE 2
269.478333
402.762451
330.000000
0.750000
PINE TREE 2
271.694366
401.444946
330.000000
1.100000
PINE TREE 2
270.776306
403.203217
270.000000
0.850000
PINE TREE 2
268.376099
399.141022
255.000000
1.200000
GRASS_SPROUT
271.641296
404.196838
345.000000
0.800000
GRASS_SPROUT
272.022217
403.688904
225.000000
0.750000
GRASS_SPROUT
272.455963
402.993683
195.000000
1.150000
GRASS_SPROUT
272.841736
402.075867
255.000000
0.950000
GRASS_SPROUT
270.637268
404.323273
315.000000
1.100000