TILE
46
62
FIELD_GRASS
0
PINE TREE 1
274.130829
372.216675
270.000000
1.000000
PINE TREE 1
275.677246
373.331146
255.000000
1.050000
PINE TREE 1
277.184998
373.330627
180.000000
0.900000
PINE TREE 1
278.854645
373.330078
0.000000
1.250000
PINE TREE 1
274.245697
374.188843
270.000000
1.250000
PINE TREE 1
277.786621
370.082397
15.000000
1.050000
PINE TREE 1
276.884247
371.505432
165.000000
1.250000
PINE TREE 1
278.421661
371.562256
315.000000
0.850000
PINE TREE 1
275.927185
370.017853
60.000000
1.200000
PINE TREE 1
274.104584
370.045471
135.000000
0.950000
GRASS_SPROUT
273.432404
369.084808
315.000000
1.150000