TILE
43
67
FIELD_GRASS
0
PINE TREE 2
260.199982
403.648804
345.000000
1.100000
PINE TREE 2
258.286133
404.233246
315.000000
1.250000
PINE TREE 2
256.451416
403.409058
150.000000
1.250000
PINE TREE 2
258.292511
402.237732
120.000000
1.050000
PINE TREE 2
259.016602
400.870483
30.000000
0.900000
PINE TREE 2
260.186249
400.280548
0.000000
0.750000
PINE TREE 2
256.204529
401.440002
315.000000
0.850000
PINE TREE 2
258.817932
399.295288
285.000000
1.200000
PINE TREE 2
257.331879
399.615845
225.000000
0.800000
PINE TREE 2
255.443695
400.318665
210.000000
0.900000