TILE
44
60
FIELD_GRASS
0
PINE TREE 1
262.515381
357.423920
0.000000
0.800000
PINE TREE 1
261.391083
358.546112
240.000000
1.100000
GRASS_SPROUT
263.595551
357.637299
120.000000
1.200000
GRASS_SPROUT
263.016724
358.321136
345.000000
0.850000
GRASS_SPROUT
264.729980
357.573730
210.000000
0.950000
GRASS_SPROUT
264.398651
358.198853
45.000000
0.750000
GRASS_SPROUT
264.015381
359.036194
165.000000
1.250000
GRASS_SPROUT
263.768494
359.942841
165.000000
0.900000
GRASS_SPROUT
263.670319
360.642944
45.000000
0.850000
GRASS_SPROUT
263.528442
361.412964
180.000000
0.950000
GRASS_SPROUT
263.542236
362.240326
135.000000
1.000000
GRASS_SPROUT
261.251190
360.866882
225.000000
1.150000
GRASS_SPROUT
261.798706
362.460541
60.000000
1.250000
GRASS_SPROUT
262.344299
360.144104
285.000000
1.150000
GRASS_SPROUT
261.624939
361.671967
90.000000
0.750000
GRASS_SPROUT
261.044220
359.974792
240.000000
0.750000