TILE
44
65
FIELD_GRASS
0
PINE TREE 2
266.920410
389.369598
240.000000
1.100000
PINE TREE 2
265.106720
389.802399
210.000000
0.900000
PINE TREE 2
263.861298
390.467651
45.000000
0.800000
PINE TREE 2
262.642303
391.667175
285.000000
1.200000
PINE TREE 2
265.410706
391.932739
60.000000
1.250000
PINE TREE 2
266.700256
391.110504
300.000000
0.750000
PINE TREE 2
261.171051
392.114990
90.000000
0.750000
PINE TREE 2
261.527344
389.715088
15.000000
0.900000
PINE TREE 2
265.672028
388.380951
195.000000
1.000000
PINE TREE 2
262.923462
388.856384
90.000000
1.000000
PINE TREE 2
263.700470
387.603912
75.000000
0.900000
PINE TREE 2
265.237030
387.014221
285.000000
0.900000
PINE TREE 2
261.170013
387.492584
0.000000
0.900000