TILE
44
61
FIELD_GRASS
0
GRASS_SPROUT
263.732849
363.157074
225.000000
1.200000
GRASS_SPROUT
264.049561
364.101105
120.000000
1.050000
GRASS_SPROUT
264.421051
364.945190
300.000000
1.200000
GRASS_SPROUT
265.004852
365.775208
225.000000
1.250000
GRASS_SPROUT
265.531891
366.485840
315.000000
0.750000
GRASS_SPROUT
266.121796
367.026550
135.000000
1.100000
GRASS_SPROUT
266.887085
367.638916
240.000000
1.050000
GRASS_SPROUT
261.169495
367.887878
45.000000
1.250000
GRASS_SPROUT
262.294098
368.110321
345.000000
0.950000
GRASS_SPROUT
262.984253
368.584137
90.000000
1.100000
GRASS_SPROUT
264.303040
368.900696
120.000000
1.200000
GRASS_SPROUT
263.893738
368.183685
285.000000
0.850000
GRASS_SPROUT
261.439636
367.026123
150.000000
1.000000
GRASS_SPROUT
261.277924
365.909210
180.000000
1.200000
GRASS_SPROUT
261.625824
364.951294
45.000000
0.850000
GRASS_SPROUT
262.197876
364.016144
150.000000
0.950000
GRASS_SPROUT
263.119537
365.082031
180.000000
0.950000
GRASS_SPROUT
263.766083
365.992004
165.000000
0.800000
GRASS_SPROUT
264.210388
366.693237
45.000000
0.850000
GRASS_SPROUT
265.074097
367.643707
0.000000
1.100000
GRASS_SPROUT
263.138214
366.463593
225.000000
0.800000
GRASS_SPROUT
261.492340
363.355652
150.000000
1.100000
GRASS_SPROUT
261.240387
364.153839
225.000000
0.800000
GRASS_SPROUT
262.297424
365.992004
105.000000
1.050000
GRASS_SPROUT
263.494263
367.030273
195.000000
0.800000