TILE
46
69
FIELD_GRASS
0
PINE TREE 2
277.069885
416.277740
150.000000
1.250000
PINE TREE 2
277.462463
414.265503
120.000000
0.800000
PINE TREE 2
278.120636
413.018341
225.000000
0.900000
PINE TREE 2
278.218719
411.380798
240.000000
0.750000
PINE TREE 2
278.882782
414.812531
150.000000
0.750000
GRASS_SPROUT
273.528320
416.334198
60.000000
0.900000
GRASS_SPROUT
274.655182
415.978943
30.000000
0.750000
GRASS_SPROUT
274.466705
415.016327
345.000000
1.050000
GRASS_SPROUT
274.855011
416.933563
345.000000
1.250000
GRASS_SPROUT
275.442108
416.029266
30.000000
1.050000
GRASS_SPROUT
275.912628
415.050354
315.000000
1.150000
GRASS_SPROUT
273.925964
414.097595
195.000000
1.100000
GRASS_SPROUT
274.840057
413.739777
210.000000
1.100000
GRASS_SPROUT
275.804260
413.542969
45.000000
0.800000
GRASS_SPROUT
273.053955
413.387207
30.000000
0.950000
GRASS_SPROUT
273.908600
412.482086
165.000000
1.150000
GRASS_SPROUT
275.027374
412.174866
345.000000
1.050000
GRASS_SPROUT
276.049591
412.735748
240.000000
1.100000
GRASS_SPROUT
276.458282
413.644684
45.000000
0.850000
GRASS_SPROUT
277.098175
413.349121
0.000000
0.800000
GRASS_SPROUT
276.852936
412.735748
135.000000
0.800000
GRASS_SPROUT
277.529724
412.053986
285.000000
0.750000
GRASS_SPROUT
277.350739
411.018768
330.000000
0.800000
GRASS_SPROUT
276.640747
411.411743
60.000000
0.850000
GRASS_SPROUT
275.892548
411.717926
330.000000
0.900000