TILE
43
61
FIELD_GRASS
0
GRASS_SPROUT
260.058838
368.606750
270.000000
0.800000
GRASS_SPROUT
258.593109
368.564758
240.000000
0.800000
GRASS_SPROUT
256.285431
368.063751
75.000000
0.900000
GRASS_SPROUT
256.694305
367.254547
165.000000
1.000000
GRASS_SPROUT
257.237396
366.357910
150.000000
1.200000
GRASS_SPROUT
258.132355
365.338715
330.000000
0.750000
GRASS_SPROUT
259.039185
364.381287
75.000000
1.200000
GRASS_SPROUT
259.701813
363.559570
240.000000
1.050000
GRASS_SPROUT
256.246368
366.576080
105.000000
0.800000
GRASS_SPROUT
255.015839
363.764587
75.000000
0.850000
GRASS_SPROUT
257.395691
363.059875
105.000000
0.800000
GRASS_SPROUT
255.796356
365.246918
60.000000
0.950000
GRASS_SPROUT
255.837875
363.782501
30.000000
0.900000
GRASS_SPROUT
255.105530
365.848663
255.000000
1.200000
GRASS_SPROUT
256.638641
363.215057
345.000000
0.950000
GRASS_SPROUT
257.565887
364.954987
180.000000
0.750000
GRASS_SPROUT
258.199402
363.962646
285.000000
0.800000
GRASS_SPROUT
258.451965
366.059692
210.000000
0.900000
GRASS_SPROUT
259.404907
366.247131
285.000000
1.150000
GRASS_SPROUT
260.326172
367.022461
180.000000
1.150000
GRASS_SPROUT
260.637177
364.335388
165.000000
0.750000
GRASS_SPROUT
258.791626
367.218536
165.000000
0.750000
GRASS_SPROUT
258.147003
367.665802
75.000000
1.050000
GRASS_SPROUT
259.540619
367.862183
180.000000
1.250000
GRASS_SPROUT
259.949921
364.526337
105.000000
0.950000
GRASS_SPROUT
259.852966
365.322174
135.000000
1.000000