TILE
47
61
FIELD_GRASS
0
PINE TREE 1
283.846954
366.886475
240.000000
1.050000
PINE TREE 1
282.572784
367.472717
60.000000
0.800000
PINE TREE 1
281.446930
367.867584
345.000000
0.850000
PINE TREE 1
284.722534
368.256958
150.000000
1.200000
PINE TREE 1
279.784637
367.418518
270.000000
0.900000
PINE TREE 1
282.671326
368.816650
105.000000
1.100000
PINE TREE 1
281.013489
366.256348
300.000000
1.150000
PINE TREE 1
280.453644
368.597443
75.000000
0.850000
PINE TREE 1
282.627563
365.612000
150.000000
1.150000
PINE TREE 1
283.901978
364.683563
210.000000
0.950000
PINE TREE 1
282.866608
363.259460
150.000000
1.100000
PINE TREE 1
281.522186
363.715729
195.000000
0.800000
PINE TREE 1
280.429871
364.112274
195.000000
0.850000
PINE TREE 1
279.842590
365.380737
315.000000
0.850000
PINE TREE 1
284.908325
363.691650
240.000000
0.750000