TILE
24
36
FIELD_GRASS
0
PINE TREE 1
141.209106
215.104401
180.000000
0.900000
PINE TREE 1
141.735458
216.551620
45.000000
0.800000
PINE TREE 1
141.962357
217.930084
30.000000
0.750000
GRASS_SPROUT
144.089600
218.367493
45.000000
0.900000
GRASS_SPROUT
144.090546
217.393982
285.000000
0.750000
GRASS_SPROUT
144.126907
216.511108
150.000000
0.950000
GRASS_SPROUT
144.323456
215.325134
75.000000
1.200000
GRASS_SPROUT
144.610962
214.498062
315.000000
0.850000
GRASS_SPROUT
144.868362
213.505829
0.000000
1.050000
GRASS_SPROUT
143.820328
213.927338
285.000000
1.150000
GRASS_SPROUT
143.149826
214.651917
285.000000
1.250000
GRASS_SPROUT
142.842972
215.960464
330.000000
1.200000
GRASS_SPROUT
142.374100
213.569092
180.000000
1.050000
GRASS_SPROUT
141.438461
213.866501
225.000000
1.000000
GRASS_SPROUT
142.068253
215.651611
300.000000
0.800000
GRASS_SPROUT
143.001480
217.542007
330.000000
1.000000
GRASS_SPROUT
143.005859
218.960556
270.000000
0.950000
GRASS_SPROUT
145.767303
213.429504
120.000000
1.200000