TILE
28
31
FIELD_GRASS
0
PINE TREE 1
165.685699
183.426544
270.000000
1.150000
PINE TREE 1
167.349487
183.676880
15.000000
0.900000
PINE TREE 1
168.690598
183.341827
150.000000
1.000000
PINE TREE 1
170.820709
185.760544
300.000000
1.050000
PINE TREE 1
168.916168
186.013687
330.000000
1.000000
PINE TREE 1
167.298859
186.003357
255.000000
1.100000
PINE TREE 1
165.510483
185.375885
15.000000
1.100000
PINE TREE 1
169.506271
184.654739
45.000000
0.950000
GRASS_SPROUT
166.187744
186.724426
60.000000
1.250000
GRASS_SPROUT
165.952057
187.672699
0.000000
0.950000
GRASS_SPROUT
165.095749
186.846283
45.000000
0.800000
GRASS_SPROUT
170.998032
186.918167
30.000000
0.900000
GRASS_SPROUT
170.219345
187.588425
285.000000
1.200000
GRASS_SPROUT
169.240341
188.478577
345.000000
1.100000
GRASS_SPROUT
165.925186
188.603729
345.000000
1.150000
GRASS_SPROUT
168.268402
187.951950
240.000000
1.050000
GRASS_SPROUT
167.529846
188.643433
45.000000
1.100000
GRASS_SPROUT
166.664261
187.910156
255.000000
0.750000
GRASS_SPROUT
167.442444
187.670303
135.000000
0.800000
GRASS_SPROUT
168.869888
187.142899
60.000000
0.900000
GRASS_SPROUT
170.817032
188.309769
60.000000
0.800000
GRASS_SPROUT
170.868759
184.158554
105.000000
1.200000
GRASS_SPROUT
167.411621
184.810165
15.000000
0.800000