TILE
28
32
FIELD_GRASS
0
GRASS_SPROUT
165.753021
194.470337
240.000000
0.850000
GRASS_SPROUT
166.648438
194.470337
90.000000
1.100000
GRASS_SPROUT
167.601730
194.470337
45.000000
1.000000
GRASS_SPROUT
168.646622
194.470337
345.000000
1.200000
GRASS_SPROUT
169.494308
194.470337
45.000000
0.850000
GRASS_SPROUT
170.583038
194.470337
60.000000
0.750000
GRASS_SPROUT
168.340118
189.094391
345.000000
1.050000
GRASS_SPROUT
167.415619
189.590027
90.000000
1.100000
GRASS_SPROUT
166.608673
190.022644
0.000000
0.850000
GRASS_SPROUT
167.987732
190.644531
270.000000
0.950000
GRASS_SPROUT
169.495255
190.944382
105.000000
1.200000
GRASS_SPROUT
168.338257
191.628113
180.000000
1.100000
GRASS_SPROUT
167.449142
191.909912
75.000000
1.050000
GRASS_SPROUT
166.417557
192.219772
255.000000
1.000000
GRASS_SPROUT
165.267548
192.531189
180.000000
0.950000
GRASS_SPROUT
166.029129
192.951492
165.000000
1.000000
GRASS_SPROUT
166.852203
193.504395
285.000000
1.200000
GRASS_SPROUT
167.656296
193.398270
345.000000
0.750000
GRASS_SPROUT
168.881241
193.318359
75.000000
1.100000
GRASS_SPROUT
169.938797
193.128311
30.000000
1.100000
GRASS_SPROUT
170.848633
193.101318
60.000000
0.950000
GRASS_SPROUT
169.748718
191.944122
315.000000
0.950000
GRASS_SPROUT
166.020660
190.350586
135.000000
0.800000
GRASS_SPROUT
165.758011
191.446609
270.000000
1.050000
GRASS_SPROUT
166.890198
191.092117
330.000000
1.050000
GRASS_SPROUT
166.165009
189.450867
45.000000
0.750000
GRASS_SPROUT
170.741486
191.277222
300.000000
1.000000
GRASS_SPROUT
169.751968
189.951492
270.000000
1.250000
GRASS_SPROUT
168.855042
192.333710
195.000000
1.050000
GRASS_SPROUT
170.644745
192.134064
255.000000
1.000000
GRASS_SPROUT
168.723434
190.063568
195.000000
1.150000