TILE
23
38
FIELD_GRASS
0
PINE TREE 1
138.032806
225.220215
255.000000
1.000000
PINE TREE 1
137.054611
226.278061
300.000000
0.900000
PINE TREE 1
136.088638
227.368896
135.000000
1.000000
PINE TREE 1
135.855377
228.776291
195.000000
0.850000
PINE TREE 1
136.360229
230.286255
255.000000
1.000000
PINE TREE 1
135.641190
225.667923
180.000000
1.100000
GRASS_SPROUT
140.580505
228.141785
255.000000
1.150000
GRASS_SPROUT
139.995407
228.805466
0.000000
0.900000
GRASS_SPROUT
139.117737
229.065933
225.000000
0.950000
GRASS_SPROUT
138.142380
229.407318
15.000000
1.200000
GRASS_SPROUT
138.215622
227.604309
0.000000
0.900000
GRASS_SPROUT
138.375931
226.586029
270.000000
0.850000
GRASS_SPROUT
139.468506
225.523407
255.000000
1.250000
GRASS_SPROUT
137.512482
227.329330
75.000000
0.950000
GRASS_SPROUT
136.944199
228.307785
255.000000
1.100000
GRASS_SPROUT
139.389496
226.387421
210.000000
0.900000
GRASS_SPROUT
140.233948
225.032288
165.000000
0.850000
GRASS_SPROUT
140.172791
226.019928
15.000000
0.800000
GRASS_SPROUT
139.237030
227.400497
300.000000
1.000000
GRASS_SPROUT
138.866943
228.109680
75.000000
0.800000
GRASS_SPROUT
137.739700
230.427475
300.000000
1.100000
GRASS_SPROUT
139.247894
230.142014
120.000000
1.050000
GRASS_SPROUT
140.476151
230.454666
120.000000
1.150000
GRASS_SPROUT
140.965378
229.738037
225.000000
0.950000
GRASS_SPROUT
138.278732
228.484085
180.000000
0.800000
GRASS_SPROUT
137.178925
229.052414
330.000000
0.750000