TILE
28
37
FIELD_GRASS
16
GRASS_SPROUT
170.177322
222.159286
135.000000
1.000000
GRASS_SPROUT
170.810410
221.126068
150.000000
1.200000
GRASS_SPROUT
170.054840
220.565033
270.000000
0.900000
GRASS_SPROUT
169.237732
220.774658
210.000000
0.950000
GRASS_SPROUT
168.360367
221.022003
240.000000
1.250000
GRASS_SPROUT
167.499908
221.304993
75.000000
0.750000
GRASS_SPROUT
166.744110
221.853592
60.000000
0.800000
GRASS_SPROUT
166.137177
222.563171
300.000000
1.200000
GRASS_SPROUT
165.536591
223.304108
180.000000
0.900000
GRASS_SPROUT
165.135147
224.035583
165.000000
1.050000
GRASS_SPROUT
168.394012
221.956573
165.000000
1.000000
GRASS_SPROUT
167.633743
222.355209
15.000000
0.800000
GRASS_SPROUT
167.109863
222.897461
15.000000
0.750000
GRASS_SPROUT
166.876221
223.509140
75.000000
0.800000
GRASS_SPROUT
166.580475
224.405701
195.000000
1.150000
GRASS_SPROUT
167.625000
223.777252
210.000000
0.950000
GRASS_SPROUT
169.243866
222.331161
240.000000
1.250000
GRASS_SPROUT
169.570160
223.227249
105.000000
0.950000
GRASS_SPROUT
168.854172
224.171249
180.000000
1.200000
GRASS_SPROUT
169.780197
224.276321
315.000000
0.950000
GRASS_SPROUT
170.409180
224.863739
345.000000
1.000000
GRASS_SPROUT
170.388763
223.721008
150.000000
0.850000