TILE
24
39
FIELD_GRASS
0
PINE TREE 1
141.699295
233.523758
285.000000
0.850000
PINE TREE 1
142.963654
233.259033
30.000000
0.900000
PINE TREE 1
144.158157
232.677872
75.000000
0.850000
PINE TREE 1
145.267548
231.621277
135.000000
1.200000
PINE TREE 1
145.814087
233.571640
150.000000
1.150000
PINE TREE 1
145.503448
235.234879
120.000000
0.750000
PINE TREE 1
144.584976
236.199677
225.000000
1.150000
PINE TREE 1
142.762344
236.857101
60.000000
0.750000
PINE TREE 1
144.251999
234.411758
255.000000
1.250000
PINE TREE 1
142.759964
234.920029
45.000000
0.900000
PINE TREE 1
141.256607
235.215378
120.000000
1.250000
GRASS_SPROUT
141.123718
231.131531
90.000000
1.050000
GRASS_SPROUT
142.236038
231.194046
165.000000
0.850000
GRASS_SPROUT
143.216354
231.256226
30.000000
0.750000
GRASS_SPROUT
142.188629
232.208466
315.000000
0.800000
GRASS_SPROUT
141.492538
232.208466
240.000000
0.900000
GRASS_SPROUT
146.519974
235.252792
270.000000
0.950000
GRASS_SPROUT
146.985077
234.501511
150.000000
1.250000
GRASS_SPROUT
146.191467
236.041245
225.000000
0.750000