TILE
61
30
FIELD_GRASS
0
GRASS_SPROUT
364.152222
181.789734
210.000000
1.100000
GRASS_SPROUT
363.171539
181.710678
60.000000
1.250000
GRASS_SPROUT
364.340332
182.560516
180.000000
0.850000
GRASS_SPROUT
364.285797
177.639267
315.000000
1.250000
GRASS_SPROUT
365.188843
177.713348
240.000000
0.800000
GRASS_SPROUT
366.120972
177.723312
150.000000
0.950000
GRASS_SPROUT
367.458832
177.920776
60.000000
0.750000
GRASS_SPROUT
366.791290
178.354980
165.000000
1.000000
GRASS_SPROUT
365.231506
178.662064
60.000000
1.250000
GRASS_SPROUT
364.142883
178.856873
105.000000
0.800000
GRASS_SPROUT
365.299988
182.279907
240.000000
1.200000
GRASS_SPROUT
366.166626
182.626541
0.000000
1.000000
GRASS_SPROUT
368.545593
182.752426
150.000000
1.050000
GRASS_SPROUT
367.684509
182.540588
270.000000
0.900000
GRASS_SPROUT
363.794983
180.840027
210.000000
1.150000
GRASS_SPROUT
367.242767
181.416824
180.000000
0.850000
GRASS_SPROUT
366.321014
180.347534
300.000000
0.950000
GRASS_SPROUT
365.313782
179.658844
195.000000
0.900000
GRASS_SPROUT
363.450836
179.250290
135.000000
0.750000
GRASS_SPROUT
364.058014
179.629471
135.000000
0.950000
GRASS_SPROUT
364.881500
180.969513
165.000000
1.050000
GRASS_SPROUT
366.170990
181.724976
165.000000
1.050000
GRASS_SPROUT
368.042572
181.434937
90.000000
1.050000
GRASS_SPROUT
367.901062
179.267059
315.000000
1.150000
GRASS_SPROUT
368.100922
180.055908
300.000000
0.800000
GRASS_SPROUT
368.736847
180.272690
120.000000
0.800000
GRASS_SPROUT
366.951721
179.150391
75.000000
0.800000
GRASS_SPROUT
368.425476
178.673141
180.000000
0.800000
GRASS_SPROUT
368.972656
179.189392
120.000000
0.950000
GRASS_SPROUT
366.185638
178.953598
285.000000
0.800000
GRASS_SPROUT
368.381622
177.621521
105.000000
1.150000
GRASS_SPROUT
367.316010
180.481979
135.000000
1.050000