TILE
63
31
FIELD_GRASS
0
GRASS_SPROUT
380.394897
183.611053
315.000000
1.100000
GRASS_SPROUT
375.723145
185.313995
330.000000
1.200000
GRASS_SPROUT
375.080566
183.945389
15.000000
0.800000
GRASS_SPROUT
378.156525
183.780518
195.000000
1.250000
GRASS_SPROUT
378.875488
185.114670
330.000000
0.850000
GRASS_SPROUT
379.488983
186.065338
15.000000
0.900000
GRASS_SPROUT
379.982635
186.734940
150.000000
1.050000
GRASS_SPROUT
377.146027
184.287888
195.000000
1.250000
GRASS_SPROUT
375.977478
183.175827
15.000000
0.900000
GRASS_SPROUT
377.381348
183.354279
15.000000
0.900000
GRASS_SPROUT
379.309753
184.392761
195.000000
1.100000
GRASS_SPROUT
379.949371
185.129715
75.000000
0.900000
GRASS_SPROUT
380.570435
185.719528
225.000000
0.800000
GRASS_SPROUT
375.361267
188.198730
285.000000
1.050000
GRASS_SPROUT
375.669952
187.063629
180.000000
1.150000
GRASS_SPROUT
376.556702
187.623749
195.000000
1.200000
GRASS_SPROUT
377.510956
188.347885
285.000000
1.150000
GRASS_SPROUT
378.806488
188.166061
180.000000
0.950000
GRASS_SPROUT
378.201172
187.555939
210.000000
0.750000
GRASS_SPROUT
377.537628
186.920670
255.000000
0.950000
GRASS_SPROUT
376.801605
185.969925
120.000000
1.200000
GRASS_SPROUT
376.582275
185.150589
285.000000
0.850000
GRASS_SPROUT
377.810333
185.710556
45.000000
0.850000
GRASS_SPROUT
380.026245
187.693695
300.000000
1.250000
GRASS_SPROUT
378.630646
185.964066
15.000000
1.000000
GRASS_SPROUT
378.647247
186.914169
225.000000
1.000000
GRASS_SPROUT
376.571533
188.746017
165.000000
1.250000
GRASS_SPROUT
375.010406
185.923889
105.000000
0.800000