TILE
65
24
FIELD_GRASS
0
GRASS_SPROUT
387.934814
142.339615
330.000000
0.950000
GRASS_SPROUT
388.922882
142.346008
120.000000
0.850000
GRASS_SPROUT
389.812622
142.350128
300.000000
0.850000
GRASS_SPROUT
390.792175
142.353363
120.000000
0.750000
GRASS_SPROUT
391.776855
142.355743
90.000000
1.050000
GRASS_SPROUT
392.873779
142.357681
315.000000
0.750000
GRASS_SPROUT
387.210419
141.547073
30.000000
1.200000
GRASS_SPROUT
388.129852
141.547073
75.000000
1.050000
GRASS_SPROUT
389.076202
141.547073
120.000000
0.750000
GRASS_SPROUT
390.585175
141.547073
195.000000
1.250000
GRASS_SPROUT
391.524719
141.547073
255.000000
1.000000
GRASS_SPROUT
392.474945
141.547073
255.000000
1.050000
GRASS_SPROUT
387.684326
143.463120
195.000000
0.900000
GRASS_SPROUT
388.488159
143.495346
45.000000
0.750000
GRASS_SPROUT
389.425049
143.398407
15.000000
1.150000
GRASS_SPROUT
390.443665
143.202179
0.000000
1.150000
GRASS_SPROUT
391.270111
142.901764
30.000000
0.750000