TILE
60
22
FIELD_GRASS
0
PINE TREE 1
362.117493
134.323196
270.000000
1.000000
PINE TREE 1
360.188812
134.602554
105.000000
1.200000
PINE TREE 1
357.070526
134.650360
15.000000
0.950000
PINE TREE 1
357.666199
133.417969
165.000000
0.950000
PINE TREE 1
362.620880
131.082199
315.000000
0.800000
PINE TREE 1
360.742401
131.082199
105.000000
1.250000
PINE TREE 1
358.953461
131.082199
270.000000
1.250000
PINE TREE 1
361.282501
133.084396
120.000000
1.050000
PINE TREE 1
359.916626
133.084396
105.000000
0.800000
PINE TREE 1
357.780151
132.204391
45.000000
0.750000
PINE TREE 1
358.795654
129.166443
75.000000
0.850000
PINE TREE 1
362.564911
129.695221
45.000000
1.100000