TILE
69
22
FIELD_GRASS
0
GRASS_SPROUT
411.123199
131.975174
315.000000
0.800000
GRASS_SPROUT
411.990540
132.169373
105.000000
1.200000
GRASS_SPROUT
412.978241
132.019287
330.000000
0.750000
GRASS_SPROUT
413.728149
131.867249
225.000000
1.050000
GRASS_SPROUT
414.622864
131.557159
345.000000
1.000000
GRASS_SPROUT
415.679840
131.141541
300.000000
0.850000
GRASS_SPROUT
416.633789
130.778336
60.000000
1.150000
GRASS_SPROUT
411.164673
129.082031
105.000000
1.200000
GRASS_SPROUT
411.955200
130.926392
45.000000
1.150000
GRASS_SPROUT
413.538452
130.926392
45.000000
1.250000
GRASS_SPROUT
414.875854
130.860260
270.000000
0.800000
GRASS_SPROUT
413.866516
129.928452
165.000000
1.000000
GRASS_SPROUT
414.997742
129.630249
90.000000
0.850000
GRASS_SPROUT
415.757721
129.326172
150.000000
0.800000
GRASS_SPROUT
412.761322
130.116501
315.000000
0.950000
GRASS_SPROUT
413.634521
129.055878
195.000000
0.950000