TILE
69
28
FIELD_GRASS
0
GRASS_SPROUT
416.554504
165.245041
180.000000
1.250000
GRASS_SPROUT
416.642517
166.561874
315.000000
1.150000
GRASS_SPROUT
416.515533
167.798218
300.000000
1.250000
GRASS_SPROUT
416.288361
169.201492
0.000000
0.750000
GRASS_SPROUT
416.148499
170.208633
255.000000
1.050000
GRASS_SPROUT
411.015564
166.308807
0.000000
1.100000
GRASS_SPROUT
411.690399
165.349945
270.000000
1.250000
GRASS_SPROUT
412.105652
166.529434
165.000000
0.950000
GRASS_SPROUT
412.199829
167.366592
60.000000
1.050000
GRASS_SPROUT
412.715454
165.226074
285.000000
1.100000
GRASS_SPROUT
414.079163
165.714874
15.000000
1.100000
GRASS_SPROUT
414.392853
166.566986
75.000000
1.050000
GRASS_SPROUT
414.028290
167.260468
210.000000
0.900000
GRASS_SPROUT
413.620728
167.884109
45.000000
0.850000
GRASS_SPROUT
415.229065
167.160950
225.000000
1.150000
GRASS_SPROUT
415.854828
166.694626
15.000000
0.800000
GRASS_SPROUT
415.626373
165.888077
270.000000
1.250000
GRASS_SPROUT
413.181702
166.001892
30.000000
1.050000
GRASS_SPROUT
412.618652
168.146194
255.000000
1.100000
GRASS_SPROUT
414.788605
168.454117
150.000000
1.200000
GRASS_SPROUT
414.695465
169.664520
270.000000
1.150000
GRASS_SPROUT
414.243591
170.826492
45.000000
1.100000
GRASS_SPROUT
413.716095
168.824661
45.000000
1.200000
GRASS_SPROUT
412.193390
170.093933
270.000000
0.950000
GRASS_SPROUT
411.002106
167.842545
90.000000
1.100000
GRASS_SPROUT
411.713959
168.412003
210.000000
0.950000
GRASS_SPROUT
411.707489
169.315964
240.000000
0.950000
GRASS_SPROUT
413.162537
170.030991
270.000000
1.250000