TILE
61
23
FIELD_GRASS
0
PINE TREE 1
368.654236
138.074982
225.000000
0.950000
PINE TREE 1
366.706665
138.161697
0.000000
1.200000
PINE TREE 1
364.938446
138.657043
30.000000
1.150000
PINE TREE 1
363.277252
139.620132
30.000000
1.150000
PINE TREE 1
363.047821
135.773880
150.000000
1.050000
PINE TREE 1
367.067200
135.829330
60.000000
1.000000
PINE TREE 1
365.623230
136.585892
345.000000
0.900000
PINE TREE 1
368.728638
136.241928
90.000000
1.150000
PINE TREE 1
363.769745
137.145172
150.000000
0.750000
PINE TREE 1
364.969391
135.423996
210.000000
0.800000