TILE
94
87
FIELD_GRASS
0
GRASS_SPROUT
566.858704
523.256287
150.000000
0.850000
GRASS_SPROUT
566.448120
522.464539
135.000000
1.050000
GRASS_SPROUT
565.638794
521.769287
60.000000
1.100000
GRASS_SPROUT
564.818481
521.237488
75.000000
1.000000
GRASS_SPROUT
563.997803
521.089111
75.000000
0.900000
GRASS_SPROUT
562.749084
521.039307
75.000000
1.150000
GRASS_SPROUT
561.737549
520.635010
30.000000
0.800000
GRASS_SPROUT
563.417725
519.395325
15.000000
1.050000
GRASS_SPROUT
562.288025
519.556580
180.000000
0.850000
GRASS_SPROUT
561.667358
519.774048
105.000000
0.750000
GRASS_SPROUT
563.426147
520.286621
300.000000
1.100000
GRASS_SPROUT
564.735962
520.177734
45.000000
0.950000
GRASS_SPROUT
565.774048
520.192505
0.000000
1.100000
GRASS_SPROUT
566.734680
520.321838
15.000000
0.800000
GRASS_SPROUT
566.283630
519.186768
30.000000
1.150000