TILE
51
62
FIELD_GRASS
0
PINE TREE 1
308.954224
373.665283
225.000000
1.000000
PINE TREE 1
307.322052
373.792328
0.000000
0.950000
PINE TREE 1
305.906219
374.073242
90.000000
0.950000
PINE TREE 1
304.123352
374.377716
75.000000
1.100000
PINE TREE 1
304.910065
372.873749
285.000000
1.250000
PINE TREE 1
306.616058
372.387390
60.000000
0.900000
PINE TREE 1
308.032837
372.351929
15.000000
0.900000
GRASS_SPROUT
307.189270
371.415405
105.000000
1.200000
GRASS_SPROUT
306.038239
371.496857
330.000000
1.000000
GRASS_SPROUT
303.614502
372.299805
45.000000
1.200000
GRASS_SPROUT
303.635132
371.339233
285.000000
0.800000
GRASS_SPROUT
304.424316
371.123108
150.000000
1.050000
GRASS_SPROUT
305.205627
370.909119
105.000000
0.800000
GRASS_SPROUT
303.408264
370.327759
150.000000
1.250000
GRASS_SPROUT
305.952759
370.549377
15.000000
0.800000
GRASS_SPROUT
306.877747
370.549347
135.000000
0.950000
GRASS_SPROUT
307.740204
370.612061
255.000000
1.150000
GRASS_SPROUT
305.731537
369.837402
210.000000
1.050000
GRASS_SPROUT
304.619812
369.837402
165.000000
1.100000
GRASS_SPROUT
307.182343
369.751038
0.000000
1.100000
GRASS_SPROUT
308.252563
369.833069
240.000000
1.150000
GRASS_SPROUT
303.163849
369.194214
255.000000
0.800000
GRASS_SPROUT
303.837006
369.194214
195.000000
0.850000