TILE
87
19
FIELD_GRASS
0
GRASS_SPROUT
520.744812
111.763016
45.000000
1.200000
GRASS_SPROUT
520.999878
112.557472
225.000000
0.750000
GRASS_SPROUT
521.095642
113.412460
15.000000
1.000000
GRASS_SPROUT
521.286377
114.215126
300.000000
0.950000
GRASS_SPROUT
519.326843
116.270302
45.000000
1.100000
GRASS_SPROUT
519.084656
114.876961
90.000000
0.800000
GRASS_SPROUT
522.000122
111.794708
210.000000
1.250000
GRASS_SPROUT
522.638855
112.679504
90.000000
0.900000
GRASS_SPROUT
523.221375
113.183800
180.000000
0.900000
GRASS_SPROUT
520.190125
113.083290
120.000000
1.250000
GRASS_SPROUT
520.439514
114.374924
225.000000
1.200000
GRASS_SPROUT
520.077515
115.420601
0.000000
0.800000
GRASS_SPROUT
520.529724
116.055748
0.000000
0.750000
GRASS_SPROUT
520.854004
116.688988
255.000000
0.950000
GRASS_SPROUT
521.994385
113.593590
150.000000
0.750000
GRASS_SPROUT
521.112854
115.516190
150.000000
0.850000
GRASS_SPROUT
521.804810
115.925606
30.000000
1.150000
GRASS_SPROUT
523.197998
116.641808
75.000000
0.850000
GRASS_SPROUT
523.920776
115.861259
105.000000
1.250000
GRASS_SPROUT
524.777283
115.061073
165.000000
0.900000
GRASS_SPROUT
522.839172
115.731491
165.000000
1.150000
GRASS_SPROUT
523.558777
114.957275
90.000000
1.100000
GRASS_SPROUT
524.441772
114.388824
15.000000
0.900000
GRASS_SPROUT
524.412476
112.294495
345.000000
0.800000
GRASS_SPROUT
523.727539
111.805931
300.000000
1.100000
GRASS_SPROUT
522.187500
114.319305
210.000000
1.000000
GRASS_SPROUT
523.722778
114.104782
30.000000
0.950000
GRASS_SPROUT
522.967468
114.258415
90.000000
0.750000
GRASS_SPROUT
519.063110
114.181747
240.000000
0.750000
GRASS_SPROUT
524.356567
113.422836
0.000000
1.250000