TILE
84
13
FIELD_GRASS
0
GRASS_SPROUT
501.298798
75.981834
45.000000
1.250000
GRASS_SPROUT
502.750977
75.981834
30.000000
1.150000
GRASS_SPROUT
503.737793
75.981834
315.000000
1.100000
GRASS_SPROUT
504.892426
75.981834
75.000000
1.150000
GRASS_SPROUT
506.488007
75.981834
315.000000
1.200000
GRASS_SPROUT
506.423737
75.038658
195.000000
0.900000
GRASS_SPROUT
503.599731
75.115677
90.000000
1.050000
GRASS_SPROUT
501.968597
80.755699
315.000000
0.750000
GRASS_SPROUT
501.412292
80.162750
15.000000
0.900000
GRASS_SPROUT
503.251587
80.666061
300.000000
1.000000
GRASS_SPROUT
502.542725
80.301773
315.000000
0.800000