TILE
86
15
FIELD_GRASS
0
GRASS_SPROUT
518.968506
90.745743
90.000000
0.950000
GRASS_SPROUT
518.369263
91.321320
0.000000
1.100000
GRASS_SPROUT
517.770020
91.895485
270.000000
0.850000
GRASS_SPROUT
517.258972
92.491562
345.000000
1.000000
GRASS_SPROUT
518.117371
90.321136
285.000000
1.250000
GRASS_SPROUT
518.338989
89.347290
285.000000
0.750000
GRASS_SPROUT
518.801758
87.218163
270.000000
1.050000
GRASS_SPROUT
516.505432
91.906693
45.000000
1.050000
GRASS_SPROUT
516.534363
92.743217
300.000000
0.850000
GRASS_SPROUT
516.394409
90.881165
75.000000
1.150000
GRASS_SPROUT
516.730286
89.847244
165.000000
0.800000
GRASS_SPROUT
517.122925
88.877487
150.000000
1.200000
GRASS_SPROUT
517.529724
88.079605
270.000000
0.850000
GRASS_SPROUT
518.269714
88.682442
0.000000
0.750000