TILE
86
16
FIELD_GRASS
0
GRASS_SPROUT
517.094177
93.270180
270.000000
0.950000
GRASS_SPROUT
516.614075
93.938461
15.000000
1.050000
GRASS_SPROUT
516.561829
94.720352
150.000000
0.850000
GRASS_SPROUT
513.734253
97.376549
315.000000
1.250000
GRASS_SPROUT
514.716187
96.851089
345.000000
1.200000
GRASS_SPROUT
515.555969
96.241379
75.000000
0.800000
GRASS_SPROUT
516.192566
95.751358
30.000000
0.950000
GRASS_SPROUT
516.028809
96.992737
330.000000
1.150000
GRASS_SPROUT
515.629395
97.788475
270.000000
0.950000
GRASS_SPROUT
515.253296
98.537788
285.000000
0.750000