TILE
84
11
FIELD_GRASS
0
GRASS_SPROUT
506.247192
67.078659
270.000000
0.950000
GRASS_SPROUT
505.316467
66.992485
90.000000
1.250000
GRASS_SPROUT
504.442169
66.723831
225.000000
0.900000
GRASS_SPROUT
503.660553
66.353668
90.000000
1.000000
GRASS_SPROUT
502.895081
65.889427
0.000000
1.050000
GRASS_SPROUT
502.256561
65.274231
135.000000
0.850000
GRASS_SPROUT
501.798706
64.540504
180.000000
1.000000
GRASS_SPROUT
501.348267
63.329430
240.000000
1.050000
GRASS_SPROUT
501.136169
68.007507
0.000000
1.200000
GRASS_SPROUT
502.059662
67.840782
45.000000
0.900000
GRASS_SPROUT
501.597748
66.613861
30.000000
1.000000
GRASS_SPROUT
502.918091
68.007439
165.000000
1.100000
GRASS_SPROUT
503.956757
68.136169
30.000000
0.950000
GRASS_SPROUT
504.945129
68.295166
240.000000
1.000000
GRASS_SPROUT
505.906006
68.389549
75.000000
0.850000
GRASS_SPROUT
502.575226
68.875046
120.000000
0.850000
GRASS_SPROUT
504.296265
68.835205
330.000000
0.950000
GRASS_SPROUT
502.610413
67.173737
105.000000
1.100000
GRASS_SPROUT
506.988312
68.358284
315.000000
1.200000