TILE
45
40
FIELD_GRASS
4
GRASS_SPROUT
267.573212
237.568817
15.000000
0.900000
GRASS_SPROUT
268.363983
237.722794
45.000000
0.900000
GRASS_SPROUT
269.045074
238.076096
120.000000
0.850000
GRASS_SPROUT
269.563751
238.566757
225.000000
0.800000
GRASS_SPROUT
270.110168
239.134705
165.000000
0.900000
GRASS_SPROUT
270.488861
239.770248
255.000000
0.800000
GRASS_SPROUT
270.712555
240.589294
165.000000
1.200000
GRASS_SPROUT
270.686829
241.636032
315.000000
1.250000
GRASS_SPROUT
270.523376
242.533737
195.000000
0.900000
GRASS_SPROUT
269.814087
237.871567
330.000000
1.000000
GRASS_SPROUT
270.560730
237.871567
90.000000
0.800000
GRASS_SPROUT
271.236298
237.871567
105.000000
0.750000
GRASS_SPROUT
272.148499
237.792496
255.000000
1.250000
GRASS_SPROUT
272.539948
239.687439
240.000000
1.100000
GRASS_SPROUT
271.591736
239.340103
225.000000
1.200000
GRASS_SPROUT
272.313110
241.200684
300.000000
1.150000
GRASS_SPROUT
271.779266
240.541901
285.000000
0.900000
GRASS_SPROUT
272.771698
242.099487
120.000000
1.100000
GRASS_SPROUT
272.040497
242.556824
270.000000
0.800000
GRASS_SPROUT
268.199188
238.550797
165.000000
1.050000
GRASS_SPROUT
267.861023
239.378418
135.000000
0.750000
GRASS_SPROUT
267.448212
240.017944
165.000000
0.850000