TILE
46
49
FIELD_GRASS
0
PINE TREE 1
278.227020
293.774414
330.000000
1.150000
PINE TREE 1
276.001068
294.060577
240.000000
1.250000
PINE TREE 1
274.421265
294.204529
210.000000
0.750000
PINE TREE 1
273.282104
294.283203
210.000000
0.800000
PINE TREE 1
278.872803
296.341644
255.000000
1.050000
PINE TREE 1
276.183319
295.814453
255.000000
1.050000
PINE TREE 1
277.752655
295.379822
255.000000
1.000000
PINE TREE 1
277.339661
296.725311
180.000000
0.800000
PINE TREE 1
273.984070
295.987030
0.000000
1.000000
PINE TREE 1
274.921783
295.148743
210.000000
0.750000