TILE
49
10
FIELD_GRASS
0
PINE TREE 1
292.454163
57.063072
315.000000
0.950000
PINE TREE 1
291.103729
62.803005
105.000000
1.100000
PINE TREE 1
294.652557
57.627781
135.000000
0.800000
PINE TREE 1
293.537689
58.646568
120.000000
1.200000
PINE TREE 1
292.864258
60.159359
60.000000
1.150000
PINE TREE 1
292.717041
61.852371
330.000000
1.150000
PINE TREE 1
294.674957
62.043621
150.000000
1.100000
PINE TREE 1
295.118835
60.360214
45.000000
1.100000
PINE TREE 1
295.432892
58.850048
180.000000
0.850000
PINE TREE 1
296.850464
58.495544
135.000000
0.850000
PINE TREE 1
295.953186
61.469532
105.000000
0.850000
PINE TREE 1
295.675262
62.945724
45.000000
0.750000
GRASS_SPROUT
296.889374
61.948059
75.000000
1.050000
GRASS_SPROUT
295.893158
57.804787
120.000000
1.050000