TILE
49
11
FIELD_GRASS
0
PINE TREE 1
291.103912
64.264420
0.000000
0.750000
PINE TREE 1
291.104095
65.711258
150.000000
1.150000
PINE TREE 1
292.659851
63.494820
255.000000
1.050000
PINE TREE 1
292.675964
65.025253
120.000000
1.050000
PINE TREE 1
293.152222
66.268562
180.000000
0.850000
PINE TREE 1
293.346313
67.743675
330.000000
1.150000
PINE TREE 1
291.502716
67.898567
120.000000
0.950000
PINE TREE 1
294.509125
65.758850
270.000000
1.200000
PINE TREE 1
294.509125
63.842182
15.000000
1.150000
PINE TREE 1
296.012146
66.914108
240.000000
0.850000
PINE TREE 1
296.264557
65.389061
255.000000
1.100000
PINE TREE 1
295.020996
68.192802
315.000000
1.100000
GRASS_SPROUT
296.460388
63.540691
0.000000
1.150000