TILE
41
16
FIELD_DIRT
16
GRASS_SPROUT
243.340942
94.041565
285.000000
0.950000
GRASS_SPROUT
244.253769
94.041565
285.000000
0.850000
GRASS_SPROUT
245.081268
94.041565
285.000000
1.150000
GRASS_SPROUT
246.142578
94.041565
285.000000
0.950000
GRASS_SPROUT
246.983505
94.041565
285.000000
1.000000
GRASS_SPROUT
247.725647
94.015083
285.000000
0.800000
GRASS_SPROUT
247.884583
94.754097
285.000000
1.050000
GRASS_SPROUT
247.559418
95.531425
285.000000
1.050000
GRASS_SPROUT
247.739883
96.327263
285.000000
0.850000
GRASS_SPROUT
247.964981
96.952469
285.000000
0.800000
GRASS_SPROUT
248.121780
97.632370
285.000000
0.900000
GRASS_SPROUT
247.246002
97.915802
285.000000
1.000000
GRASS_SPROUT
246.183441
97.915802
285.000000
0.750000
GRASS_SPROUT
245.434921
97.915802
285.000000
1.000000
GRASS_SPROUT
244.568085
97.915802
285.000000
1.000000
GRASS_SPROUT
243.713821
97.915802
285.000000
0.950000
GRASS_SPROUT
243.620575
95.153130
285.000000
0.950000
GRASS_SPROUT
244.607849
95.217400
285.000000
1.150000
GRASS_SPROUT
245.406509
95.502693
285.000000
0.950000
GRASS_SPROUT
244.071335
95.811981
285.000000
0.850000
GRASS_SPROUT
243.237198
95.872871
285.000000
0.800000
GRASS_SPROUT
243.304901
96.749687
285.000000
0.950000
GRASS_SPROUT
244.165375
96.889465
285.000000
1.100000
GRASS_SPROUT
245.073532
97.054909
285.000000
0.800000
GRASS_SPROUT
245.836807
97.082245
285.000000
1.100000
GRASS_SPROUT
246.206909
96.231689
285.000000
0.850000
GRASS_SPROUT
246.674393
97.298531
285.000000
1.050000
GRASS_SPROUT
246.683517
95.533989
285.000000
1.100000
GRASS_SPROUT
248.478378
93.723282
285.000000
1.150000