TILE
48
14
FIELD_GRASS
0
GRASS_SPROUT
285.179108
86.356598
300.000000
0.900000
GRASS_SPROUT
286.096954
85.819160
210.000000
0.850000
GRASS_SPROUT
287.083679
85.288834
330.000000
1.200000
GRASS_SPROUT
288.011230
84.773834
195.000000
0.750000
GRASS_SPROUT
288.709442
84.298683
90.000000
0.850000
GRASS_SPROUT
289.444244
83.933121
105.000000
1.050000
GRASS_SPROUT
288.625916
85.095413
60.000000
0.900000
GRASS_SPROUT
287.031921
86.170433
90.000000
0.900000
GRASS_SPROUT
285.332275
84.822021
300.000000
0.850000
GRASS_SPROUT
285.993286
84.386246
75.000000
0.750000
GRASS_SPROUT
286.634552
83.978630
150.000000
0.750000
GRASS_SPROUT
287.743011
86.688904
150.000000
1.000000
GRASS_SPROUT
288.634857
86.041031
270.000000
0.850000
GRASS_SPROUT
289.369873
85.534065
315.000000
0.950000
GRASS_SPROUT
290.099640
84.963165
165.000000
1.100000
GRASS_SPROUT
290.989532
84.553986
240.000000
1.050000
GRASS_SPROUT
288.750702
83.128212
255.000000
1.250000
GRASS_SPROUT
289.717041
82.203949
120.000000
0.850000
GRASS_SPROUT
290.579590
81.616722
45.000000
0.800000
GRASS_SPROUT
290.654602
83.458267
90.000000
1.150000
GRASS_SPROUT
287.823425
83.642517
30.000000
1.250000
GRASS_SPROUT
288.916382
81.910416
0.000000
1.150000
GRASS_SPROUT
289.342285
81.265244
300.000000
0.750000