TILE
4
69
FIELD_GRASS
0
PINE TREE 1
21.780903
411.791016
30.000000
1.100000
PINE TREE 1
23.294239
411.791016
75.000000
0.950000
PINE TREE 1
24.814936
411.791016
330.000000
0.850000
PINE TREE 1
26.304419
411.791016
45.000000
0.750000
PINE TREE 1
23.431431
416.394135
150.000000
1.250000
PINE TREE 1
21.989645
415.196350
210.000000
1.200000
PINE TREE 1
21.371250
413.378082
120.000000
1.000000
PINE TREE 1
23.072994
413.361542
300.000000
1.200000
PINE TREE 1
24.971600
413.352478
210.000000
1.000000
PINE TREE 1
26.397291
413.348694
15.000000
0.950000
PINE TREE 1
26.703138
415.770844
60.000000
1.000000
PINE TREE 1
25.187136
415.775146
210.000000
1.000000
PINE TREE 1
25.666613
414.485443
225.000000
0.850000