TILE
7
63
FIELD_GRASS
0
PINE TREE 1
42.515476
380.896240
315.000000
0.950000
PINE TREE 1
41.352398
380.090179
90.000000
0.750000
PINE TREE 1
40.228897
379.185760
255.000000
1.100000
PINE TREE 1
39.863750
375.036469
330.000000
1.200000
PINE TREE 1
43.045868
375.014984
120.000000
1.100000
PINE TREE 1
44.546871
375.836853
345.000000
0.850000
PINE TREE 1
44.332523
377.371582
300.000000
1.000000
PINE TREE 1
42.982197
377.213867
345.000000
0.850000
PINE TREE 1
41.563328
377.117096
345.000000
0.750000
PINE TREE 1
43.780506
379.713135
150.000000
1.100000
PINE TREE 1
42.455296
379.139801
75.000000
0.900000
PINE TREE 1
40.259377
376.842377
210.000000
1.150000
PINE TREE 1
42.124763
376.096588
285.000000
0.900000
PINE TREE 1
39.858307
380.928345
120.000000
0.750000