TILE
2
66
FIELD_GRASS
0
GRASS_SPROUT
9.974125
393.332886
90.000000
1.000000
GRASS_SPROUT
9.372488
393.763702
30.000000
0.750000
GRASS_SPROUT
10.604315
398.904663
255.000000
0.950000
GRASS_SPROUT
11.345022
398.602325
105.000000
0.800000
GRASS_SPROUT
12.114491
398.602325
45.000000
1.100000
GRASS_SPROUT
13.287009
398.602325
285.000000
0.750000
GRASS_SPROUT
14.352006
398.644135
150.000000
1.200000
GRASS_SPROUT
13.988711
394.544495
225.000000
1.200000
GRASS_SPROUT
13.304693
395.178955
270.000000
0.950000
GRASS_SPROUT
12.857934
395.747284
60.000000
0.850000
GRASS_SPROUT
13.820256
395.931305
300.000000
0.850000
GRASS_SPROUT
14.638332
396.004181
330.000000
1.150000