TILE
4
60
FIELD_GRASS
0
PINE TREE 1
26.833044
360.183289
30.000000
1.150000
GRASS_SPROUT
26.327921
358.626740
255.000000
0.900000
GRASS_SPROUT
25.586805
358.934113
255.000000
1.000000
GRASS_SPROUT
25.047516
359.414276
285.000000
0.750000
GRASS_SPROUT
24.624659
360.052185
60.000000
1.050000
GRASS_SPROUT
24.240391
360.882874
315.000000
0.950000
GRASS_SPROUT
23.950777
361.620117
255.000000
0.800000
GRASS_SPROUT
23.884676
362.421051
300.000000
1.200000
GRASS_SPROUT
25.039526
362.310364
270.000000
1.000000
GRASS_SPROUT
24.822258
361.533691
120.000000
0.750000
GRASS_SPROUT
25.324385
360.705200
60.000000
1.200000
GRASS_SPROUT
26.162159
361.324310
135.000000
0.850000
GRASS_SPROUT
26.180008
362.256836
45.000000
1.000000