TILE
46
75
FIELD_GRASS
0
PINE TREE 1
277.761383
447.440002
0.000000
0.850000
PINE TREE 1
277.306091
449.214478
15.000000
1.200000
PINE TREE 1
277.003754
450.869080
120.000000
1.150000
PINE TREE 1
276.644531
452.926239
240.000000
1.250000
PINE TREE 1
274.298309
451.983582
15.000000
1.000000
PINE TREE 1
274.690613
450.306030
135.000000
0.750000
PINE TREE 1
274.732727
448.463806
315.000000
1.250000
PINE TREE 1
273.031921
448.277496
15.000000
1.000000
PINE TREE 1
278.958649
448.843628
195.000000
1.150000