TILE
40
79
FIELD_GRASS
0
PINE TREE 1
242.428604
475.810760
165.000000
1.200000
PINE TREE 1
241.835495
473.057831
0.000000
0.900000
PINE TREE 1
240.203735
473.046570
120.000000
1.100000
PINE TREE 1
238.684586
473.113800
330.000000
1.000000
PINE TREE 1
240.707657
474.320587
60.000000
0.800000
PINE TREE 1
237.332901
472.321106
330.000000
1.200000
PINE TREE 1
238.669846
471.382202
45.000000
1.100000
PINE TREE 1
240.441528
471.412598
90.000000
1.050000
PINE TREE 1
242.101700
471.409729
45.000000
1.100000