TILE
42
75
FIELD_GRASS
0
PINE TREE 1
249.094376
449.395691
135.000000
0.950000
PINE TREE 1
250.378723
449.109070
300.000000
0.800000
PINE TREE 1
251.595840
448.553741
345.000000
0.950000
PINE TREE 1
252.578690
447.531647
60.000000
1.050000
PINE TREE 1
250.736374
447.620789
195.000000
0.850000
PINE TREE 1
250.647186
450.556793
165.000000
1.150000
GRASS_SPROUT
253.378769
451.181274
120.000000
0.850000
GRASS_SPROUT
254.120407
451.792999
45.000000
0.800000
GRASS_SPROUT
254.687439
452.241486
60.000000
0.750000
GRASS_SPROUT
254.040131
450.882996
105.000000
0.950000
GRASS_SPROUT
254.942459
450.845215
60.000000
1.050000