TILE
42
78
FIELD_GRASS
0
PINE TREE 1
254.739883
467.504364
165.000000
1.200000
PINE TREE 1
253.365845
468.508636
345.000000
0.800000
PINE TREE 1
251.839020
469.271851
195.000000
1.050000
PINE TREE 1
253.007553
470.160095
330.000000
1.000000
PINE TREE 1
251.586426
465.593781
30.000000
1.150000
PINE TREE 1
249.478714
469.863220
345.000000
0.900000
PINE TREE 1
249.684464
468.177521
180.000000
1.150000
PINE TREE 1
251.137573
467.110626
150.000000
1.100000
PINE TREE 1
252.841858
466.806885
30.000000
1.250000
PINE TREE 1
250.655624
469.729828
90.000000
0.750000
PINE TREE 1
249.778992
465.663086
255.000000
1.150000