TILE
41
79
FIELD_GRASS
0
PINE TREE 1
243.527603
474.872986
210.000000
0.850000
PINE TREE 1
245.147369
475.297089
60.000000
0.800000
PINE TREE 1
246.404694
475.612671
105.000000
0.950000
PINE TREE 1
248.085388
475.667786
330.000000
1.250000
PINE TREE 1
248.662674
472.836823
330.000000
1.150000
PINE TREE 1
246.940170
473.131256
45.000000
1.150000
PINE TREE 1
245.223206
473.097626
240.000000
0.850000
PINE TREE 1
243.542480
473.073914
300.000000
1.000000
PINE TREE 1
243.536728
471.408081
255.000000
0.850000
PINE TREE 1
245.044754
471.407013
195.000000
0.850000
PINE TREE 1
246.560364
471.406372
120.000000
0.800000
PINE TREE 1
248.092834
471.405975
15.000000
0.800000