TILE
45
73
FIELD_GRASS
0
GRASS_SPROUT
272.464142
437.021667
300.000000
1.200000
GRASS_SPROUT
271.414856
437.382507
210.000000
1.000000
GRASS_SPROUT
270.307098
437.864044
45.000000
1.100000
GRASS_SPROUT
269.273438
438.617615
165.000000
1.250000
GRASS_SPROUT
268.587006
439.369965
285.000000
0.750000
GRASS_SPROUT
267.845642
440.008514
75.000000
1.250000
GRASS_SPROUT
268.884766
440.032776
285.000000
1.000000
GRASS_SPROUT
269.768677
439.528259
0.000000
0.850000
GRASS_SPROUT
270.562103
439.014771
315.000000
1.100000
GRASS_SPROUT
271.449280
438.456421
315.000000
1.000000
GRASS_SPROUT
272.305023
438.046417
105.000000
1.050000
GRASS_SPROUT
272.743866
438.787964
270.000000
1.050000
GRASS_SPROUT
271.842407
439.174164
345.000000
0.950000
GRASS_SPROUT
268.554230
440.742371
240.000000
0.900000
GRASS_SPROUT
271.822601
440.338257
150.000000
0.750000
GRASS_SPROUT
270.934357
440.461823
210.000000
1.100000
GRASS_SPROUT
272.898834
440.420074
0.000000
1.100000
GRASS_SPROUT
271.908569
440.992249
180.000000
0.800000