TILE
47
77
FIELD_GRASS
0
PINE TREE 1
283.918884
459.830292
240.000000
0.850000
PINE TREE 1
282.734833
460.710663
15.000000
1.000000
PINE TREE 1
282.397156
462.259430
90.000000
1.050000
PINE TREE 1
282.177063
463.505615
60.000000
0.750000
PINE TREE 1
281.992889
464.783173
15.000000
0.750000
PINE TREE 1
279.925812
464.216492
60.000000
1.200000
PINE TREE 1
280.176666
462.373627
75.000000
1.200000
PINE TREE 1
280.649323
460.701630
345.000000
0.800000
PINE TREE 1
281.189880
459.036957
30.000000
1.050000
GRASS_SPROUT
284.880554
460.364502
75.000000
1.150000
GRASS_SPROUT
284.786072
461.654144
0.000000
1.250000
GRASS_SPROUT
284.156372
462.769379
255.000000
1.200000
GRASS_SPROUT
283.837646
461.865051
45.000000
1.050000
GRASS_SPROUT
284.214325
463.714874
315.000000
1.150000
GRASS_SPROUT
283.176880
463.990509
330.000000
1.050000
GRASS_SPROUT
283.065491
464.923218
105.000000
0.950000