TILE
43
72
FIELD_GRASS
0
PINE TREE 2
258.467560
429.067200
315.000000
0.800000
PINE TREE 2
259.808350
429.119995
60.000000
0.950000
PINE TREE 2
260.600250
434.241058
165.000000
0.950000
PINE TREE 2
258.601379
434.296387
0.000000
1.000000
PINE TREE 2
257.121735
434.319855
210.000000
0.800000
PINE TREE 2
255.686142
434.450836
30.000000
0.800000
PINE TREE 2
255.560272
430.901184
45.000000
1.050000
PINE TREE 2
255.177612
432.954620
300.000000
1.200000
PINE TREE 2
257.172668
432.426025
180.000000
1.150000
PINE TREE 2
258.954773
432.311554
30.000000
0.850000
PINE TREE 2
257.345123
430.577271
75.000000
0.950000
PINE TREE 2
258.897491
430.686005
255.000000
1.050000
PINE TREE 2
260.280151
431.609955
105.000000
1.050000
PINE TREE 2
260.765076
430.287903
0.000000
0.750000
GRASS_SPROUT
255.927872
429.612732
120.000000
0.800000
GRASS_SPROUT
256.839081
429.604156
0.000000
0.900000