TILE
45
72
FIELD_GRASS
0
PINE TREE 2
272.663727
434.280182
135.000000
0.750000
PINE TREE 2
271.021149
434.196472
75.000000
1.200000
PINE TREE 2
269.101288
434.195679
300.000000
0.950000
PINE TREE 2
267.454346
434.195221
120.000000
1.050000
PINE TREE 2
272.483978
432.627625
255.000000
1.150000
PINE TREE 2
270.719818
431.906952
315.000000
0.800000
PINE TREE 2
272.699097
430.952240
195.000000
1.050000
PINE TREE 2
268.079712
431.587006
180.000000
1.200000
PINE TREE 2
270.973236
430.656189
75.000000
0.900000
PINE TREE 2
269.039368
430.190735
150.000000
1.000000
PINE TREE 2
271.390472
429.395325
45.000000
0.700000
PINE TREE 2
269.135132
432.915375
240.000000
0.700000