TILE
48
78
FIELD_GRASS
0
PINE TREE 1
290.502197
465.452667
135.000000
0.950000
PINE TREE 1
290.502197
466.802338
75.000000
0.750000
PINE TREE 1
290.502197
468.208191
0.000000
1.200000
GRASS_SPROUT
286.648743
465.055115
165.000000
1.150000
GRASS_SPROUT
287.477692
465.282501
0.000000
0.900000
GRASS_SPROUT
287.701843
466.151062
195.000000
1.150000
GRASS_SPROUT
288.513092
466.648438
30.000000
1.100000
GRASS_SPROUT
289.259430
466.931152
15.000000
0.800000
GRASS_SPROUT
289.502533
466.121124
255.000000
1.100000