TILE
47
70
FIELD_GRASS
0
PINE TREE 2
280.938629
417.248199
45.000000
1.000000
PINE TREE 2
282.612335
418.786743
300.000000
1.200000
PINE TREE 2
284.383423
419.271484
345.000000
0.950000
PINE TREE 2
280.728058
419.114502
270.000000
1.150000
PINE TREE 2
282.401062
420.892670
45.000000
0.850000
PINE TREE 2
283.621918
421.558075
90.000000
0.850000
PINE TREE 2
284.781616
417.865662
165.000000
0.950000
PINE TREE 2
283.298645
417.089233
330.000000
1.200000
PINE TREE 2
280.974030
420.901672
285.000000
0.850000
PINE TREE 2
279.040710
419.922791
240.000000
1.100000
PINE TREE 2
279.157440
421.520508
30.000000
0.800000
PINE TREE 2
284.900085
422.802917
255.000000
1.050000
PINE TREE 2
282.978180
422.793823
75.000000
0.800000
PINE TREE 2
279.873535
422.578979
210.000000
0.750000
PINE TREE 2
281.465027
422.381653
225.000000
1.150000