TILE
29
64
FIELD_GRASS
0
GRASS_SPROUT
171.375687
382.161407
285.000000
1.150000
GRASS_SPROUT
171.674805
381.296753
75.000000
0.800000
GRASS_SPROUT
171.713760
386.522827
225.000000
0.750000
GRASS_SPROUT
174.219086
385.067993
315.000000
1.200000
GRASS_SPROUT
175.570190
384.504242
30.000000
1.250000
GRASS_SPROUT
172.090515
384.666595
60.000000
1.200000
GRASS_SPROUT
175.545837
385.971863
45.000000
1.250000
GRASS_SPROUT
176.012634
386.772034
105.000000
0.800000
GRASS_SPROUT
172.804504
386.478088
135.000000
1.250000
GRASS_SPROUT
174.379272
383.676514
0.000000
1.200000
GRASS_SPROUT
174.713867
382.828857
165.000000
1.050000
GRASS_SPROUT
173.159821
383.301514
30.000000
1.050000
GRASS_SPROUT
173.435715
382.157562
90.000000
1.050000
GRASS_SPROUT
173.716156
381.259613
90.000000
0.950000
GRASS_SPROUT
172.734772
382.608612
15.000000
0.900000
GRASS_SPROUT
172.345993
383.676514
60.000000
0.800000
GRASS_SPROUT
172.691284
381.112671
315.000000
0.750000
GRASS_SPROUT
172.089142
385.693176
105.000000
1.250000
GRASS_SPROUT
173.364624
385.728363
330.000000
0.950000
GRASS_SPROUT
174.550583
381.210815
285.000000
0.950000
GRASS_SPROUT
176.277023
381.596893
345.000000
1.100000
GRASS_SPROUT
176.621735
383.511108
225.000000
1.100000
GRASS_SPROUT
176.999741
385.153442
150.000000
0.750000
GRASS_SPROUT
175.701096
382.429901
315.000000
1.250000
GRASS_SPROUT
174.202393
386.868469
165.000000
1.250000