TILE
22
69
FIELD_GRASS
0
PINE TREE 2
133.708054
411.157074
45.000000
1.200000
PINE TREE 2
133.037308
413.037292
120.000000
1.150000
PINE TREE 2
132.706512
414.935272
45.000000
0.800000
PINE TREE 2
132.575058
416.304108
270.000000
0.800000
PINE TREE 2
134.555054
414.264923
15.000000
1.000000
PINE TREE 2
134.908630
415.741058
270.000000
0.900000
PINE TREE 2
130.733536
415.974670
285.000000
0.950000
PINE TREE 2
131.347321
412.981232
240.000000
1.100000
PINE TREE 2
129.576965
413.849792
330.000000
0.950000
PINE TREE 2
130.922577
414.486694
15.000000
0.950000
PINE TREE 2
129.277512
412.501373
0.000000
0.850000
PINE TREE 2
130.505173
411.581787
45.000000
0.950000