TILE
22
60
FIELD_GRASS
0
PINE TREE 1
134.519989
359.597687
255.000000
1.050000
PINE TREE 1
133.333542
358.160553
195.000000
0.850000
PINE TREE 1
134.460617
361.955841
225.000000
1.150000
PINE TREE 1
134.522141
357.237213
150.000000
0.850000
GRASS_SPROUT
132.259293
362.380524
90.000000
0.750000
GRASS_SPROUT
132.045288
361.542145
180.000000
1.100000
GRASS_SPROUT
132.433441
360.344482
180.000000
1.250000
GRASS_SPROUT
131.421371
362.425690
135.000000
0.900000
GRASS_SPROUT
132.515076
359.443909
105.000000
0.950000
GRASS_SPROUT
130.664536
357.331940
210.000000
0.800000
GRASS_SPROUT
130.130402
357.910400
75.000000
0.800000
GRASS_SPROUT
129.234299
358.637543
240.000000
1.250000
GRASS_SPROUT
129.421494
359.744110
30.000000
0.800000
GRASS_SPROUT
131.460297
357.582001
0.000000
1.250000
GRASS_SPROUT
130.550873
359.057159
30.000000
1.200000
GRASS_SPROUT
130.900375
360.308411
210.000000
1.000000
GRASS_SPROUT
130.608276
361.288483
240.000000
0.950000
GRASS_SPROUT
130.214844
362.001282
0.000000
0.800000
GRASS_SPROUT
129.680588
362.364044
0.000000
0.750000
GRASS_SPROUT
129.024506
361.836884
0.000000
1.200000