TILE
25
66
FIELD_GRASS
0
GRASS_SPROUT
148.300552
393.038879
75.000000
0.850000
GRASS_SPROUT
147.327118
393.038879
105.000000
1.200000
GRASS_SPROUT
150.100967
393.140442
240.000000
0.750000
GRASS_SPROUT
151.007874
393.141388
105.000000
0.800000
GRASS_SPROUT
151.856918
393.141998
180.000000
1.200000
GRASS_SPROUT
150.441559
393.802032
240.000000
1.050000
GRASS_SPROUT
151.140381
394.094482
285.000000
0.800000
GRASS_SPROUT
151.903503
394.381226
45.000000
1.150000
GRASS_SPROUT
152.675110
394.801025
105.000000
0.800000