TILE
27
69
FIELD_GRASS
0
PINE TREE 2
164.721375
415.681274
45.000000
1.200000
PINE TREE 2
163.382721
414.265930
330.000000
1.050000
PINE TREE 2
162.031937
412.875732
270.000000
1.200000
PINE TREE 2
160.372635
411.833038
300.000000
0.950000
PINE TREE 2
159.059235
411.423889
60.000000
0.850000
PINE TREE 2
163.968506
412.615967
315.000000
0.850000
PINE TREE 2
163.050323
411.268250
300.000000
1.200000
PINE TREE 2
164.985062
411.240509
120.000000
1.250000
GRASS_SPROUT
159.212128
415.499634
330.000000
1.250000
GRASS_SPROUT
160.590530
415.153320
30.000000
0.900000
GRASS_SPROUT
161.681580
414.900970
90.000000
1.100000
GRASS_SPROUT
159.384766
414.109192
90.000000
1.150000
GRASS_SPROUT
161.772888
414.077240
270.000000
0.750000
GRASS_SPROUT
160.995560
413.980804
120.000000
1.050000