TILE
29
65
FIELD_GRASS
0
PINE TREE 1
172.212814
391.950989
240.000000
0.950000
PINE TREE 1
171.068741
390.777771
300.000000
1.250000
PINE TREE 1
176.667709
392.327942
135.000000
1.250000
PINE TREE 1
175.454666
391.265289
195.000000
1.050000
PINE TREE 1
173.998520
390.634674
210.000000
0.950000
PINE TREE 1
172.598785
390.499054
240.000000
0.950000
GRASS_SPROUT
174.662430
389.838837
330.000000
0.850000
GRASS_SPROUT
175.702805
389.530060
225.000000
0.950000
GRASS_SPROUT
176.715790
389.355164
105.000000
1.050000
GRASS_SPROUT
176.965973
391.001190
120.000000
0.950000
GRASS_SPROUT
171.700821
387.192749
90.000000
0.900000
GRASS_SPROUT
171.063339
387.927734
30.000000
1.000000
GRASS_SPROUT
175.134064
387.339203
255.000000
1.200000
GRASS_SPROUT
173.124237
387.997101
120.000000
0.750000
GRASS_SPROUT
172.238037
388.083984
75.000000
1.150000
GRASS_SPROUT
174.065674
388.055084
75.000000
1.100000
GRASS_SPROUT
171.967514
388.890869
240.000000
0.750000
GRASS_SPROUT
172.997864
388.810059
180.000000
0.800000
GRASS_SPROUT
175.185959
388.536346
225.000000
1.150000
GRASS_SPROUT
176.784149
388.591644
285.000000
0.850000
GRASS_SPROUT
174.007675
389.363556
30.000000
0.950000
GRASS_SPROUT
176.080750
388.198761
165.000000
1.000000