TILE
18
65
FIELD_GRASS
0
PINE TREE 1
110.091118
392.297424
240.000000
1.200000
PINE TREE 1
108.050423
392.510284
75.000000
1.100000
PINE TREE 1
105.870438
392.926331
120.000000
1.150000
PINE TREE 1
109.708450
389.976288
45.000000
0.950000
PINE TREE 1
108.235245
389.981293
0.000000
1.150000
PINE TREE 1
106.273163
389.985077
45.000000
1.200000
PINE TREE 1
106.717056
391.382538
240.000000
0.850000
PINE TREE 1
105.476273
388.134735
300.000000
1.000000
PINE TREE 1
108.338005
387.890839
210.000000
1.250000
PINE TREE 1
109.891479
387.772430
180.000000
0.800000
GRASS_SPROUT
107.617081
390.978333
75.000000
0.750000
GRASS_SPROUT
107.093102
388.703949
45.000000
1.250000