TILE
14
66
FIELD_GRASS
0
PINE TREE 1
84.050240
398.821960
75.000000
0.900000
PINE TREE 1
85.471985
398.260406
15.000000
1.200000
PINE TREE 1
86.596252
397.015869
330.000000
1.050000
PINE TREE 1
86.741409
395.496643
45.000000
0.750000
PINE TREE 1
86.802811
394.039185
120.000000
1.100000
PINE TREE 1
85.369598
396.718811
240.000000
0.750000
PINE TREE 1
81.616196
398.111969
150.000000
1.250000
PINE TREE 1
83.027306
397.538330
225.000000
0.800000
PINE TREE 1
84.114052
396.622864
60.000000
0.900000
PINE TREE 1
82.996208
395.605774
105.000000
1.200000
PINE TREE 1
82.976067
393.958740
225.000000
1.100000
PINE TREE 1
84.555237
394.297668
180.000000
1.100000
PINE TREE 1
81.327263
395.795441
285.000000
1.000000
PINE TREE 1
81.802666
393.376465
315.000000
0.700000
PINE TREE 1
81.543121
394.429901
30.000000
0.800000