TILE
18
68
FIELD_GRASS
0
GRASS_SPROUT
105.643021
408.161774
120.000000
0.800000
GRASS_SPROUT
106.432800
408.161774
315.000000
1.150000
GRASS_SPROUT
109.453377
405.269104
150.000000
0.850000
GRASS_SPROUT
107.874420
405.295654
75.000000
0.950000
GRASS_SPROUT
106.889046
405.306946
345.000000
1.200000
GRASS_SPROUT
106.235413
406.340759
210.000000
1.250000
GRASS_SPROUT
107.589615
409.521790
225.000000
0.900000
GRASS_SPROUT
108.163406
409.950378
315.000000
0.850000
GRASS_SPROUT
107.789787
408.685333
225.000000
0.850000
GRASS_SPROUT
107.383720
407.969482
225.000000
0.950000
GRASS_SPROUT
106.786652
407.226410
180.000000
1.250000
GRASS_SPROUT
105.362442
405.806610
45.000000
0.950000
GRASS_SPROUT
107.921181
407.367462
165.000000
0.950000
GRASS_SPROUT
109.065102
407.915192
255.000000
1.200000
GRASS_SPROUT
110.432732
408.086548
105.000000
1.000000
GRASS_SPROUT
110.492767
406.780396
270.000000
1.100000
GRASS_SPROUT
109.567047
406.780396
135.000000
1.000000
GRASS_SPROUT
108.669991
406.558594
15.000000
0.950000
GRASS_SPROUT
107.564934
406.064636
75.000000
0.850000
GRASS_SPROUT
110.247406
405.947968
135.000000
0.900000
GRASS_SPROUT
110.856895
410.985199
240.000000
1.050000
GRASS_SPROUT
107.831131
410.888123
195.000000
1.200000
GRASS_SPROUT
105.104065
409.200562
270.000000
0.950000
GRASS_SPROUT
105.963661
409.200562
225.000000
1.000000
GRASS_SPROUT
106.764633
409.599731
255.000000
0.900000
GRASS_SPROUT
106.129105
410.395569
60.000000
1.250000
GRASS_SPROUT
105.213890
410.055786
0.000000
0.750000
GRASS_SPROUT
109.313087
409.917206
180.000000
1.250000
GRASS_SPROUT
110.494926
410.090179
195.000000
0.850000
GRASS_SPROUT
110.762260
409.052277
90.000000
0.800000
GRASS_SPROUT
108.791077
409.052277
195.000000
1.150000