TILE
10
64
FIELD_GRASS
0
PINE TREE 1
62.538559
382.520599
180.000000
0.800000
PINE TREE 1
61.900681
381.471344
45.000000
0.850000
PINE TREE 1
60.594673
381.015442
60.000000
0.850000
PINE TREE 1
57.917995
381.208710
75.000000
0.950000
PINE TREE 1
57.655087
382.667999
75.000000
1.150000
PINE TREE 1
58.347202
384.359039
165.000000
1.200000
PINE TREE 1
60.603714
382.509766
300.000000
1.000000
PINE TREE 1
60.957676
384.065369
315.000000
0.850000
PINE TREE 1
62.073555
384.785828
255.000000
1.000000
PINE TREE 1
59.106544
382.026093
150.000000
1.100000
PINE TREE 1
61.822670
386.247528
135.000000
1.100000
PINE TREE 1
62.971695
383.961945
90.000000
0.700000
PINE TREE 1
59.782291
384.494232
120.000000
0.850000
PINE TREE 1
60.399872
385.663513
240.000000
0.900000
PINE TREE 1
57.248028
385.537476
165.000000
1.050000
PINE TREE 1
58.290493
386.832489
120.000000
0.750000
PINE TREE 1
59.166027
386.028900
0.000000
0.850000