TILE
13
66
FIELD_GRASS
0
PINE TREE 1
78.967964
397.911957
150.000000
1.100000
PINE TREE 1
79.926750
396.344757
45.000000
0.900000
PINE TREE 1
80.264778
394.962708
255.000000
0.800000
PINE TREE 1
80.425209
393.505035
135.000000
1.050000
PINE TREE 1
76.297760
397.981262
315.000000
1.200000
PINE TREE 1
77.172218
396.457336
75.000000
1.000000
PINE TREE 1
78.297226
395.545929
285.000000
0.850000
PINE TREE 1
79.102859
393.668213
195.000000
0.850000
PINE TREE 1
77.688934
393.705383
330.000000
1.050000
PINE TREE 1
76.404732
394.683350
180.000000
1.100000
PINE TREE 1
75.511421
396.513733
300.000000
1.000000
PINE TREE 1
75.982826
393.174683
180.000000
1.000000