TILE
16
65
FIELD_GRASS
0
PINE TREE 1
98.262344
389.988953
150.000000
1.000000
PINE TREE 1
96.772156
389.989075
330.000000
0.950000
PINE TREE 1
95.325523
389.989166
15.000000
0.900000
PINE TREE 1
93.756233
389.989197
75.000000
0.800000
PINE TREE 1
93.791199
392.269470
300.000000
1.000000
PINE TREE 1
98.048767
392.458038
285.000000
1.150000
PINE TREE 1
95.970970
391.250549
75.000000
1.000000
PINE TREE 1
93.317139
387.351746
225.000000
1.200000
PINE TREE 1
95.065811
387.267426
210.000000
1.200000
PINE TREE 1
97.514984
388.592682
135.000000
1.250000
PINE TREE 1
94.123734
388.715515
60.000000
1.000000
PINE TREE 1
96.022781
388.887726
60.000000
0.900000
GRASS_SPROUT
97.237015
391.070068
315.000000
1.250000
GRASS_SPROUT
96.822090
391.999725
135.000000
0.950000
GRASS_SPROUT
94.926353
391.409912
45.000000
0.850000
GRASS_SPROUT
93.877609
391.147400
165.000000
0.950000