TILE
10
60
FIELD_GRASS
0
PINE TREE 1
61.612118
362.013000
330.000000
1.000000
PINE TREE 1
62.524384
361.106628
165.000000
0.800000
PINE TREE 1
59.809490
361.848480
285.000000
0.900000
PINE TREE 1
57.015881
358.448578
255.000000
0.850000
PINE TREE 1
57.771095
359.389191
195.000000
0.850000
PINE TREE 1
57.953259
360.865173
150.000000
1.250000
PINE TREE 1
59.460239
360.230743
180.000000
1.050000
PINE TREE 1
60.958889
359.327454
120.000000
0.850000
PINE TREE 1
58.818424
358.261963
210.000000
1.150000
PINE TREE 1
61.938877
359.945404
15.000000
0.800000
PINE TREE 1
62.467060
358.039032
135.000000
0.850000
PINE TREE 1
60.977577
360.755127
345.000000
0.950000
PINE TREE 1
60.464752
358.096832
15.000000
0.950000