TILE
14
63
FIELD_GRASS
0
PINE TREE 1
81.007690
379.198090
330.000000
0.900000
PINE TREE 1
82.719139
379.156281
240.000000
1.200000
PINE TREE 1
84.633041
379.156281
210.000000
1.150000
PINE TREE 1
83.736595
377.538605
270.000000
1.150000
PINE TREE 1
82.306404
376.179688
180.000000
1.050000
PINE TREE 1
81.779503
377.740356
165.000000
1.050000
PINE TREE 1
83.695366
376.138947
90.000000
0.800000
PINE TREE 1
85.241806
376.442566
0.000000
1.200000
PINE TREE 1
86.884979
376.532135
150.000000
1.150000
PINE TREE 1
86.230621
378.027191
315.000000
1.100000
PINE TREE 1
86.876495
380.585602
75.000000
1.150000
PINE TREE 1
85.105545
380.718994
225.000000
1.050000