TILE
56
75
FIELD_GRASS
0
GRASS_SPROUT
333.652313
449.348663
240.000000
1.200000
GRASS_SPROUT
334.552521
449.476349
90.000000
0.750000
GRASS_SPROUT
335.547241
449.571198
225.000000
1.150000
GRASS_SPROUT
336.473541
449.571228
180.000000
0.750000
GRASS_SPROUT
337.417847
449.571228
165.000000
0.750000
GRASS_SPROUT
338.375122
449.571228
45.000000
1.000000
GRASS_SPROUT
334.499603
452.712067
345.000000
0.850000
GRASS_SPROUT
333.822998
452.119415
300.000000
1.250000
GRASS_SPROUT
333.008148
451.405670
60.000000
1.150000
GRASS_SPROUT
333.976563
451.108795
15.000000
1.200000
GRASS_SPROUT
336.171143
451.169739
315.000000
1.100000
GRASS_SPROUT
335.293152
451.601318
315.000000
1.250000
GRASS_SPROUT
337.308563
451.270691
270.000000
1.150000
GRASS_SPROUT
334.858337
450.652222
0.000000
0.900000
GRASS_SPROUT
338.443146
451.470154
60.000000
1.050000
GRASS_SPROUT
338.746063
452.267426
135.000000
0.900000
GRASS_SPROUT
338.565582
452.985168
15.000000
0.900000
GRASS_SPROUT
337.269257
450.367218
120.000000
1.000000
GRASS_SPROUT
336.070435
452.205566
0.000000
0.950000
GRASS_SPROUT
338.057281
452.205566
180.000000
0.750000
GRASS_SPROUT
337.041626
452.897858
15.000000
0.750000