TILE
91
57
FIELD_GRASS
0
PINE TREE 2
548.008972
339.316650
45.000000
1.100000
PINE TREE 2
546.459778
339.890106
165.000000
0.750000
PINE TREE 2
545.537537
341.205658
210.000000
0.950000
PINE TREE 2
545.102844
342.740784
135.000000
0.900000
PINE TREE 2
544.902710
344.114502
225.000000
0.900000
PINE TREE 2
546.701843
342.511353
105.000000
1.000000
PINE TREE 2
548.776489
343.474884
210.000000
1.050000
PINE TREE 2
547.871460
341.254974
45.000000
1.000000
PINE TREE 2
547.464478
344.456390
300.000000
0.850000