TILE
94
51
FIELD_GRASS
0
PINE TREE 2
562.960510
303.525970
255.000000
0.950000
PINE TREE 2
564.341187
304.994293
60.000000
1.200000
PINE TREE 2
565.133118
306.653015
150.000000
0.950000
PINE TREE 2
565.507446
308.331329
180.000000
1.100000
PINE TREE 2
561.784119
308.422211
270.000000
0.900000
PINE TREE 2
561.589050
306.538666
255.000000
1.050000
PINE TREE 2
561.769104
304.930664
315.000000
1.000000
PINE TREE 2
563.460571
306.516418
285.000000
1.100000
PINE TREE 2
563.396362
308.052734
60.000000
0.950000
PINE TREE 2
566.749512
306.695374
30.000000
1.200000