TILE
95
54
FIELD_GRASS
0
PINE TREE 2
567.071045
325.707977
315.000000
0.750000
PINE TREE 2
568.530151
325.447815
135.000000
1.200000
PINE TREE 2
568.554871
323.875000
105.000000
0.750000
PINE TREE 2
568.574707
322.356354
195.000000
0.800000
PINE TREE 2
570.623291
326.653351
330.000000
0.750000
PINE TREE 2
570.849060
325.139954
195.000000
1.250000
PINE TREE 2
571.493103
323.104462
75.000000
1.150000
PINE TREE 2
569.857971
321.741516
150.000000
1.000000
PINE TREE 2
569.918030
323.467041
15.000000
0.850000
PINE TREE 2
572.978699
326.972778
105.000000
1.200000
PINE TREE 2
572.992493
325.301697
255.000000
0.850000
PINE TREE 2
572.998291
323.942474
300.000000
0.900000