TILE
46
65
FIELD_GRASS
0
PINE TREE 2
273.967743
391.833160
15.000000
1.100000
PINE TREE 2
276.111389
392.303711
165.000000
1.000000
PINE TREE 2
276.403259
390.848236
315.000000
0.750000
PINE TREE 2
277.954468
390.375397
210.000000
1.150000
PINE TREE 2
278.097382
388.762909
15.000000
0.900000
PINE TREE 2
277.395874
387.196320
30.000000
1.050000
PINE TREE 2
275.758850
387.062958
270.000000
0.900000
PINE TREE 2
273.568970
389.954376
15.000000
1.100000
PINE TREE 2
275.060883
389.597076
330.000000
0.900000
PINE TREE 2
274.274597
388.361542
210.000000
0.950000
PINE TREE 2
276.786377
389.407501
90.000000
0.850000
PINE TREE 2
276.268616
388.198059
210.000000
0.750000