TILE
30
64
FIELD_GRASS
0
GRASS_SPROUT
180.516006
386.046844
0.000000
0.750000
GRASS_SPROUT
180.091949
385.115295
165.000000
1.150000
GRASS_SPROUT
179.719330
384.171997
210.000000
1.150000
GRASS_SPROUT
179.028793
383.166138
300.000000
1.200000
GRASS_SPROUT
178.512543
382.381226
300.000000
0.850000
GRASS_SPROUT
178.019577
381.736389
315.000000
1.150000
GRASS_SPROUT
179.771408
381.736389
255.000000
0.850000
GRASS_SPROUT
180.484970
382.438599
105.000000
0.750000
GRASS_SPROUT
181.350464
383.490906
45.000000
1.150000
GRASS_SPROUT
181.607590
384.375580
180.000000
1.150000
GRASS_SPROUT
181.537231
385.211182
180.000000
0.900000
GRASS_SPROUT
181.413986
386.226135
30.000000
1.200000
GRASS_SPROUT
182.496185
386.154510
315.000000
0.950000
GRASS_SPROUT
182.446335
384.327148
210.000000
0.950000
GRASS_SPROUT
181.105301
381.778839
345.000000
0.950000
GRASS_SPROUT
182.921371
382.566803
180.000000
1.000000
GRASS_SPROUT
182.045837
382.385254
30.000000
0.900000
GRASS_SPROUT
178.979248
385.937378
225.000000
1.100000
GRASS_SPROUT
177.249069
386.707336
135.000000
1.050000
GRASS_SPROUT
177.217224
382.652924
270.000000
0.950000
GRASS_SPROUT
177.536118
384.041473
195.000000
1.100000
GRASS_SPROUT
177.917603
385.042725
30.000000
1.150000
GRASS_SPROUT
178.515823
386.674835
150.000000
1.000000