TILE
36
60
FIELD_GRASS
0
PINE TREE 1
218.331268
359.065430
45.000000
1.050000
PINE TREE 1
217.363037
359.968658
120.000000
0.750000
PINE TREE 1
216.286957
361.001312
240.000000
1.150000
PINE TREE 1
214.961792
362.296021
225.000000
1.100000
PINE TREE 1
213.441879
358.693329
285.000000
0.950000
PINE TREE 1
214.688660
357.467682
300.000000
1.100000
PINE TREE 1
218.151306
357.495270
75.000000
1.200000
PINE TREE 1
214.843536
360.016388
255.000000
1.250000
PINE TREE 1
213.237350
360.245422
90.000000
1.050000
PINE TREE 1
215.915237
358.306427
135.000000
0.950000
PINE TREE 1
213.492004
361.866241
60.000000
1.050000
GRASS_SPROUT
217.368256
361.828430
330.000000
1.050000
GRASS_SPROUT
217.300537
362.913452
60.000000
1.000000
GRASS_SPROUT
218.578049
362.489319
195.000000
0.800000
GRASS_SPROUT
217.778290
360.912933
90.000000
1.100000