TILE
37
64
FIELD_GRASS
0
GRASS_SPROUT
224.807922
386.662811
165.000000
0.850000
GRASS_SPROUT
219.412399
386.662323
345.000000
1.150000
GRASS_SPROUT
219.599930
385.718292
135.000000
0.950000
GRASS_SPROUT
219.564407
384.754150
315.000000
1.150000
GRASS_SPROUT
219.325974
383.670837
210.000000
1.100000
GRASS_SPROUT
219.061752
382.831116
120.000000
1.050000
GRASS_SPROUT
223.921661
381.032959
300.000000
1.250000
GRASS_SPROUT
224.615509
382.181732
345.000000
0.800000
GRASS_SPROUT
223.854645
382.143829
15.000000
0.900000
GRASS_SPROUT
222.630737
382.046021
345.000000
1.200000
GRASS_SPROUT
221.466476
381.765717
285.000000
0.800000
GRASS_SPROUT
220.636612
381.421356
75.000000
0.800000
GRASS_SPROUT
219.605835
382.104401
90.000000
0.750000
GRASS_SPROUT
221.520294
382.931122
135.000000
1.150000
GRASS_SPROUT
222.958878
383.347168
15.000000
0.950000
GRASS_SPROUT
223.771683
383.631012
15.000000
1.150000
GRASS_SPROUT
223.519638
384.709351
210.000000
1.050000
GRASS_SPROUT
222.703201
385.635864
135.000000
1.100000
GRASS_SPROUT
222.075836
384.929230
15.000000
0.800000
GRASS_SPROUT
220.300598
383.510101
75.000000
0.850000
GRASS_SPROUT
220.526245
382.458466
0.000000
0.750000
GRASS_SPROUT
221.632172
384.104004
225.000000
1.050000
GRASS_SPROUT
221.783218
385.806458
120.000000
1.000000
GRASS_SPROUT
221.571457
386.876129
105.000000
1.150000
GRASS_SPROUT
220.386215
384.709351
135.000000
0.900000
GRASS_SPROUT
220.578720
385.635864
180.000000
1.150000
GRASS_SPROUT
224.078613
385.974762
240.000000
1.000000
GRASS_SPROUT
224.836823
384.856354
180.000000
0.800000