TILE
31
68
FIELD_GRASS
0
PINE TREE 2
184.837296
409.072510
15.000000
1.250000
PINE TREE 2
186.875473
409.072510
300.000000
1.200000
PINE TREE 2
188.829636
409.072510
240.000000
0.850000
PINE TREE 2
183.907776
410.913635
285.000000
1.200000
PINE TREE 2
185.568604
410.913635
150.000000
0.900000
PINE TREE 2
187.210281
410.913635
270.000000
1.000000
PINE TREE 2
188.772949
407.544342
15.000000
1.150000
GRASS_SPROUT
183.377533
406.655487
240.000000
1.100000
GRASS_SPROUT
184.378204
406.224701
150.000000
1.200000
GRASS_SPROUT
185.299042
405.679749
30.000000
0.950000
GRASS_SPROUT
186.245880
405.005646
255.000000
0.900000
GRASS_SPROUT
185.917130
406.772034
75.000000
0.850000
GRASS_SPROUT
186.491684
406.341400
90.000000
0.750000
GRASS_SPROUT
187.443146
405.921082
210.000000
0.950000
GRASS_SPROUT
188.382858
405.483612
0.000000
1.150000
GRASS_SPROUT
187.392532
406.943176
330.000000
1.050000
GRASS_SPROUT
187.064301
407.644470
45.000000
0.850000
GRASS_SPROUT
185.887466
408.189667
300.000000
0.950000
GRASS_SPROUT
184.281570
407.862549
315.000000
0.800000
GRASS_SPROUT
184.995590
407.434235
120.000000
1.200000