TILE
32
68
FIELD_GRASS
0
PINE TREE 2
190.291916
409.072510
255.000000
0.850000
PINE TREE 2
191.663361
409.072479
345.000000
0.850000
PINE TREE 2
193.256378
409.072449
165.000000
0.900000
PINE TREE 2
194.770126
409.072449
225.000000
0.850000
PINE TREE 2
189.216934
410.913635
150.000000
1.100000
PINE TREE 2
190.750549
410.913635
135.000000
0.800000
PINE TREE 2
192.311630
410.913635
285.000000
1.000000
PINE TREE 2
194.332504
410.913635
15.000000
1.150000
PINE TREE 2
194.738846
407.480499
180.000000
1.150000
PINE TREE 2
192.700638
407.544342
210.000000
1.150000
PINE TREE 2
190.738144
407.544342
45.000000
0.900000
PINE TREE 2
190.295898
406.206055
30.000000
0.950000
PINE TREE 2
191.683792
406.326355
255.000000
0.900000
GRASS_SPROUT
189.386230
405.057922
0.000000
1.150000
GRASS_SPROUT
191.578644
405.039063
120.000000
1.250000
GRASS_SPROUT
193.183578
405.153595
345.000000
0.850000
GRASS_SPROUT
194.393433
405.390381
45.000000
1.200000