TILE
35
63
FIELD_GRASS
0
PINE TREE 1
211.490860
377.846375
225.000000
1.100000
PINE TREE 1
209.810333
377.980469
105.000000
1.050000
PINE TREE 1
208.215225
378.397430
345.000000
1.200000
PINE TREE 1
207.902130
375.082001
105.000000
1.100000
PINE TREE 1
209.617645
375.045441
210.000000
1.200000
PINE TREE 1
211.189651
375.010468
345.000000
0.800000
PINE TREE 1
210.621582
376.349091
90.000000
1.150000
PINE TREE 1
208.865173
376.320740
75.000000
0.850000
PINE TREE 1
211.926620
375.886322
270.000000
0.800000
GRASS_SPROUT
212.791428
379.551880
330.000000
0.750000
GRASS_SPROUT
211.880661
379.353027
315.000000
1.150000
GRASS_SPROUT
210.848846
379.286224
285.000000
1.150000
GRASS_SPROUT
209.998749
379.219177
255.000000
0.950000
GRASS_SPROUT
207.722870
377.196625
135.000000
0.900000
GRASS_SPROUT
207.407181
379.708344
60.000000
0.850000
GRASS_SPROUT
209.017334
379.355988
15.000000
0.850000
GRASS_SPROUT
208.280655
379.996185
30.000000
1.200000