TILE
38
63
FIELD_GRASS
0
PINE TREE 1
226.456482
375.979065
60.000000
1.000000
PINE TREE 1
225.352890
377.361908
120.000000
0.850000
GRASS_SPROUT
230.177231
377.176514
165.000000
0.800000
GRASS_SPROUT
229.652145
376.140778
315.000000
0.850000
GRASS_SPROUT
229.380905
375.138367
285.000000
0.900000
GRASS_SPROUT
230.426041
380.322357
315.000000
0.900000
GRASS_SPROUT
229.996643
379.500580
90.000000
1.050000
GRASS_SPROUT
229.401474
378.711182
165.000000
1.250000
GRASS_SPROUT
228.949539
377.782990
120.000000
0.850000
GRASS_SPROUT
228.544052
376.790466
120.000000
1.200000
GRASS_SPROUT
228.264801
375.935120
45.000000
0.800000
GRASS_SPROUT
227.964355
375.083771
15.000000
0.850000
GRASS_SPROUT
227.446136
377.080933
225.000000
1.150000
GRASS_SPROUT
229.656891
380.417023
195.000000
0.850000
GRASS_SPROUT
225.496155
379.976776
15.000000
0.850000
GRASS_SPROUT
226.047272
379.182220
255.000000
1.250000
GRASS_SPROUT
226.600311
378.509796
15.000000
0.750000
GRASS_SPROUT
225.897186
378.270142
45.000000
0.850000
GRASS_SPROUT
227.300156
378.116913
45.000000
0.900000
GRASS_SPROUT
227.425903
379.531433
165.000000
1.050000
GRASS_SPROUT
227.465729
380.307800
90.000000
0.850000
GRASS_SPROUT
226.246719
380.380249
315.000000
0.950000
GRASS_SPROUT
228.584610
380.300812
240.000000
0.750000
GRASS_SPROUT
229.171509
379.523254
330.000000
0.850000
GRASS_SPROUT
228.641769
379.095551
315.000000
0.800000