TILE
35
68
FIELD_GRASS
0
PINE TREE 2
208.362320
409.072449
165.000000
1.250000
PINE TREE 2
210.322357
409.072449
90.000000
0.800000
PINE TREE 2
211.944504
409.072449
180.000000
1.050000
PINE TREE 2
211.554062
407.377869
195.000000
1.250000
GRASS_SPROUT
212.496384
405.907349
105.000000
1.200000
GRASS_SPROUT
211.535690
405.793121
270.000000
0.950000
GRASS_SPROUT
210.627396
405.502441
225.000000
0.900000
GRASS_SPROUT
209.783539
405.021545
90.000000
1.050000
GRASS_SPROUT
207.286438
406.996918
165.000000
1.050000
GRASS_SPROUT
207.241638
405.573059
285.000000
1.150000
GRASS_SPROUT
208.128815
406.494568
0.000000
0.750000
GRASS_SPROUT
208.606216
407.381653
330.000000
1.050000
GRASS_SPROUT
207.268066
408.234650
150.000000
0.750000
GRASS_SPROUT
209.733643
408.063324
345.000000
1.200000
GRASS_SPROUT
210.068008
407.009521
150.000000
0.950000
GRASS_SPROUT
209.969162
406.093445
300.000000
0.900000
GRASS_SPROUT
209.087936
405.991089
210.000000
1.100000