TILE
31
64
FIELD_GRASS
0
PINE TREE 1
187.188095
381.103790
300.000000
1.150000
GRASS_SPROUT
183.332504
385.825439
15.000000
0.900000
GRASS_SPROUT
183.418365
384.844910
300.000000
1.250000
GRASS_SPROUT
183.891083
382.879059
345.000000
1.000000
GRASS_SPROUT
184.616486
383.184540
240.000000
0.850000
GRASS_SPROUT
185.394440
381.873810
90.000000
0.750000
GRASS_SPROUT
186.773178
382.967010
30.000000
1.050000
GRASS_SPROUT
187.661469
383.567688
165.000000
0.800000
GRASS_SPROUT
185.902405
383.525635
255.000000
1.250000
GRASS_SPROUT
184.500427
382.293610
165.000000
0.900000
GRASS_SPROUT
183.772903
382.061890
120.000000
0.850000
GRASS_SPROUT
184.529037
384.143158
210.000000
1.150000
GRASS_SPROUT
185.865952
385.445190
330.000000
1.250000
GRASS_SPROUT
184.375824
385.224670
165.000000
1.050000
GRASS_SPROUT
183.078781
383.776031
45.000000
1.000000
GRASS_SPROUT
183.869507
386.542114
210.000000
1.100000
GRASS_SPROUT
187.055023
386.257690
225.000000
1.200000
GRASS_SPROUT
184.923462
386.040863
105.000000
1.150000
GRASS_SPROUT
185.612961
386.428772
225.000000
0.800000
GRASS_SPROUT
188.968277
385.551697
285.000000
0.900000
GRASS_SPROUT
186.944595
385.328735
75.000000
0.900000
GRASS_SPROUT
186.758743
384.248718
315.000000
1.050000
GRASS_SPROUT
187.480820
384.873199
345.000000
0.800000
GRASS_SPROUT
188.569717
383.350586
270.000000
1.050000
GRASS_SPROUT
188.027237
385.995544
330.000000
0.950000
GRASS_SPROUT
188.102463
385.234955
345.000000
0.900000