TILE
36
63
FIELD_GRASS
0
PINE TREE 1
218.339417
377.260071
210.000000
1.050000
PINE TREE 1
216.540817
377.168213
105.000000
1.050000
PINE TREE 1
218.683167
378.516174
345.000000
0.800000
PINE TREE 1
215.300476
377.717651
0.000000
0.850000
PINE TREE 1
213.357483
377.804047
285.000000
1.200000
PINE TREE 1
214.409454
375.617584
90.000000
1.200000
PINE TREE 1
216.150879
375.307312
315.000000
1.150000
PINE TREE 1
217.867188
375.198975
345.000000
0.900000
GRASS_SPROUT
216.979416
380.760071
255.000000
0.900000
GRASS_SPROUT
215.557663
380.198517
90.000000
1.100000
GRASS_SPROUT
214.301514
379.878265
135.000000
0.750000
GRASS_SPROUT
213.628067
379.617645
30.000000
0.900000
GRASS_SPROUT
214.050552
378.948334
75.000000
0.900000
GRASS_SPROUT
215.018738
379.286224
255.000000
1.100000
GRASS_SPROUT
216.088745
379.353027
30.000000
1.050000
GRASS_SPROUT
217.695297
379.481903
285.000000
1.100000
GRASS_SPROUT
218.559418
379.840759
150.000000
1.050000
GRASS_SPROUT
217.648224
378.244904
165.000000
1.000000
GRASS_SPROUT
216.681091
378.713165
315.000000
1.000000
GRASS_SPROUT
217.620361
376.333618
75.000000
1.000000
GRASS_SPROUT
213.066391
376.271027
135.000000
1.250000
GRASS_SPROUT
218.510544
380.970551
225.000000
1.250000