TILE
38
66
FIELD_GRASS
0
GRASS_SPROUT
225.032669
398.264160
225.000000
1.150000
GRASS_SPROUT
225.122650
397.339630
240.000000
1.000000
GRASS_SPROUT
225.309830
396.525635
210.000000
0.900000
GRASS_SPROUT
225.430939
395.661682
45.000000
1.050000
GRASS_SPROUT
225.486847
394.287201
240.000000
1.150000
GRASS_SPROUT
225.421890
393.387268
240.000000
1.050000
GRASS_SPROUT
226.300385
396.433929
45.000000
0.750000
GRASS_SPROUT
226.773941
397.460663
30.000000
0.800000
GRASS_SPROUT
227.377762
398.441681
15.000000
0.750000
GRASS_SPROUT
226.917862
396.512756
270.000000
0.750000
GRASS_SPROUT
228.450867
398.614655
90.000000
1.150000
GRASS_SPROUT
226.430756
398.985413
120.000000
1.150000
GRASS_SPROUT
227.745728
397.630463
15.000000
1.250000
GRASS_SPROUT
226.279831
395.028900
180.000000
1.050000
GRASS_SPROUT
226.709076
395.788025
105.000000
0.850000
GRASS_SPROUT
226.522736
393.368591
60.000000
1.000000
GRASS_SPROUT
226.749069
394.230804
300.000000
0.750000