TILE
39
68
FIELD_GRASS
0
GRASS_SPROUT
233.173111
405.229706
45.000000
0.750000
GRASS_SPROUT
231.539856
409.700531
255.000000
0.800000
GRASS_SPROUT
231.689651
410.450256
135.000000
1.100000
GRASS_SPROUT
231.285553
406.061890
195.000000
0.850000
GRASS_SPROUT
231.561295
407.233429
300.000000
1.000000
GRASS_SPROUT
232.367386
408.011902
255.000000
0.950000
GRASS_SPROUT
233.171539
408.340820
315.000000
1.150000
GRASS_SPROUT
234.233597
408.707184
15.000000
1.200000
GRASS_SPROUT
233.013840
407.312286
90.000000
0.800000
GRASS_SPROUT
232.601761
406.632507
0.000000
0.850000
GRASS_SPROUT
233.497406
409.339996
105.000000
0.900000
GRASS_SPROUT
233.788605
410.004456
285.000000
0.800000
GRASS_SPROUT
232.968033
410.427216
0.000000
1.100000
GRASS_SPROUT
232.534439
409.623749
225.000000
0.850000
GRASS_SPROUT
233.473526
405.993835
165.000000
1.250000
GRASS_SPROUT
234.606522
406.412445
180.000000
0.950000
GRASS_SPROUT
235.458450
406.816345
45.000000
1.250000
GRASS_SPROUT
236.307892
407.178864
345.000000
1.000000
GRASS_SPROUT
232.345871
405.594940
300.000000
0.800000
GRASS_SPROUT
234.901718
409.442871
330.000000
1.200000
GRASS_SPROUT
235.982391
410.155090
120.000000
1.150000
GRASS_SPROUT
236.647766
410.852356
270.000000
0.950000
GRASS_SPROUT
235.120102
408.286743
30.000000
1.200000
GRASS_SPROUT
236.157181
408.814331
330.000000
1.200000
GRASS_SPROUT
233.835709
406.973328
210.000000
1.050000
GRASS_SPROUT
233.876129
407.840698
60.000000
1.000000