TILE
32
22
FIELD_GRASS
0
GRASS_SPROUT
189.790939
134.303848
90.000000
0.950000
GRASS_SPROUT
190.539825
134.303848
30.000000
0.850000
GRASS_SPROUT
191.292511
134.422272
300.000000
0.950000
GRASS_SPROUT
192.038071
134.422272
225.000000
0.900000
GRASS_SPROUT
193.387177
134.422272
225.000000
0.900000
GRASS_SPROUT
194.352295
134.343445
165.000000
1.250000
GRASS_SPROUT
189.165558
129.592285
0.000000
1.200000
GRASS_SPROUT
189.010269
132.780365
0.000000
0.750000
GRASS_SPROUT
189.317871
131.463928
180.000000
1.200000
GRASS_SPROUT
190.298660
131.477036
315.000000
0.900000
GRASS_SPROUT
191.002197
131.574554
240.000000
0.850000
GRASS_SPROUT
191.655151
132.086227
0.000000
0.950000
GRASS_SPROUT
192.312454
132.680984
90.000000
1.050000
GRASS_SPROUT
191.354202
133.117310
75.000000
0.800000
GRASS_SPROUT
190.449066
133.248474
45.000000
0.950000
GRASS_SPROUT
190.715363
132.404617
135.000000
1.150000
GRASS_SPROUT
189.737488
132.299377
315.000000
1.100000
GRASS_SPROUT
193.233139
133.215820
285.000000
1.250000
GRASS_SPROUT
194.033844
132.680984
60.000000
1.150000
GRASS_SPROUT
193.668228
131.337402
300.000000
1.250000
GRASS_SPROUT
192.594635
131.289215
45.000000
1.250000
GRASS_SPROUT
189.766388
130.663513
195.000000
0.850000
GRASS_SPROUT
190.721344
129.085419
120.000000
0.800000
GRASS_SPROUT
193.706116
129.091980
180.000000
1.000000
GRASS_SPROUT
192.089539
129.808640
285.000000
1.200000
GRASS_SPROUT
190.756607
130.120224
180.000000
1.100000
GRASS_SPROUT
191.646622
130.570236
330.000000
0.850000
GRASS_SPROUT
193.060699
129.789642
330.000000
0.950000
GRASS_SPROUT
194.208069
129.719391
60.000000
0.750000