TILE
36
26
FIELD_GRASS
0
GRASS_SPROUT
218.840378
153.813324
60.000000
0.850000
GRASS_SPROUT
218.054718
154.818573
255.000000
1.050000
GRASS_SPROUT
217.189926
156.001938
15.000000
0.750000
GRASS_SPROUT
216.809433
156.566254
30.000000
0.750000
GRASS_SPROUT
216.341049
156.170914
210.000000
0.750000
GRASS_SPROUT
216.024811
155.554520
165.000000
0.950000
GRASS_SPROUT
215.843521
154.066986
345.000000
0.800000
GRASS_SPROUT
215.841949
153.193619
225.000000
0.800000
GRASS_SPROUT
218.247635
153.077026
90.000000
1.000000
GRASS_SPROUT
217.713272
153.741806
225.000000
1.050000
GRASS_SPROUT
217.315216
154.392853
195.000000
0.750000
GRASS_SPROUT
217.132538
155.136993
195.000000
1.050000
GRASS_SPROUT
216.792130
153.968475
90.000000
0.900000
GRASS_SPROUT
214.935837
153.522812
330.000000
1.100000
GRASS_SPROUT
214.355347
154.420746
330.000000
1.150000
GRASS_SPROUT
214.349365
155.456085
45.000000
1.150000
GRASS_SPROUT
214.151672
156.674835
165.000000
1.200000
GRASS_SPROUT
217.083069
157.400085
345.000000
1.150000
GRASS_SPROUT
215.241852
155.261993
345.000000
1.050000
GRASS_SPROUT
214.919907
157.774368
90.000000
1.250000
GRASS_SPROUT
213.734589
157.673416
270.000000
1.150000
GRASS_SPROUT
213.173630
156.205414
15.000000
1.200000
GRASS_SPROUT
216.107132
157.274490
255.000000
1.200000
GRASS_SPROUT
215.139221
156.620850
105.000000
1.050000
GRASS_SPROUT
217.903275
157.086716
135.000000
0.750000
GRASS_SPROUT
218.508255
156.912308
150.000000
0.800000
GRASS_SPROUT
215.786224
158.340576
255.000000
1.250000
GRASS_SPROUT
216.785629
158.417572
15.000000
1.250000
GRASS_SPROUT
217.702103
158.417572
0.000000
0.900000
GRASS_SPROUT
218.567154
158.211029
75.000000
1.200000
GRASS_SPROUT
213.587921
154.940109
255.000000
0.850000
GRASS_SPROUT
213.334335
154.082489
30.000000
0.850000
GRASS_SPROUT
213.561951
158.691360
150.000000
0.950000