TILE
35
27
FIELD_GRASS
0
PINE TREE 1
208.991440
163.658569
285.000000
1.000000
GRASS_SPROUT
209.717102
159.695099
315.000000
1.250000
GRASS_SPROUT
209.093018
160.315414
105.000000
0.750000
GRASS_SPROUT
208.566025
160.865372
225.000000
0.850000
GRASS_SPROUT
207.898926
161.307968
330.000000
1.100000
GRASS_SPROUT
211.948807
162.439087
120.000000
0.800000
GRASS_SPROUT
211.053253
162.758667
135.000000
0.750000
GRASS_SPROUT
210.501221
163.261703
0.000000
1.000000
GRASS_SPROUT
209.673660
164.608459
285.000000
0.900000
GRASS_SPROUT
211.762299
163.285461
15.000000
1.200000
GRASS_SPROUT
212.394592
164.066589
270.000000
0.850000
GRASS_SPROUT
212.930359
164.899628
15.000000
0.750000
GRASS_SPROUT
208.745361
164.716156
210.000000
0.900000
GRASS_SPROUT
210.608383
164.381058
300.000000
1.100000
GRASS_SPROUT
211.344559
164.898621
240.000000
0.900000
GRASS_SPROUT
207.450302
164.456268
210.000000
0.750000
GRASS_SPROUT
207.534042
163.771164
135.000000
0.900000
GRASS_SPROUT
209.982010
162.587845
30.000000
1.000000
GRASS_SPROUT
210.734421
162.124420
120.000000
0.800000
GRASS_SPROUT
208.877975
162.291489
45.000000
1.050000
GRASS_SPROUT
207.990189
163.070419
285.000000
1.150000
GRASS_SPROUT
210.150177
161.373077
45.000000
0.900000
GRASS_SPROUT
211.561340
160.933044
75.000000
1.250000
GRASS_SPROUT
212.746445
160.663513
345.000000
1.250000
GRASS_SPROUT
210.973724
159.999435
105.000000
1.150000
GRASS_SPROUT
212.438171
159.238068
60.000000
0.900000
GRASS_SPROUT
211.963303
160.038330
30.000000
1.150000