TILE
24
37
FIELD_GRASS
0
PINE TREE 1
141.757568
219.576370
300.000000
1.250000
PINE TREE 1
141.000229
221.368942
120.000000
1.150000
GRASS_SPROUT
144.409042
224.446457
330.000000
1.000000
GRASS_SPROUT
144.348923
223.407272
240.000000
0.850000
GRASS_SPROUT
144.318802
222.591553
255.000000
1.100000
GRASS_SPROUT
144.255081
221.646347
210.000000
1.200000
GRASS_SPROUT
144.189743
220.778046
255.000000
0.900000
GRASS_SPROUT
144.088058
219.906296
135.000000
0.800000
GRASS_SPROUT
144.088669
219.144730
120.000000
0.850000
GRASS_SPROUT
142.543518
220.488708
225.000000
0.750000
GRASS_SPROUT
142.543518
221.614319
210.000000
1.250000
GRASS_SPROUT
142.543503
222.701508
120.000000
1.100000
GRASS_SPROUT
142.543503
223.580444
195.000000
0.950000
GRASS_SPROUT
143.226013
220.459320
240.000000
0.750000
GRASS_SPROUT
143.476730
221.228333
45.000000
1.000000
GRASS_SPROUT
143.485107
221.975372
225.000000
0.850000
GRASS_SPROUT
143.466385
223.229172
300.000000
0.950000
GRASS_SPROUT
143.383987
224.186127
0.000000
1.200000
GRASS_SPROUT
142.393494
224.528900
285.000000
1.150000
GRASS_SPROUT
141.827774
223.900208
195.000000
0.950000
GRASS_SPROUT
141.259949
223.258774
345.000000
0.950000
GRASS_SPROUT
145.296783
224.232162
135.000000
1.200000
GRASS_SPROUT
144.994873
223.079498
105.000000
0.900000