TILE
24
38
FIELD_GRASS
0
GRASS_SPROUT
145.678192
228.802383
225.000000
0.900000
GRASS_SPROUT
145.338486
227.786331
180.000000
0.950000
GRASS_SPROUT
145.070343
227.012085
195.000000
0.850000
GRASS_SPROUT
144.468002
225.390625
240.000000
0.900000
GRASS_SPROUT
143.373398
225.601791
45.000000
1.200000
GRASS_SPROUT
143.488281
226.719742
90.000000
1.050000
GRASS_SPROUT
141.813904
225.078125
90.000000
0.800000
GRASS_SPROUT
141.456848
226.020309
180.000000
1.000000
GRASS_SPROUT
141.239227
226.943054
180.000000
1.150000
GRASS_SPROUT
141.621384
227.808960
165.000000
1.100000
GRASS_SPROUT
143.019638
230.454666
0.000000
0.750000
GRASS_SPROUT
142.084457
229.981552
90.000000
1.200000
GRASS_SPROUT
141.575912
228.790268
345.000000
0.950000
GRASS_SPROUT
142.148361
226.484482
300.000000
0.750000
GRASS_SPROUT
142.459839
228.051147
210.000000
0.950000
GRASS_SPROUT
142.730652
229.052414
165.000000
1.000000
GRASS_SPROUT
143.283615
228.130920
0.000000
1.000000
GRASS_SPROUT
144.827728
229.702866
225.000000
1.100000
GRASS_SPROUT
144.216934
230.684540
225.000000
1.250000
GRASS_SPROUT
143.978333
228.828049
270.000000
1.150000
GRASS_SPROUT
143.968613
227.890167
285.000000
0.750000
GRASS_SPROUT
143.985229
227.268890
180.000000
0.750000
GRASS_SPROUT
144.657593
226.034195
195.000000
0.750000
GRASS_SPROUT
145.152985
225.182236
330.000000
0.800000
GRASS_SPROUT
146.115494
228.042831
225.000000
1.050000
GRASS_SPROUT
146.544861
228.967026
315.000000
1.000000
GRASS_SPROUT
146.938293
229.759842
270.000000
0.750000
GRASS_SPROUT
145.805359
225.602844
195.000000
0.900000
GRASS_SPROUT
146.094513
226.423248
270.000000
1.000000
GRASS_SPROUT
146.538574
227.187973
90.000000
1.000000
GRASS_SPROUT
146.976181
228.111404
30.000000
0.950000