TILE
25
35
FIELD_GRASS
0
PINE TREE 1
149.331940
208.670700
330.000000
1.050000
GRASS_SPROUT
147.550522
207.972412
135.000000
0.950000
GRASS_SPROUT
147.267548
212.500763
120.000000
1.100000
GRASS_SPROUT
148.205307
212.159698
240.000000
0.800000
GRASS_SPROUT
148.997360
211.687866
45.000000
1.200000
GRASS_SPROUT
149.956085
211.197418
180.000000
1.200000
GRASS_SPROUT
150.329880
210.182281
210.000000
0.850000
GRASS_SPROUT
150.364014
209.132980
135.000000
0.950000
GRASS_SPROUT
150.364014
208.328537
15.000000
0.850000
GRASS_SPROUT
150.364014
207.532120
135.000000
1.100000
GRASS_SPROUT
147.994720
208.779083
315.000000
1.250000
GRASS_SPROUT
147.768372
209.661194
315.000000
0.900000
GRASS_SPROUT
148.382523
210.064056
255.000000
0.850000
GRASS_SPROUT
148.998871
209.748734
195.000000
0.800000
GRASS_SPROUT
147.913742
210.775879
180.000000
1.100000
GRASS_SPROUT
150.766052
210.701935
45.000000
0.750000
GRASS_SPROUT
151.244461
210.273438
345.000000
0.800000
GRASS_SPROUT
152.001358
209.761047
315.000000
1.250000
GRASS_SPROUT
152.785828
208.855057
0.000000
1.150000
GRASS_SPROUT
152.494247
207.062180
255.000000
1.000000
GRASS_SPROUT
151.644333
208.124100
45.000000
1.150000
GRASS_SPROUT
151.046066
208.723083
195.000000
0.950000