TILE
79
27
FIELD_GRASS
0
GRASS_SPROUT
472.406036
159.287064
165.000000
1.250000
GRASS_SPROUT
472.406036
160.215363
75.000000
0.800000
GRASS_SPROUT
472.018585
160.975891
15.000000
1.100000
GRASS_SPROUT
471.729065
161.832779
30.000000
1.100000
GRASS_SPROUT
471.399384
160.171524
255.000000
0.750000
GRASS_SPROUT
471.886749
163.034607
315.000000
0.900000
GRASS_SPROUT
475.196228
159.760483
270.000000
1.150000
GRASS_SPROUT
474.978271
161.067764
180.000000
1.050000
GRASS_SPROUT
474.792419
162.711777
285.000000
1.200000
GRASS_SPROUT
474.753357
164.087769
300.000000
1.000000
GRASS_SPROUT
473.847107
164.975204
285.000000
0.900000
GRASS_SPROUT
473.568542
164.157135
165.000000
0.950000
GRASS_SPROUT
473.439667
163.375809
165.000000
0.950000
GRASS_SPROUT
473.470123
162.054108
75.000000
1.100000
GRASS_SPROUT
473.630035
160.896973
210.000000
1.150000
GRASS_SPROUT
473.696259
159.660934
345.000000
1.100000
GRASS_SPROUT
471.574158
163.832520
180.000000
0.800000
GRASS_SPROUT
472.627075
161.709991
135.000000
1.150000
GRASS_SPROUT
476.944702
164.125824
120.000000
0.800000
GRASS_SPROUT
476.441132
163.546570
330.000000
1.050000
GRASS_SPROUT
476.834808
161.782730
255.000000
1.150000
GRASS_SPROUT
475.666901
161.660934
315.000000
1.150000
GRASS_SPROUT
475.779999
162.601044
180.000000
1.150000
GRASS_SPROUT
476.362274
160.266632
45.000000
0.950000
GRASS_SPROUT
476.535248
159.487122
270.000000
0.750000
GRASS_SPROUT
476.164185
164.773407
315.000000
1.100000
GRASS_SPROUT
471.940887
164.635086
120.000000
1.250000
GRASS_SPROUT
472.857391
164.733673
90.000000
0.800000