TILE
74
28
FIELD_GRASS
0
GRASS_SPROUT
446.087433
167.514236
225.000000
1.100000
GRASS_SPROUT
445.522369
168.287903
195.000000
0.850000
GRASS_SPROUT
445.189026
169.384628
285.000000
1.200000
GRASS_SPROUT
445.049042
170.367447
210.000000
1.150000
GRASS_SPROUT
441.813385
165.199753
90.000000
1.200000
GRASS_SPROUT
446.738556
165.633408
315.000000
0.850000
GRASS_SPROUT
445.514771
165.705872
270.000000
1.000000
GRASS_SPROUT
444.797913
166.696274
135.000000
0.900000
GRASS_SPROUT
444.093750
167.773956
120.000000
1.250000
GRASS_SPROUT
444.378571
165.744598
240.000000
1.200000
GRASS_SPROUT
443.139374
165.833725
225.000000
1.100000
GRASS_SPROUT
443.834167
168.692932
120.000000
0.850000
GRASS_SPROUT
442.920441
169.083511
240.000000
0.850000
GRASS_SPROUT
442.568207
169.752960
345.000000
1.000000
GRASS_SPROUT
442.221100
170.722565
270.000000
1.050000
GRASS_SPROUT
441.706238
169.375320
0.000000
1.000000
GRASS_SPROUT
441.330841
168.050644
75.000000
0.750000
GRASS_SPROUT
441.637238
167.265991
195.000000
1.250000
GRASS_SPROUT
443.152130
170.619034
300.000000
1.150000
GRASS_SPROUT
442.753174
168.222336
150.000000
1.250000
GRASS_SPROUT
443.793945
169.828827
60.000000
1.100000
GRASS_SPROUT
442.658173
166.619843
165.000000
0.900000
GRASS_SPROUT
442.964996
167.427277
30.000000
0.750000