TILE
77
27
FIELD_GRASS
0
PINE TREE 2
459.414429
163.663528
270.000000
1.200000
PINE TREE 2
459.653687
161.744522
150.000000
1.050000
PINE TREE 2
460.479919
160.035812
135.000000
0.850000
PINE TREE 2
464.595276
164.238113
225.000000
1.200000
PINE TREE 2
464.232422
162.467636
210.000000
1.150000
PINE TREE 2
464.518250
160.851364
0.000000
0.900000
PINE TREE 2
462.690674
160.956024
285.000000
1.050000
PINE TREE 2
461.539886
162.032059
135.000000
0.850000
PINE TREE 2
461.214478
163.829285
120.000000
1.050000
PINE TREE 2
462.824493
164.481781
285.000000
1.100000
PINE TREE 2
463.247559
159.345459
15.000000
1.200000
PINE TREE 2
462.682739
162.754517
105.000000
0.950000
GRASS_SPROUT
461.933929
159.735153
330.000000
1.100000