TILE
75
23
FIELD_GRASS
0
GRASS_SPROUT
452.576355
135.759537
120.000000
1.200000
GRASS_SPROUT
451.483398
136.366974
45.000000
1.250000
GRASS_SPROUT
450.559143
136.366974
90.000000
0.750000
GRASS_SPROUT
449.850525
136.366974
90.000000
1.000000
GRASS_SPROUT
449.023285
136.426010
210.000000
0.800000
GRASS_SPROUT
448.246429
136.067200
255.000000
1.050000
GRASS_SPROUT
447.524109
135.347229
60.000000
1.250000
GRASS_SPROUT
450.643890
135.217453
300.000000
1.150000
GRASS_SPROUT
449.767151
135.345474
90.000000
0.900000