TILE
41
55
FIELD_GRASS
0
GRASS_SPROUT
243.212067
327.653259
180.000000
1.050000
GRASS_SPROUT
243.787674
328.335419
90.000000
1.050000
GRASS_SPROUT
243.656631
329.129547
75.000000
0.800000
GRASS_SPROUT
243.335464
329.984833
135.000000
0.850000
GRASS_SPROUT
244.207611
330.783966
150.000000
0.850000
GRASS_SPROUT
245.355942
329.585907
180.000000
1.150000
GRASS_SPROUT
246.159561
328.694458
15.000000
1.100000
GRASS_SPROUT
246.909271
328.023376
285.000000
0.800000
GRASS_SPROUT
247.429398
327.573822
195.000000
0.850000
GRASS_SPROUT
244.736649
327.652313
60.000000
1.200000
GRASS_SPROUT
245.473267
327.071228
90.000000
0.800000
GRASS_SPROUT
245.362335
332.533234
255.000000
0.800000
GRASS_SPROUT
246.092606
332.576019
195.000000
1.000000
GRASS_SPROUT
244.780914
331.957031
105.000000
1.200000
GRASS_SPROUT
248.063553
329.144226
75.000000
1.000000
GRASS_SPROUT
246.104721
331.794922
75.000000
0.900000
GRASS_SPROUT
247.759796
330.192993
165.000000
1.250000
GRASS_SPROUT
246.897675
332.005615
315.000000
0.800000
GRASS_SPROUT
247.029541
330.978790
60.000000
1.250000
GRASS_SPROUT
244.869995
330.552063
210.000000
0.900000
GRASS_SPROUT
248.480026
328.192017
195.000000
1.200000
GRASS_SPROUT
246.310547
330.313477
315.000000
1.050000
GRASS_SPROUT
246.974594
332.797546
135.000000
1.050000
GRASS_SPROUT
248.277252
331.671387
30.000000
1.050000
GRASS_SPROUT
245.611282
331.078247
255.000000
1.200000
GRASS_SPROUT
245.730194
327.787354
150.000000
1.050000
GRASS_SPROUT
248.341400
327.236755
210.000000
1.050000