TILE
49
54
FIELD_GRASS
0
PINE TREE 1
295.958588
325.897247
105.000000
1.100000
PINE TREE 1
294.411652
326.284485
105.000000
1.000000
PINE TREE 1
295.753784
321.010468
105.000000
1.200000
PINE TREE 1
296.743011
322.372192
285.000000
0.750000
PINE TREE 1
294.008209
324.974060
150.000000
0.800000
PINE TREE 1
294.988861
324.290253
150.000000
0.900000
PINE TREE 1
292.626465
325.982727
135.000000
1.200000
PINE TREE 1
291.079865
326.132233
180.000000
0.850000
PINE TREE 1
293.397736
323.590393
270.000000
1.250000
PINE TREE 1
294.342865
321.936768
75.000000
1.050000
PINE TREE 1
295.370758
322.843719
60.000000
0.850000
PINE TREE 1
292.087769
322.516327
30.000000
1.050000
PINE TREE 1
291.740936
324.742615
195.000000
0.950000