TILE
48
51
FIELD_GRASS
0
GRASS_SPROUT
285.669250
303.375397
285.000000
1.100000
GRASS_SPROUT
286.806854
303.895935
210.000000
1.200000
GRASS_SPROUT
288.127441
304.219757
255.000000
1.100000
GRASS_SPROUT
289.172028
304.431091
285.000000
1.050000
GRASS_SPROUT
289.943481
304.673248
300.000000
0.950000
GRASS_SPROUT
290.745392
304.877136
135.000000
0.950000
GRASS_SPROUT
289.309357
303.413269
15.000000
1.250000
GRASS_SPROUT
287.749146
303.526276
270.000000
0.750000
GRASS_SPROUT
290.261688
303.749329
285.000000
1.250000