TILE
40
52
FIELD_GRASS
0
PINE TREE 1
238.657593
314.845886
135.000000
0.850000
PINE TREE 1
238.692047
313.347931
165.000000
0.950000
PINE TREE 1
238.714691
311.787262
270.000000
1.000000
PINE TREE 1
238.633911
310.413818
240.000000
0.750000
GRASS_SPROUT
240.625748
309.027863
120.000000
1.100000
GRASS_SPROUT
239.519501
309.713257
255.000000
0.950000
GRASS_SPROUT
239.570587
310.830933
180.000000
1.200000
GRASS_SPROUT
240.337479
311.507843
165.000000
0.900000
GRASS_SPROUT
240.412430
312.460419
150.000000
0.900000
GRASS_SPROUT
241.184525
311.207275
60.000000
0.900000
GRASS_SPROUT
241.719437
310.107788
30.000000
0.750000
GRASS_SPROUT
242.790436
310.736664
300.000000
1.000000
GRASS_SPROUT
241.986618
311.539581
45.000000
1.200000
GRASS_SPROUT
241.314835
312.061005
150.000000
0.900000
GRASS_SPROUT
241.011551
312.948761
45.000000
0.900000
GRASS_SPROUT
241.011551
313.864929
240.000000
0.900000
GRASS_SPROUT
241.011551
314.725037
165.000000
0.900000
GRASS_SPROUT
239.930023
314.702820
0.000000
1.250000