TILE
44
58
FIELD_GRASS
0
PINE TREE 1
263.088684
349.747620
150.000000
1.100000
PINE TREE 1
261.692810
349.175903
90.000000
0.900000
PINE TREE 1
265.144897
348.976471
195.000000
1.200000
PINE TREE 1
266.092255
347.318604
0.000000
1.200000
PINE TREE 1
264.510895
350.689941
330.000000
1.250000
PINE TREE 1
263.927643
347.917755
180.000000
1.000000
PINE TREE 1
262.603394
347.862305
285.000000
0.750000
PINE TREE 1
263.187958
346.519073
210.000000
0.750000
PINE TREE 1
264.382263
345.475830
285.000000
0.900000
PINE TREE 1
262.420380
345.665161
225.000000
0.850000
PINE TREE 1
261.096313
346.203552
195.000000
1.150000
PINE TREE 1
266.001984
345.681091
210.000000
0.800000