TILE
49
59
FIELD_GRASS
0
PINE TREE 1
295.357391
355.096069
180.000000
0.850000
PINE TREE 1
293.766144
355.096069
300.000000
0.850000
PINE TREE 1
292.233765
355.096069
270.000000
1.150000
PINE TREE 1
294.845886
356.561249
225.000000
1.100000
PINE TREE 1
293.328583
351.250702
135.000000
1.100000
PINE TREE 1
296.370758
352.048126
240.000000
0.950000
PINE TREE 1
292.287933
352.834351
105.000000
1.000000
PINE TREE 1
295.466003
353.167725
285.000000
1.000000
PINE TREE 1
295.038391
351.771637
75.000000
0.750000
PINE TREE 1
294.199890
352.465179
0.000000
0.800000
PINE TREE 1
293.449341
353.625854
195.000000
0.850000