TILE
44
59
FIELD_GRASS
0
PINE TREE 1
266.740112
353.229706
90.000000
0.950000
PINE TREE 1
265.639099
354.316803
255.000000
0.950000
PINE TREE 1
264.558350
355.389221
300.000000
0.900000
PINE TREE 1
263.488892
356.453369
195.000000
0.950000
PINE TREE 1
261.103180
355.969147
30.000000
0.850000
PINE TREE 1
261.103180
354.578522
195.000000
0.950000
PINE TREE 1
262.432190
353.755493
150.000000
0.800000
PINE TREE 1
263.428650
353.119507
15.000000
0.750000
PINE TREE 1
262.962341
355.033142
150.000000
1.050000
PINE TREE 1
263.054138
351.659546
105.000000
1.050000
PINE TREE 1
264.617859
352.343323
90.000000
1.050000
PINE TREE 1
266.204041
351.364899
345.000000
1.000000
PINE TREE 1
261.186462
353.245789
225.000000
0.850000
GRASS_SPROUT
266.777374
354.710205
165.000000
1.100000
GRASS_SPROUT
265.665070
355.393219
240.000000
0.950000
GRASS_SPROUT
265.713379
356.250092
165.000000
1.050000
GRASS_SPROUT
265.227692
356.791809
240.000000
0.750000