TILE
43
55
FIELD_GRASS
0
PINE TREE 1
260.580566
328.676544
0.000000
1.200000
PINE TREE 1
260.009796
330.319153
255.000000
1.100000
PINE TREE 1
258.525940
331.168884
60.000000
1.200000
PINE TREE 1
258.105072
329.740356
75.000000
0.850000
PINE TREE 1
257.690155
327.810150
75.000000
0.800000
PINE TREE 1
255.626602
327.286560
330.000000
1.150000
PINE TREE 1
255.727509
328.942108
45.000000
1.000000
PINE TREE 1
255.646591
330.432007
225.000000
1.050000
PINE TREE 1
255.411484
331.856842
15.000000
0.850000
PINE TREE 1
260.864594
331.955872
30.000000
1.250000
PINE TREE 1
256.971100
331.875916
240.000000
1.150000
PINE TREE 1
258.586670
332.576538
15.000000
0.800000
PINE TREE 1
258.936096
328.695007
345.000000
0.950000