TILE
43
51
FIELD_GRASS
0
PINE TREE 1
260.888306
304.486572
180.000000
0.900000
PINE TREE 1
259.426208
304.206696
135.000000
0.850000
PINE TREE 1
258.125275
303.616364
30.000000
1.150000
PINE TREE 1
260.475159
303.023346
0.000000
1.250000
GRASS_SPROUT
255.824570
303.520966
255.000000
1.050000
GRASS_SPROUT
255.309280
305.292267
300.000000
0.850000
GRASS_SPROUT
256.631836
305.159302
180.000000
1.050000
GRASS_SPROUT
257.824799
305.203766
150.000000
1.250000
GRASS_SPROUT
258.827393
305.336334
60.000000
0.950000
GRASS_SPROUT
259.689240
305.511139
225.000000
1.050000
GRASS_SPROUT
260.392090
305.683807
15.000000
0.750000