TILE
41
57
FIELD_GRASS
0
PINE TREE 1
243.378235
344.155396
180.000000
1.150000
PINE TREE 1
245.214508
344.312317
300.000000
1.200000
GRASS_SPROUT
248.523392
340.616913
105.000000
1.050000
GRASS_SPROUT
248.037094
341.190674
345.000000
0.800000
GRASS_SPROUT
247.292053
341.969849
165.000000
0.800000
GRASS_SPROUT
246.658051
342.740753
225.000000
1.150000
GRASS_SPROUT
246.751465
339.261780
15.000000
0.800000
GRASS_SPROUT
246.806625
340.539459
15.000000
1.200000
GRASS_SPROUT
246.806625
341.427704
285.000000
1.000000
GRASS_SPROUT
247.335526
339.770538
135.000000
1.050000
GRASS_SPROUT
245.944611
341.101318
30.000000
0.850000
GRASS_SPROUT
245.075577
342.106293
30.000000
1.250000
GRASS_SPROUT
248.285660
341.772308
150.000000
0.750000
GRASS_SPROUT
247.842239
342.531403
75.000000
0.950000
GRASS_SPROUT
247.458542
343.273621
105.000000
0.950000
GRASS_SPROUT
247.234665
343.976929
45.000000
0.750000
GRASS_SPROUT
247.023972
344.680389
180.000000
0.750000
GRASS_SPROUT
246.208801
341.958160
120.000000
0.900000
GRASS_SPROUT
244.405945
343.090881
30.000000
0.750000
GRASS_SPROUT
243.908676
341.194336
0.000000
1.150000
GRASS_SPROUT
244.563248
339.944122
45.000000
1.000000
GRASS_SPROUT
245.025192
339.170502
315.000000
0.950000
GRASS_SPROUT
243.554840
339.913879
90.000000
1.200000
GRASS_SPROUT
245.888214
340.033813
15.000000
1.050000
GRASS_SPROUT
248.033356
344.418671
165.000000
1.150000