TILE
45
59
FIELD_GRASS
0
PINE TREE 1
268.931213
351.169250
90.000000
1.000000
PINE TREE 1
267.783173
352.208221
45.000000
0.950000
GRASS_SPROUT
272.872345
351.384918
120.000000
1.000000
GRASS_SPROUT
271.835968
351.701172
15.000000
1.150000
GRASS_SPROUT
270.995850
352.048157
150.000000
0.800000
GRASS_SPROUT
270.244690
352.423187
285.000000
1.050000
GRASS_SPROUT
269.345459
352.751617
15.000000
1.100000
GRASS_SPROUT
268.535309
353.036621
0.000000
0.950000
GRASS_SPROUT
267.844513
353.349701
315.000000
0.850000
GRASS_SPROUT
272.589355
352.286560
240.000000
1.200000
GRASS_SPROUT
271.752899
352.562378
255.000000
0.800000
GRASS_SPROUT
269.076172
353.741119
270.000000
1.200000
GRASS_SPROUT
267.783905
354.314880
345.000000
1.200000