TILE
49
50
FIELD_GRASS
0
PINE TREE 1
296.968506
297.769470
300.000000
0.900000
PINE TREE 1
296.692383
302.708984
105.000000
1.100000
PINE TREE 1
295.543701
301.630859
330.000000
0.850000
PINE TREE 1
294.319305
300.484558
75.000000
0.950000
PINE TREE 1
293.209778
299.402313
75.000000
0.900000
PINE TREE 1
291.550171
298.424927
255.000000
1.150000
PINE TREE 1
295.695618
300.361938
180.000000
0.950000
PINE TREE 1
294.722504
298.694244
270.000000
1.100000
PINE TREE 1
296.999847
299.765167
315.000000
0.900000
PINE TREE 1
293.683777
297.782593
315.000000
0.800000
PINE TREE 1
292.533081
297.311310
240.000000
0.950000
GRASS_SPROUT
291.315796
302.268066
270.000000
1.200000
GRASS_SPROUT
292.288940
302.268066
15.000000
0.800000
GRASS_SPROUT
292.797333
298.568390
345.000000
0.750000
GRASS_SPROUT
293.675720
301.285614
345.000000
0.850000
GRASS_SPROUT
292.528381
301.505188
0.000000
1.150000
GRASS_SPROUT
291.565826
301.285614
315.000000
0.900000
GRASS_SPROUT
293.982117
302.102142
45.000000
1.250000
GRASS_SPROUT
291.185059
300.085999
285.000000
0.850000
GRASS_SPROUT
294.799255
302.472626
90.000000
0.750000
GRASS_SPROUT
292.457245
300.418884
285.000000
0.900000
GRASS_SPROUT
293.176880
300.605774
15.000000
0.900000
GRASS_SPROUT
293.231659
302.951294
0.000000
1.200000