TILE
93
11
FIELD_GRASS
0
GRASS_SPROUT
559.395508
68.367882
75.000000
1.100000
GRASS_SPROUT
559.914673
67.818871
315.000000
0.750000
GRASS_SPROUT
560.295410
67.182434
300.000000
0.750000
GRASS_SPROUT
560.247437
66.512939
330.000000
0.800000
GRASS_SPROUT
560.416199
65.749580
300.000000
0.950000
GRASS_SPROUT
559.540588
66.973923
165.000000
1.200000
GRASS_SPROUT
560.103882
68.746880
255.000000
0.800000
GRASS_SPROUT
559.370850
65.787788
120.000000
1.150000
GRASS_SPROUT
559.646423
64.889854
135.000000
1.100000
GRASS_SPROUT
560.402832
64.293190
240.000000
0.750000