TILE
98
12
FIELD_GRASS
0
PINE TREE 2
588.211914
69.510788
240.000000
0.950000
PINE TREE 2
590.055420
69.592941
15.000000
1.000000
PINE TREE 2
589.237610
70.940865
30.000000
1.100000
PINE TREE 2
588.030334
71.964828
165.000000
0.950000
PINE TREE 2
586.187988
71.773285
15.000000
1.150000
PINE TREE 2
590.766296
71.946762
150.000000
0.900000
PINE TREE 2
585.940613
73.443161
270.000000
1.000000
PINE TREE 2
587.504395
74.243446
240.000000
1.200000
PINE TREE 2
589.260681
73.692184
165.000000
1.100000
GRASS_SPROUT
585.590942
69.317688
90.000000
1.200000
GRASS_SPROUT
586.630127
69.678352
210.000000
0.900000
GRASS_SPROUT
587.065796
70.573593
150.000000
1.050000
GRASS_SPROUT
585.669067
70.563873
285.000000
0.850000
GRASS_SPROUT
588.197510
73.208878
225.000000
0.800000