TILE
91
14
FIELD_GRASS
0
PINE TREE 2
543.943176
86.933113
0.000000
1.000000
GRASS_SPROUT
548.833191
83.502831
300.000000
0.900000
GRASS_SPROUT
548.261902
84.315002
255.000000
1.050000
GRASS_SPROUT
547.657715
85.043953
30.000000
1.250000
GRASS_SPROUT
547.021301
85.799919
315.000000
1.000000
GRASS_SPROUT
546.203491
86.605774
315.000000
1.250000
GRASS_SPROUT
543.694763
85.149780
255.000000
0.900000
GRASS_SPROUT
544.561218
84.757339
30.000000
1.200000
GRASS_SPROUT
545.542969
84.648178
15.000000
0.950000
GRASS_SPROUT
546.221069
84.464142
225.000000
0.800000
GRASS_SPROUT
546.908630
84.239784
120.000000
0.950000
GRASS_SPROUT
544.434509
85.766541
345.000000
1.150000
GRASS_SPROUT
545.754028
85.358788
255.000000
0.900000
GRASS_SPROUT
547.591736
83.582817
105.000000
1.100000
GRASS_SPROUT
548.259766
82.737991
330.000000
1.000000
GRASS_SPROUT
548.829346
81.761688
75.000000
0.850000