TILE
95
10
FIELD_GRASS
0
GRASS_SPROUT
571.819641
58.494583
135.000000
1.000000
GRASS_SPROUT
572.927734
58.733910
270.000000
0.850000
GRASS_SPROUT
571.962646
57.100674
330.000000
0.900000
GRASS_SPROUT
572.336426
57.839725
30.000000
1.050000
GRASS_SPROUT
570.949890
58.071644
150.000000
1.200000
GRASS_SPROUT
570.496033
57.057266
255.000000
1.200000
GRASS_SPROUT
572.623962
59.648514
195.000000
0.850000
GRASS_SPROUT
571.984741
59.308537
165.000000
0.900000
GRASS_SPROUT
570.399902
58.761559
135.000000
0.950000
GRASS_SPROUT
570.961365
59.270214
195.000000
0.900000
GRASS_SPROUT
569.378418
58.833260
75.000000
1.150000
GRASS_SPROUT
569.423157
58.051048
60.000000
0.750000
GRASS_SPROUT
569.474670
57.103325
210.000000
1.050000
GRASS_SPROUT
570.053101
58.052422
330.000000
0.800000