TILE
93
17
FIELD_GRASS
0
GRASS_SPROUT
559.596008
99.298622
255.000000
1.200000
GRASS_SPROUT
558.842712
100.045830
315.000000
0.950000
GRASS_SPROUT
558.247131
100.553444
165.000000
0.950000
GRASS_SPROUT
557.540161
101.072578
45.000000
0.850000
GRASS_SPROUT
556.912964
101.478386
255.000000
0.950000
GRASS_SPROUT
556.034180
102.018028
45.000000
1.000000
GRASS_SPROUT
555.018860
102.505394
75.000000
1.250000
GRASS_SPROUT
555.326538
101.469093
345.000000
0.900000
GRASS_SPROUT
556.127625
100.741997
285.000000
1.150000
GRASS_SPROUT
556.732056
100.099960
75.000000
0.800000
GRASS_SPROUT
557.376160
99.387268
345.000000
1.150000
GRASS_SPROUT
556.016418
99.560722
75.000000
0.950000