TILE
92
16
FIELD_GRASS
0
PINE TREE 2
551.485901
98.275162
300.000000
1.050000
GRASS_SPROUT
553.064514
98.646194
330.000000
0.750000
GRASS_SPROUT
552.752075
97.968987
315.000000
0.950000
GRASS_SPROUT
550.186462
97.970558
345.000000
1.250000
GRASS_SPROUT
549.198669
97.811600
0.000000
1.100000
GRASS_SPROUT
549.768860
96.915688
270.000000
1.100000
GRASS_SPROUT
550.433960
96.238106
210.000000
0.850000
GRASS_SPROUT
551.074768
96.144089
135.000000
0.750000
GRASS_SPROUT
549.442566
96.080215
15.000000
1.100000
GRASS_SPROUT
550.759827
95.400658
120.000000
1.000000
GRASS_SPROUT
551.709290
94.943291
120.000000
1.250000
GRASS_SPROUT
552.566589
94.634155
0.000000
0.950000
GRASS_SPROUT
553.621338
94.241394
255.000000
1.200000
GRASS_SPROUT
554.703491
94.018364
120.000000
0.850000
GRASS_SPROUT
552.494324
97.105408
120.000000
0.950000
GRASS_SPROUT
552.250549
96.111732
225.000000
1.050000
GRASS_SPROUT
553.442993
95.838577
120.000000
1.250000
GRASS_SPROUT
554.374390
95.792732
240.000000
0.950000
GRASS_SPROUT
554.364624
94.945633
210.000000
0.850000
GRASS_SPROUT
553.142395
95.090187
210.000000
0.750000
GRASS_SPROUT
553.529968
97.428802
240.000000
1.000000
GRASS_SPROUT
554.424133
98.255463
210.000000
1.250000
GRASS_SPROUT
554.795776
97.388130
315.000000
1.100000