TILE
77
18
FIELD_GRASS
0
PINE TREE 1
461.302704
109.656586
165.000000
0.800000
GRASS_SPROUT
464.028809
110.238052
315.000000
1.000000
GRASS_SPROUT
463.216522
110.595314
330.000000
1.100000
GRASS_SPROUT
462.230560
110.874001
135.000000
0.900000
GRASS_SPROUT
461.299805
110.874001
45.000000
1.050000
GRASS_SPROUT
460.321960
110.489197
150.000000
1.200000
GRASS_SPROUT
459.801025
109.606842
135.000000
1.050000
GRASS_SPROUT
459.861908
108.742081
105.000000
0.950000
GRASS_SPROUT
460.748871
107.861496
330.000000
0.900000
GRASS_SPROUT
461.690491
107.241837
225.000000
0.900000
GRASS_SPROUT
462.357727
106.735291
210.000000
0.900000
GRASS_SPROUT
463.187744
106.499046
45.000000
0.750000
GRASS_SPROUT
463.921661
106.594002
90.000000
0.900000
GRASS_SPROUT
459.184875
110.274239
165.000000
1.100000
GRASS_SPROUT
461.729980
108.701416
330.000000
1.050000
GRASS_SPROUT
462.483429
108.203651
285.000000
0.750000
GRASS_SPROUT
463.225433
107.904739
0.000000
1.150000
GRASS_SPROUT
464.531158
108.863365
120.000000
0.950000
GRASS_SPROUT
463.380829
109.181511
150.000000
1.150000
GRASS_SPROUT
462.414337
110.060303
315.000000
0.850000
GRASS_SPROUT
459.302795
108.131683
300.000000
1.050000
GRASS_SPROUT
460.854004
106.941353
135.000000
1.250000
GRASS_SPROUT
459.483215
107.249329
240.000000
0.750000