TILE
75
18
FIELD_GRASS
0
PINE TREE 1
451.515045
108.744385
135.000000
1.200000
GRASS_SPROUT
452.477661
109.945190
225.000000
0.950000
GRASS_SPROUT
450.342010
109.316673
285.000000
1.050000
GRASS_SPROUT
449.949890
108.516487
75.000000
0.950000
GRASS_SPROUT
449.982391
107.475647
0.000000
1.200000
GRASS_SPROUT
450.561493
106.626030
180.000000
1.200000
GRASS_SPROUT
451.483704
106.179985
105.000000
0.900000
GRASS_SPROUT
452.320068
106.179985
240.000000
1.150000
GRASS_SPROUT
452.585297
106.980247
30.000000
0.850000
GRASS_SPROUT
452.869659
107.734779
330.000000
1.000000
GRASS_SPROUT
451.703918
110.036644
105.000000
0.850000
GRASS_SPROUT
451.036407
109.945190
330.000000
0.800000
GRASS_SPROUT
452.473694
110.743401
345.000000
1.000000
GRASS_SPROUT
450.988281
110.840332
315.000000
1.050000