TILE
32
33
FIELD_DIRT
16
GRASS_SPROUT
189.859451
197.579193
60.000000
1.250000
GRASS_SPROUT
190.839767
196.886154
240.000000
1.250000
GRASS_SPROUT
192.128464
196.886154
240.000000
1.250000
GRASS_SPROUT
193.055939
196.886169
210.000000
0.800000
GRASS_SPROUT
193.951370
196.886154
30.000000
1.150000
GRASS_SPROUT
194.874008
196.886185
150.000000
1.000000
GRASS_SPROUT
189.969437
196.155075
225.000000
1.200000
GRASS_SPROUT
189.074524
195.859833
345.000000
1.100000
GRASS_SPROUT
191.232513
195.757996
15.000000
0.800000
GRASS_SPROUT
192.179077
195.790131
75.000000
1.200000
GRASS_SPROUT
193.204269
195.790131
210.000000
1.200000
GRASS_SPROUT
194.425446
195.790131
30.000000
1.050000
GRASS_SPROUT
194.736420
198.983826
195.000000
1.250000
GRASS_SPROUT
193.513596
198.823853
75.000000
0.950000
GRASS_SPROUT
192.291779
198.717834
345.000000
1.000000
GRASS_SPROUT
191.487045
198.669434
120.000000
0.850000
GRASS_SPROUT
190.550995
198.728455
105.000000
1.150000
GRASS_SPROUT
189.525314
198.895996
330.000000
1.200000
GRASS_SPROUT
189.523941
200.045288
195.000000
1.250000
GRASS_SPROUT
190.473694
200.074539
45.000000
0.900000
GRASS_SPROUT
191.390442
199.897873
315.000000
1.250000
GRASS_SPROUT
192.345703
199.897873
285.000000
0.900000
GRASS_SPROUT
193.218231
199.868164
150.000000
1.250000
GRASS_SPROUT
191.076035
197.964737
255.000000
1.100000
GRASS_SPROUT
192.394150
197.906845
120.000000
0.800000
GRASS_SPROUT
194.055908
198.124237
240.000000
0.950000
GRASS_SPROUT
194.941925
198.064270
255.000000
1.050000
GRASS_SPROUT
194.456680
199.819794
165.000000
0.950000