TILE
34
38
FIELD_GRASS
0
GRASS_SPROUT
201.393311
227.947952
120.000000
1.100000
GRASS_SPROUT
201.960144
227.374664
15.000000
0.800000
GRASS_SPROUT
202.480225
226.775406
75.000000
0.950000
GRASS_SPROUT
203.043228
225.816620
75.000000
0.950000
GRASS_SPROUT
203.633072
225.069412
75.000000
0.750000
GRASS_SPROUT
202.387543
227.932587
330.000000
0.850000
GRASS_SPROUT
203.309769
227.767441
45.000000
0.950000
GRASS_SPROUT
204.354446
227.695786
315.000000
1.150000
GRASS_SPROUT
205.403305
227.551270
285.000000
1.050000
GRASS_SPROUT
206.599838
227.478378
285.000000
1.150000
GRASS_SPROUT
204.827469
226.763321
300.000000
0.750000
GRASS_SPROUT
205.594482
226.469360
330.000000
0.750000
GRASS_SPROUT
206.717819
225.863220
60.000000
1.100000
GRASS_SPROUT
204.951126
225.708481
0.000000
0.950000
GRASS_SPROUT
205.817810
225.694427
330.000000
1.150000
GRASS_SPROUT
203.614639
226.976013
300.000000
1.150000
GRASS_SPROUT
203.869049
225.900558
210.000000
0.950000
GRASS_SPROUT
201.625244
226.269745
165.000000
0.850000
GRASS_SPROUT
201.238464
225.333237
225.000000
1.100000