TILE
36
37
FIELD_GRASS
0
PINE TREE 1
216.918045
224.059998
165.000000
1.250000
PINE TREE 1
217.259430
222.618439
225.000000
0.750000
PINE TREE 1
217.395569
221.356598
165.000000
1.050000
PINE TREE 1
216.468704
220.378281
165.000000
0.750000
PINE TREE 1
214.972122
220.143921
315.000000
1.250000
PINE TREE 1
213.506989
220.117020
195.000000
0.750000
PINE TREE 1
213.989792
221.511429
75.000000
0.850000
PINE TREE 1
215.392502
223.411621
255.000000
1.050000
PINE TREE 1
213.937820
223.473175
90.000000
0.800000
PINE TREE 1
218.437775
223.225098
105.000000
0.900000
PINE TREE 1
215.588821
221.690308
45.000000
1.100000
GRASS_SPROUT
214.321350
224.302246
180.000000
0.800000
GRASS_SPROUT
215.099823
224.754913
180.000000
0.800000
GRASS_SPROUT
214.594269
222.255142
120.000000
0.900000
GRASS_SPROUT
218.265060
219.265305
270.000000
1.050000
GRASS_SPROUT
218.640106
221.745605
180.000000
1.200000