TILE
30
36
FIELD_GRASS
0
GRASS_SPROUT
182.565292
213.515289
225.000000
0.850000
GRASS_SPROUT
181.295654
213.810638
120.000000
1.150000
GRASS_SPROUT
180.335770
213.956146
195.000000
1.150000
GRASS_SPROUT
182.509247
214.909134
45.000000
1.000000
GRASS_SPROUT
181.676056
214.943817
120.000000
1.050000
GRASS_SPROUT
180.786179
215.081619
345.000000
1.000000
GRASS_SPROUT
182.026398
215.650665
15.000000
0.850000
GRASS_SPROUT
182.074661
217.842056
15.000000
1.000000
GRASS_SPROUT
182.317520
217.106232
255.000000
0.800000
GRASS_SPROUT
182.355164
216.384201
75.000000
0.900000
GRASS_SPROUT
181.371399
217.169724
105.000000
1.250000
GRASS_SPROUT
180.429337
218.067902
45.000000
1.050000
GRASS_SPROUT
179.465210
218.783783
225.000000
0.750000
GRASS_SPROUT
177.076126
217.632004
45.000000
1.200000
GRASS_SPROUT
177.540817
216.974579
330.000000
0.750000
GRASS_SPROUT
177.972183
216.199371
165.000000
1.150000
GRASS_SPROUT
178.485077
215.288437
15.000000
1.200000
GRASS_SPROUT
179.033157
214.314972
165.000000
1.100000
GRASS_SPROUT
179.408203
215.554810
0.000000
1.000000
GRASS_SPROUT
179.382568
216.734558
90.000000
1.000000
GRASS_SPROUT
178.824142
217.442032
0.000000
0.800000
GRASS_SPROUT
178.299301
217.930298
30.000000
0.800000
GRASS_SPROUT
180.482239
216.407715
135.000000
1.100000
GRASS_SPROUT
178.148697
213.775635
45.000000
1.250000
GRASS_SPROUT
177.388718
213.247726
225.000000
0.900000
GRASS_SPROUT
177.608810
214.764404
105.000000
0.750000
GRASS_SPROUT
179.618164
213.279434
105.000000
1.100000
GRASS_SPROUT
178.744629
213.152084
135.000000
0.900000
GRASS_SPROUT
177.545731
218.471634
60.000000
1.200000
GRASS_SPROUT
179.537216
217.868515
240.000000
1.200000