TILE
39
30
FIELD_GRASS
0
GRASS_SPROUT
231.752243
182.246262
285.000000
1.000000
GRASS_SPROUT
231.971146
181.451263
240.000000
0.850000
GRASS_SPROUT
233.012161
181.090012
210.000000
1.150000
GRASS_SPROUT
234.559357
180.878952
150.000000
1.200000
GRASS_SPROUT
235.878769
180.928268
120.000000
1.100000
GRASS_SPROUT
233.857285
182.760117
345.000000
1.200000
GRASS_SPROUT
236.609695
182.881393
345.000000
0.750000
GRASS_SPROUT
235.825943
182.263870
255.000000
0.800000
GRASS_SPROUT
235.140671
181.792679
0.000000
1.100000
GRASS_SPROUT
234.011200
181.965881
180.000000
0.800000
GRASS_SPROUT
233.239517
182.008835
90.000000
1.050000