TILE
85
3
FIELD_GRASS
0
PINE TREE 1
507.124786
19.178522
255.000000
0.900000
GRASS_SPROUT
507.594940
16.511642
75.000000
1.000000
GRASS_SPROUT
508.500885
16.424496
135.000000
1.000000
GRASS_SPROUT
509.169403
16.727135
255.000000
0.800000
GRASS_SPROUT
509.673126
17.272171
270.000000
0.900000
GRASS_SPROUT
509.708588
18.338345
30.000000
1.100000
GRASS_SPROUT
509.542480
19.111454
345.000000
0.850000
GRASS_SPROUT
509.072906
19.738569
60.000000
0.900000
GRASS_SPROUT
508.584839
20.399918
75.000000
1.100000
GRASS_SPROUT
508.106171
19.533009
165.000000
1.000000
GRASS_SPROUT
508.573944
18.749100
15.000000
1.250000
GRASS_SPROUT
508.519440
17.796175
15.000000
0.850000
GRASS_SPROUT
507.846741
17.756586
285.000000
0.750000