TILE
92
21
FIELD_GRASS
0
GRASS_SPROUT
551.896484
123.442711
165.000000
1.100000
GRASS_SPROUT
551.896912
124.567329
270.000000
0.850000
GRASS_SPROUT
551.897217
125.608574
300.000000
0.900000
GRASS_SPROUT
551.897461
126.701607
240.000000
1.000000
GRASS_SPROUT
551.897644
127.679344
135.000000
0.950000
GRASS_SPROUT
551.897705
128.637207
60.000000
1.200000
GRASS_SPROUT
549.606323
128.595581
30.000000
0.800000
GRASS_SPROUT
554.799133
128.758728
180.000000
0.900000
GRASS_SPROUT
553.623352
128.758728
210.000000
0.950000
GRASS_SPROUT
552.740723
128.943832
165.000000
0.950000
GRASS_SPROUT
553.023438
128.316483
165.000000
0.750000
GRASS_SPROUT
553.256287
127.221512
90.000000
0.950000
GRASS_SPROUT
553.313965
126.480721
180.000000
0.900000
GRASS_SPROUT
553.346069
125.445343
180.000000
1.050000
GRASS_SPROUT
553.256775
124.483551
285.000000
1.100000
GRASS_SPROUT
553.225281
123.640083
150.000000
0.900000
GRASS_SPROUT
553.964905
126.009789
105.000000
0.950000
GRASS_SPROUT
554.320068
126.758057
150.000000
0.900000
GRASS_SPROUT
554.493774
127.614082
0.000000
1.050000
GRASS_SPROUT
554.530457
125.499435
315.000000
0.900000
GRASS_SPROUT
554.259888
123.468781
270.000000
1.250000
GRASS_SPROUT
551.200256
126.117889
210.000000
1.200000
GRASS_SPROUT
550.259094
126.779205
255.000000
1.150000
GRASS_SPROUT
550.120789
127.650459
105.000000
1.000000
GRASS_SPROUT
550.974487
127.996407
285.000000
1.250000
GRASS_SPROUT
551.249268
127.096138
210.000000
0.800000
GRASS_SPROUT
549.469055
126.117889
90.000000
0.900000
GRASS_SPROUT
549.817688
125.353455
15.000000
1.150000
GRASS_SPROUT
549.849548
124.258965
180.000000
1.200000
GRASS_SPROUT
550.264465
123.570221
45.000000
0.800000
GRASS_SPROUT
550.655396
124.561600
150.000000
0.950000