TILE
90
21
FIELD_GRASS
0
GRASS_SPROUT
539.611084
125.481964
210.000000
0.800000
GRASS_SPROUT
537.133179
125.021561
225.000000
0.950000
GRASS_SPROUT
537.979919
125.055031
315.000000
1.050000
GRASS_SPROUT
538.855713
125.088394
135.000000
0.900000
GRASS_SPROUT
540.458740
125.187988
330.000000
1.250000
GRASS_SPROUT
541.834045
125.253929
300.000000
0.900000
GRASS_SPROUT
541.101868
125.950485
315.000000
0.900000
GRASS_SPROUT
541.708862
126.360062
75.000000
0.850000
GRASS_SPROUT
542.548462
126.685715
345.000000
1.000000
GRASS_SPROUT
537.205994
123.097160
315.000000
0.850000
GRASS_SPROUT
537.381836
124.118111
0.000000
0.850000
GRASS_SPROUT
539.320496
123.588806
180.000000
1.100000
GRASS_SPROUT
540.818909
123.517982
345.000000
1.000000
GRASS_SPROUT
538.421692
123.875046
105.000000
1.200000
GRASS_SPROUT
540.102417
124.076302
285.000000
0.900000
GRASS_SPROUT
541.230042
124.143341
60.000000
0.850000
GRASS_SPROUT
542.338196
124.177765
150.000000
1.250000