TILE
12
70
FIELD_GRASS
0
GRASS_SPROUT
72.512337
417.163330
0.000000
0.850000
GRASS_SPROUT
72.165497
418.270996
195.000000
0.750000
GRASS_SPROUT
72.018677
419.442261
210.000000
1.150000
GRASS_SPROUT
71.916954
420.790649
270.000000
0.950000
GRASS_SPROUT
71.923897
421.910675
30.000000
0.900000
GRASS_SPROUT
72.735352
422.080231
315.000000
1.100000
GRASS_SPROUT
71.377434
422.547028
270.000000
0.800000
GRASS_SPROUT
70.755539
421.986847
60.000000
1.050000
GRASS_SPROUT
70.077850
420.946869
225.000000
1.250000
GRASS_SPROUT
69.599365
419.917450
75.000000
0.900000
GRASS_SPROUT
69.474503
418.965424
300.000000
0.750000
GRASS_SPROUT
69.567268
418.209473
180.000000
1.050000
GRASS_SPROUT
69.943520
417.286163
210.000000
1.100000
GRASS_SPROUT
70.583908
417.938141
105.000000
1.150000
GRASS_SPROUT
70.685707
419.170593
60.000000
1.250000
GRASS_SPROUT
70.846359
420.248077
345.000000
1.250000
GRASS_SPROUT
69.895851
422.341339
90.000000
1.150000