TILE
12
72
FIELD_GRASS
0
PINE TREE 1
74.991722
431.328461
90.000000
0.850000
PINE TREE 1
73.305481
432.003265
60.000000
1.100000
PINE TREE 1
71.488647
432.357513
45.000000
1.000000
PINE TREE 1
70.048607
432.508789
150.000000
0.900000
PINE TREE 1
70.022034
434.865417
105.000000
1.250000
PINE TREE 1
72.334503
433.700134
75.000000
1.150000
PINE TREE 1
73.665993
433.440277
45.000000
0.750000
PINE TREE 1
73.648819
429.612701
210.000000
0.800000
PINE TREE 1
70.417305
429.946686
240.000000
0.850000
PINE TREE 1
72.163231
430.454834
0.000000
1.200000
PINE TREE 1
74.489304
430.311096
180.000000
0.750000
PINE TREE 1
69.975845
431.200134
105.000000
0.950000
PINE TREE 1
69.143890
433.560974
195.000000
0.800000
GRASS_SPROUT
74.732170
434.195526
45.000000
1.000000