TILE
59
59
FIELD_GRASS
0
GRASS_SPROUT
351.075562
356.574799
90.000000
1.250000
GRASS_SPROUT
351.136627
355.512207
315.000000
0.850000
GRASS_SPROUT
351.757874
354.680298
225.000000
1.050000
GRASS_SPROUT
353.005554
353.748749
315.000000
1.000000
GRASS_SPROUT
353.719635
353.309326
105.000000
0.900000
GRASS_SPROUT
354.493774
352.907593
105.000000
0.750000
GRASS_SPROUT
355.285522
352.547058
105.000000
1.000000
GRASS_SPROUT
356.545898
352.231140
225.000000
1.250000
GRASS_SPROUT
352.708710
356.574799
195.000000
1.250000
GRASS_SPROUT
353.314514
355.723083
120.000000
1.000000
GRASS_SPROUT
354.559937
354.948364
150.000000
1.100000
GRASS_SPROUT
355.857361
354.770233
225.000000
0.850000
GRASS_SPROUT
356.669800
355.254791
240.000000
1.150000
GRASS_SPROUT
356.335693
356.216339
300.000000
1.250000
GRASS_SPROUT
353.522369
354.799042
60.000000
1.150000
GRASS_SPROUT
354.932312
356.238129
300.000000
1.250000
GRASS_SPROUT
352.351532
355.720734
180.000000
0.950000
GRASS_SPROUT
354.704620
354.106628
45.000000
0.850000
GRASS_SPROUT
355.502625
353.932495
75.000000
0.950000
GRASS_SPROUT
356.354980
354.080994
315.000000
1.000000
GRASS_SPROUT
353.875336
356.557129
330.000000
1.200000
GRASS_SPROUT
356.974701
351.273926
165.000000
1.100000