TILE
52
59
FIELD_GRASS
0
PINE TREE 1
313.634796
355.099976
60.000000
0.950000
PINE TREE 1
312.188202
355.098511
30.000000
1.000000
PINE TREE 1
310.247864
355.097351
30.000000
1.250000
PINE TREE 1
310.804016
356.580872
105.000000
0.950000
PINE TREE 1
310.313751
352.544189
90.000000
0.900000
PINE TREE 1
312.183258
351.958008
75.000000
1.100000
PINE TREE 1
313.800934
351.266571
300.000000
1.100000
PINE TREE 1
314.759430
353.916931
0.000000
0.800000
PINE TREE 1
311.716400
353.607330
345.000000
1.200000
PINE TREE 1
313.547760
353.083984
240.000000
1.250000