TILE
50
55
FIELD_GRASS
0
PINE TREE 1
301.768524
327.255096
210.000000
1.000000
PINE TREE 1
300.166382
327.985535
135.000000
0.950000
PINE TREE 1
298.962646
329.124207
255.000000
0.850000
PINE TREE 1
298.034882
330.025024
0.000000
0.750000
PINE TREE 1
297.608704
328.323547
90.000000
1.200000
GRASS_SPROUT
301.229584
328.386292
30.000000
1.150000
GRASS_SPROUT
302.467194
328.167175
150.000000
1.050000
GRASS_SPROUT
302.624634
329.597473
315.000000
0.850000
GRASS_SPROUT
301.652863
329.810272
45.000000
1.050000
GRASS_SPROUT
300.749634
330.124054
60.000000
1.200000
GRASS_SPROUT
299.945313
330.431519
225.000000
0.950000
GRASS_SPROUT
299.007263
330.782440
225.000000
1.100000
GRASS_SPROUT
300.120789
329.489990
315.000000
1.000000