TILE
58
53
FIELD_GRASS
0
GRASS_SPROUT
345.700317
320.154205
0.000000
0.950000
GRASS_SPROUT
345.700317
319.161316
285.000000
1.150000
GRASS_SPROUT
345.700317
318.156738
270.000000
1.100000
GRASS_SPROUT
345.700317
317.190643
0.000000
1.050000
GRASS_SPROUT
345.700317
316.187408
330.000000
0.900000
GRASS_SPROUT
345.700317
315.276581
15.000000
1.100000
GRASS_SPROUT
350.203979
315.202209
60.000000
1.000000
GRASS_SPROUT
347.891937
315.897797
120.000000
0.800000
GRASS_SPROUT
347.891937
316.790619
300.000000
1.050000
GRASS_SPROUT
347.891937
317.723480
90.000000
1.200000
GRASS_SPROUT
347.891937
318.736877
255.000000
1.050000
GRASS_SPROUT
347.891937
319.808380
165.000000
1.150000
GRASS_SPROUT
347.891937
320.856873
345.000000
1.200000
GRASS_SPROUT
347.168762
315.352570
240.000000
1.200000
GRASS_SPROUT
346.795410
320.824768
270.000000
1.000000
GRASS_SPROUT
346.649017
319.510681
285.000000
1.100000
GRASS_SPROUT
346.600372
318.431244
30.000000
1.250000
GRASS_SPROUT
346.624634
317.465118
90.000000
0.950000
GRASS_SPROUT
346.885040
316.482666
165.000000
1.000000
GRASS_SPROUT
350.914673
318.381348
165.000000
1.100000
GRASS_SPROUT
350.815063
319.309784
165.000000
1.200000
GRASS_SPROUT
349.263672
320.054901
165.000000
1.200000
GRASS_SPROUT
349.263641
319.258881
135.000000
0.750000
GRASS_SPROUT
349.040985
318.096619
330.000000
0.950000
GRASS_SPROUT
348.978851
317.165680
195.000000
1.250000
GRASS_SPROUT
348.978851
316.190826
30.000000
1.050000
GRASS_SPROUT
349.049744
315.163574
30.000000
0.900000
GRASS_SPROUT
349.928497
316.617249
135.000000
1.150000
GRASS_SPROUT
349.964966
317.674286
225.000000
0.750000