TILE
51
59
FIELD_GRASS
0
PINE TREE 1
308.205872
355.096710
195.000000
1.100000
PINE TREE 1
306.635315
355.096466
135.000000
0.800000
PINE TREE 1
305.115295
355.096313
300.000000
1.050000
PINE TREE 1
303.627716
355.096222
225.000000
0.850000
PINE TREE 1
303.196594
356.580872
90.000000
1.150000
PINE TREE 1
305.106903
356.701691
165.000000
1.100000
PINE TREE 1
306.826019
356.641449
165.000000
1.200000
PINE TREE 1
308.839691
356.641449
60.000000
1.150000
PINE TREE 1
308.372406
353.251068
180.000000
1.250000
PINE TREE 1
305.346710
351.690674
315.000000
1.200000
PINE TREE 1
304.093567
353.861237
30.000000
0.800000
PINE TREE 1
306.342743
352.944061
180.000000
0.950000