TILE
56
20
FIELD_GRASS
0
PINE TREE 1
333.102020
121.902527
345.000000
0.900000
PINE TREE 1
333.034515
120.393036
285.000000
1.250000
PINE TREE 1
334.599670
121.269493
30.000000
1.050000
PINE TREE 1
335.965668
122.521019
0.000000
1.150000
PINE TREE 1
336.116333
120.741066
180.000000
1.050000
PINE TREE 1
335.666138
118.878319
135.000000
1.250000
PINE TREE 1
335.473907
117.406166
60.000000
0.750000
PINE TREE 1
334.113190
117.616364
60.000000
1.050000
PINE TREE 1
337.676941
121.130569
210.000000
0.950000
GRASS_SPROUT
336.634979
117.031464
330.000000
0.850000
GRASS_SPROUT
337.205811
117.840736
45.000000
1.150000
GRASS_SPROUT
338.025330
118.759293
0.000000
1.200000
GRASS_SPROUT
338.189514
122.094574
60.000000
0.900000
GRASS_SPROUT
338.719604
121.312408
30.000000
0.950000
GRASS_SPROUT
338.063629
119.773170
30.000000
1.150000
GRASS_SPROUT
337.195374
119.119576
0.000000
0.900000