TILE
47
11
FIELD_GRASS
0
GRASS_SPROUT
284.949371
66.213020
105.000000
1.100000
GRASS_SPROUT
284.655518
65.376633
285.000000
0.800000
GRASS_SPROUT
284.428467
64.454399
315.000000
0.800000
GRASS_SPROUT
284.265656
63.512997
150.000000
1.150000
GRASS_SPROUT
283.082245
68.811058
195.000000
1.050000
GRASS_SPROUT
282.288452
68.023094
210.000000
0.950000
GRASS_SPROUT
281.479950
67.219093
120.000000
1.150000
GRASS_SPROUT
280.812317
66.554138
240.000000
0.950000
GRASS_SPROUT
279.992462
65.736778
345.000000
0.950000
GRASS_SPROUT
279.247833
64.993851
150.000000
0.950000
GRASS_SPROUT
282.601501
63.288391
150.000000
0.850000
GRASS_SPROUT
280.215118
63.688110
195.000000
1.150000
GRASS_SPROUT
280.869446
64.292480
0.000000
0.750000
GRASS_SPROUT
281.490021
64.918510
90.000000
0.950000
GRASS_SPROUT
282.263428
65.495598
270.000000
1.050000
GRASS_SPROUT
283.166687
66.000526
285.000000
1.050000
GRASS_SPROUT
283.922577
66.468987
285.000000
0.900000
GRASS_SPROUT
283.338165
64.590027
0.000000
1.100000
GRASS_SPROUT
283.099731
67.834557
120.000000
1.100000
GRASS_SPROUT
283.883759
68.430847
345.000000
1.150000
GRASS_SPROUT
284.543121
67.593178
195.000000
0.750000
GRASS_SPROUT
282.445282
67.207550
345.000000
1.050000