TILE
16
21
FIELD_GRASS
0
GRASS_SPROUT
93.373108
126.757965
15.000000
1.150000
GRASS_SPROUT
94.081512
126.393036
60.000000
0.800000
GRASS_SPROUT
94.883087
126.018013
105.000000
1.250000
GRASS_SPROUT
95.961761
125.413628
165.000000
1.250000
GRASS_SPROUT
96.788986
124.965424
345.000000
0.900000
GRASS_SPROUT
97.731728
124.643097
15.000000
1.250000
GRASS_SPROUT
94.581787
128.811447
255.000000
1.000000
GRASS_SPROUT
95.281731
127.997803
285.000000
0.850000
GRASS_SPROUT
95.770630
127.393494
210.000000
0.850000
GRASS_SPROUT
93.663727
128.137497
135.000000
1.100000
GRASS_SPROUT
98.636436
125.915154
195.000000
0.950000
GRASS_SPROUT
98.641075
125.038506
150.000000
1.000000
GRASS_SPROUT
98.014313
126.596916
105.000000
0.800000
GRASS_SPROUT
96.865807
126.770370
60.000000
0.900000
GRASS_SPROUT
97.383072
128.106888
225.000000
1.050000
GRASS_SPROUT
94.395676
127.342537
75.000000
1.050000
GRASS_SPROUT
96.076851
128.456863
240.000000
1.250000
GRASS_SPROUT
95.122452
125.039276
330.000000
1.000000
GRASS_SPROUT
98.844864
127.339600
0.000000
1.200000
GRASS_SPROUT
97.951370
128.571167
105.000000
0.750000
GRASS_SPROUT
95.996346
126.481407
105.000000
1.050000