TILE
16
24
FIELD_GRASS
0
GRASS_SPROUT
93.913368
143.462708
330.000000
0.900000
GRASS_SPROUT
93.029549
144.259232
90.000000
1.100000
GRASS_SPROUT
97.249428
141.122238
270.000000
0.900000
GRASS_SPROUT
96.312241
141.755280
60.000000
0.950000
GRASS_SPROUT
95.485596
142.219070
255.000000
0.800000
GRASS_SPROUT
94.831322
142.767288
0.000000
1.200000
GRASS_SPROUT
93.571014
142.753967
315.000000
1.050000
GRASS_SPROUT
94.859604
141.426239
225.000000
0.950000
GRASS_SPROUT
93.623192
141.338440
210.000000
1.250000