TILE
16
27
FIELD_GRASS
0
GRASS_SPROUT
98.721161
159.627213
270.000000
1.200000
GRASS_SPROUT
97.509789
159.763458
45.000000
0.900000
GRASS_SPROUT
96.665047
159.864700
240.000000
0.900000
GRASS_SPROUT
95.685577
159.831039
90.000000
1.150000
GRASS_SPROUT
94.587730
159.661392
330.000000
1.150000
GRASS_SPROUT
93.469635
159.558472
165.000000
0.850000
GRASS_SPROUT
96.993668
164.462143
180.000000
0.750000
GRASS_SPROUT
96.875343
163.182724
75.000000
1.200000
GRASS_SPROUT
97.064507
162.076935
120.000000
1.000000
GRASS_SPROUT
97.413658
161.194336
60.000000
0.900000
GRASS_SPROUT
98.019989
160.388931
165.000000
1.100000
GRASS_SPROUT
95.947456
161.348801
255.000000
1.000000
GRASS_SPROUT
94.668587
161.125076
210.000000
0.850000
GRASS_SPROUT
93.235962
160.782120
30.000000
0.950000
GRASS_SPROUT
93.512077
163.658524
30.000000
0.850000
GRASS_SPROUT
93.760773
162.850266
270.000000
1.000000
GRASS_SPROUT
93.374420
161.592422
180.000000
0.900000
GRASS_SPROUT
95.008736
162.368744
330.000000
1.150000
GRASS_SPROUT
95.718452
163.220734
225.000000
1.050000
GRASS_SPROUT
96.118416
164.014862
180.000000
0.950000
GRASS_SPROUT
95.018616
163.797729
195.000000
0.950000
GRASS_SPROUT
94.881897
164.636536
225.000000
1.100000