TILE
16
28
FIELD_GRASS
0
PINE TREE 1
93.734177
165.359695
330.000000
1.200000
GRASS_SPROUT
93.073929
167.697052
270.000000
1.100000
GRASS_SPROUT
94.156570
167.540329
120.000000
1.050000
GRASS_SPROUT
95.101433
167.221237
210.000000
1.100000
GRASS_SPROUT
96.142784
166.976852
195.000000
1.150000
GRASS_SPROUT
96.770706
166.216324
345.000000
0.900000
GRASS_SPROUT
97.089195
165.411987
330.000000
1.250000
GRASS_SPROUT
95.923103
165.071152
210.000000
0.800000
GRASS_SPROUT
95.210289
165.617584
135.000000
1.150000