TILE
68
48
FIELD_GRASS
0
GRASS_SPROUT
405.441925
290.233978
0.000000
1.200000
GRASS_SPROUT
406.381317
290.460693
135.000000
0.750000
GRASS_SPROUT
407.366394
290.572388
225.000000
1.000000
GRASS_SPROUT
408.438446
290.600128
285.000000
1.000000
GRASS_SPROUT
409.459778
290.544556
15.000000
0.950000
GRASS_SPROUT
410.602417
290.347900
15.000000
0.950000
GRASS_SPROUT
405.816620
289.433716
45.000000
0.850000
GRASS_SPROUT
406.938721
289.736603
210.000000
0.750000
GRASS_SPROUT
409.415192
289.796234
270.000000
0.750000
GRASS_SPROUT
408.398071
289.855591
90.000000
0.800000
GRASS_SPROUT
410.102844
289.216919
330.000000
0.950000
GRASS_SPROUT
407.558563
289.016327
105.000000
1.250000
GRASS_SPROUT
408.556366
288.772095
225.000000
1.250000
GRASS_SPROUT
409.715057
288.267975
60.000000
0.950000
GRASS_SPROUT
410.586273
288.040588
225.000000
1.100000
GRASS_SPROUT
410.854034
285.847595
150.000000
1.250000
GRASS_SPROUT
409.718903
285.853485
210.000000
1.100000
GRASS_SPROUT
408.682312
285.857452
0.000000
0.900000
GRASS_SPROUT
407.592896
285.860565
120.000000
0.950000
GRASS_SPROUT
406.544128
285.862793
345.000000
1.100000
GRASS_SPROUT
405.546204
285.864716
240.000000
1.100000
GRASS_SPROUT
407.964020
286.769592
0.000000
1.250000
GRASS_SPROUT
406.289154
287.192108
30.000000
1.000000
GRASS_SPROUT
407.110779
287.545807
300.000000
1.100000
GRASS_SPROUT
408.917206
286.883881
75.000000
0.950000
GRASS_SPROUT
406.427399
288.119385
180.000000
0.750000
GRASS_SPROUT
405.470978
288.518036
120.000000
1.250000
GRASS_SPROUT
410.424530
286.884827
225.000000
1.000000
GRASS_SPROUT
408.150238
285.142761
345.000000
1.100000
GRASS_SPROUT
407.108002
285.107147
165.000000
1.250000