TILE
67
42
FIELD_GRASS
0
GRASS_SPROUT
404.502106
254.782578
285.000000
1.200000
GRASS_SPROUT
404.395355
253.398163
195.000000
1.050000
GRASS_SPROUT
403.386841
253.597031
135.000000
1.000000
GRASS_SPROUT
402.490051
253.890442
285.000000
1.000000
GRASS_SPROUT
403.431000
254.553085
60.000000
0.950000
GRASS_SPROUT
401.486694
253.378708
45.000000
1.100000
GRASS_SPROUT
400.543091
253.378708
75.000000
0.850000
GRASS_SPROUT
399.513336
254.185471
315.000000
0.800000
GRASS_SPROUT
401.691895
254.521683
60.000000
1.250000
GRASS_SPROUT
402.776031
249.442169
165.000000
0.750000
GRASS_SPROUT
401.955933
249.872803
90.000000
0.750000
GRASS_SPROUT
401.307495
250.286865
75.000000
0.900000
GRASS_SPROUT
400.290436
250.897156
60.000000
1.100000
GRASS_SPROUT
399.487946
251.016678
315.000000
0.900000
GRASS_SPROUT
399.346405
251.992554
15.000000
1.150000
GRASS_SPROUT
400.550568
252.175308
30.000000
1.200000
GRASS_SPROUT
401.706635
251.866577
30.000000
1.100000
GRASS_SPROUT
402.573059
251.968628
90.000000
1.050000
GRASS_SPROUT
399.399445
252.828751
300.000000
0.800000
GRASS_SPROUT
400.762238
254.341537
45.000000
0.800000
GRASS_SPROUT
400.624786
249.660385
315.000000
1.150000
GRASS_SPROUT
401.698181
249.070496
285.000000
0.900000
GRASS_SPROUT
399.632080
249.995941
240.000000
1.050000
GRASS_SPROUT
402.488861
250.624710
15.000000
1.050000
GRASS_SPROUT
404.653809
250.233475
270.000000
0.900000
GRASS_SPROUT
403.625427
250.445786
105.000000
1.100000
GRASS_SPROUT
404.895996
251.383270
210.000000
1.200000
GRASS_SPROUT
404.070160
252.100906
330.000000
1.200000
GRASS_SPROUT
403.309998
252.763489
285.000000
0.900000