TILE
60
49
FIELD_GRASS
0
GRASS_SPROUT
357.954742
296.665558
240.000000
1.150000
GRASS_SPROUT
358.380249
295.224457
195.000000
0.950000
GRASS_SPROUT
358.974640
294.004547
210.000000
0.800000
GRASS_SPROUT
359.653351
292.919464
210.000000
1.200000
GRASS_SPROUT
360.487366
292.582581
285.000000
0.850000
GRASS_SPROUT
361.075470
291.837921
105.000000
0.900000
GRASS_SPROUT
361.616089
291.158844
75.000000
1.050000
GRASS_SPROUT
357.745453
293.890717
315.000000
1.100000
GRASS_SPROUT
358.596252
293.355560
105.000000
0.750000
GRASS_SPROUT
357.060211
295.955750
120.000000
1.050000