TILE
62
45
FIELD_GRASS
0
GRASS_SPROUT
373.996826
270.396088
45.000000
1.050000
GRASS_SPROUT
372.627075
270.618500
210.000000
1.050000
GRASS_SPROUT
370.906982
270.691803
330.000000
1.250000
GRASS_SPROUT
369.956879
270.655212
210.000000
0.750000
GRASS_SPROUT
374.824188
268.467163
195.000000
1.200000
GRASS_SPROUT
373.538055
268.526794
135.000000
1.000000
GRASS_SPROUT
372.307037
268.527039
270.000000
0.900000
GRASS_SPROUT
371.350891
268.527222
90.000000
1.050000
GRASS_SPROUT
371.356598
269.810822
240.000000
1.200000
GRASS_SPROUT
372.389343
269.611633
180.000000
1.150000
GRASS_SPROUT
373.335419
269.443604
285.000000
1.050000
GRASS_SPROUT
370.453400
269.389343
225.000000
0.800000
GRASS_SPROUT
369.513306
269.214935
15.000000
0.950000
GRASS_SPROUT
370.314575
268.566315
165.000000
1.200000
GRASS_SPROUT
369.368683
268.137817
330.000000
1.250000
GRASS_SPROUT
370.879852
267.347168
90.000000
1.200000
GRASS_SPROUT
370.051666
267.265564
210.000000
0.750000