TILE
63
43
FIELD_GRASS
0
GRASS_SPROUT
380.934082
255.531464
195.000000
0.850000
GRASS_SPROUT
377.907501
255.268906
0.000000
1.150000
GRASS_SPROUT
377.087799
255.531387
75.000000
0.750000
GRASS_SPROUT
375.820374
255.272583
240.000000
1.000000
GRASS_SPROUT
376.064362
256.112183
90.000000
1.150000
GRASS_SPROUT
378.395508
256.263367
315.000000
1.000000
GRASS_SPROUT
379.199036
257.097504
330.000000
0.850000
GRASS_SPROUT
379.997253
258.060944
15.000000
0.950000
GRASS_SPROUT
380.475067
258.945221
255.000000
0.800000
GRASS_SPROUT
380.440399
259.930939
105.000000
1.250000
GRASS_SPROUT
380.198669
256.384918
90.000000
0.800000
GRASS_SPROUT
380.080475
255.495865
60.000000
0.800000
GRASS_SPROUT
380.689697
257.026550
45.000000
1.000000
GRASS_SPROUT
379.921661
260.650696
285.000000
0.750000
GRASS_SPROUT
379.593689
259.875275
255.000000
0.800000
GRASS_SPROUT
379.140106
259.056976
255.000000
1.000000
GRASS_SPROUT
378.620514
258.180573
0.000000
1.000000
GRASS_SPROUT
378.058807
257.685822
300.000000
0.800000
GRASS_SPROUT
377.248688
257.216064
210.000000
1.150000
GRASS_SPROUT
375.194366
256.133240
15.000000
1.000000
GRASS_SPROUT
375.091461
259.790497
330.000000
0.850000
GRASS_SPROUT
375.868805
259.790497
210.000000
1.000000