TILE
68
41
FIELD_GRASS
0
GRASS_SPROUT
406.185608
243.745911
195.000000
1.050000
GRASS_SPROUT
408.827179
243.815384
150.000000
0.900000
GRASS_SPROUT
410.097351
243.918869
30.000000
1.200000
GRASS_SPROUT
407.154022
243.284698
105.000000
1.250000
GRASS_SPROUT
405.346863
243.356750
0.000000
1.050000
GRASS_SPROUT
406.103882
244.722290
210.000000
1.100000
GRASS_SPROUT
407.661835
244.621964
75.000000
1.000000
GRASS_SPROUT
408.517548
244.553848
345.000000
0.750000
GRASS_SPROUT
405.085571
245.505173
255.000000
1.250000
GRASS_SPROUT
409.327637
245.168625
60.000000
1.150000
GRASS_SPROUT
410.372498
245.140518
30.000000
1.000000
GRASS_SPROUT
410.415344
248.111069
105.000000
1.250000
GRASS_SPROUT
409.426483
248.116928
225.000000
1.200000
GRASS_SPROUT
407.890686
248.013718
75.000000
1.100000
GRASS_SPROUT
406.679962
248.015762
285.000000
1.200000
GRASS_SPROUT
405.483490
248.328537
225.000000
0.900000
GRASS_SPROUT
406.065643
246.049683
30.000000
1.100000
GRASS_SPROUT
407.038422
245.705414
135.000000
1.150000
GRASS_SPROUT
405.142853
246.794144
105.000000
1.050000
GRASS_SPROUT
406.972382
246.632187
105.000000
1.050000
GRASS_SPROUT
407.638824
247.190643
330.000000
1.000000
GRASS_SPROUT
408.570313
247.537628
15.000000
0.900000
GRASS_SPROUT
408.145905
246.007111
240.000000
1.200000
GRASS_SPROUT
409.297363
245.964401
135.000000
0.750000
GRASS_SPROUT
410.255615
246.468277
270.000000
1.200000
GRASS_SPROUT
409.449951
247.072922
300.000000
1.100000
GRASS_SPROUT
405.912018
248.934860
285.000000
0.750000
GRASS_SPROUT
410.393402
248.970444
315.000000
0.750000