TILE
62
40
FIELD_GRASS
0
GRASS_SPROUT
369.754974
237.137299
150.000000
1.050000
GRASS_SPROUT
374.360870
238.374786
90.000000
1.200000
GRASS_SPROUT
373.496155
238.176941
240.000000
0.750000
GRASS_SPROUT
372.681427
238.076813
285.000000
0.750000
GRASS_SPROUT
371.894562
238.076813
75.000000
1.150000
GRASS_SPROUT
370.712067
238.043259
255.000000
1.050000
GRASS_SPROUT
369.668610
238.110291
240.000000
1.000000
GRASS_SPROUT
369.841156
240.734161
225.000000
0.800000
GRASS_SPROUT
370.827454
240.734161
120.000000
0.850000
GRASS_SPROUT
372.112427
240.524536
345.000000
0.950000
GRASS_SPROUT
373.265808
240.354523
300.000000
1.250000
GRASS_SPROUT
372.022919
239.742569
255.000000
1.000000
GRASS_SPROUT
370.796753
238.819946
0.000000
0.750000
GRASS_SPROUT
369.243134
238.962158
0.000000
1.250000
GRASS_SPROUT
369.650787
239.964203
225.000000
0.950000
GRASS_SPROUT
370.634216
239.878220
30.000000
1.050000
GRASS_SPROUT
373.055298
238.825394
300.000000
1.050000
GRASS_SPROUT
374.291595
239.328308
300.000000
1.050000
GRASS_SPROUT
374.382263
240.997345
180.000000
1.150000
GRASS_SPROUT
371.006561
237.250900
75.000000
0.950000
GRASS_SPROUT
369.271393
241.217010
345.000000
1.000000
GRASS_SPROUT
369.587433
242.103821
30.000000
1.150000
GRASS_SPROUT
372.069000
241.954086
165.000000
1.200000
GRASS_SPROUT
371.052521
241.497116
60.000000
0.950000
GRASS_SPROUT
371.058197
242.396149
45.000000
0.900000
GRASS_SPROUT
370.344513
241.748276
135.000000
0.900000
GRASS_SPROUT
372.638672
242.862213
345.000000
0.950000
GRASS_SPROUT
373.261108
241.497116
45.000000
1.150000
GRASS_SPROUT
374.102875
240.168701
285.000000
0.800000
GRASS_SPROUT
373.443756
242.553345
240.000000
1.150000
GRASS_SPROUT
374.500916
241.789688
255.000000
0.800000