TILE
61
47
FIELD_GRASS
0
GRASS_SPROUT
366.043884
284.135254
300.000000
1.200000
GRASS_SPROUT
366.341797
283.212616
15.000000
1.050000
GRASS_SPROUT
366.304413
282.387115
60.000000
0.750000
GRASS_SPROUT
366.531952
281.394409
135.000000
1.250000
GRASS_SPROUT
366.865234
280.522736
15.000000
0.950000
GRASS_SPROUT
367.282959
279.697388
270.000000
1.150000
GRASS_SPROUT
368.279724
280.815857
255.000000
0.900000
GRASS_SPROUT
367.780579
281.651154
285.000000
1.100000
GRASS_SPROUT
368.359833
282.236115
135.000000
0.900000
GRASS_SPROUT
367.899567
282.995300
150.000000
1.000000
GRASS_SPROUT
367.210175
283.286865
195.000000
0.800000
GRASS_SPROUT
367.299500
284.473724
240.000000
1.200000
GRASS_SPROUT
368.365448
284.657410
60.000000
1.000000