TILE
44
54
FIELD_GRASS
0
PINE TREE 1
264.492676
321.071136
45.000000
0.950000
PINE TREE 1
265.628326
322.294983
210.000000
1.100000
PINE TREE 1
266.387970
324.110413
300.000000
1.100000
PINE TREE 1
266.854095
325.803986
105.000000
0.950000
PINE TREE 1
263.525269
325.341187
15.000000
1.050000
PINE TREE 1
261.922424
324.000061
180.000000
0.950000
PINE TREE 1
263.344177
323.569733
180.000000
1.000000
PINE TREE 1
262.707672
321.680878
285.000000
1.150000
PINE TREE 1
264.676147
324.072540
225.000000
0.850000
PINE TREE 1
264.375580
326.759369
165.000000
0.900000
PINE TREE 1
265.326813
325.558441
0.000000
1.200000
PINE TREE 1
262.274750
326.231781
240.000000
0.950000
GRASS_SPROUT
266.943146
322.187958
240.000000
1.050000
GRASS_SPROUT
266.303040
321.277039
15.000000
0.850000
GRASS_SPROUT
264.078918
322.315826
330.000000
1.250000
GRASS_SPROUT
261.534424
322.309204
330.000000
1.250000