TILE
47
59
FIELD_GRASS
0
GRASS_SPROUT
280.447510
351.266693
180.000000
1.250000
GRASS_SPROUT
281.815399
351.814911
330.000000
0.750000
GRASS_SPROUT
282.554382
351.881775
330.000000
0.800000
GRASS_SPROUT
283.517639
351.948242
180.000000
1.050000
GRASS_SPROUT
284.560364
351.814911
60.000000
0.950000
GRASS_SPROUT
280.648132
352.238342
105.000000
1.100000
GRASS_SPROUT
281.280334
352.772827
300.000000
0.850000
GRASS_SPROUT
281.740295
353.329712
30.000000
0.900000
GRASS_SPROUT
282.125854
354.183960
165.000000
1.250000
GRASS_SPROUT
282.476318
355.134125
150.000000
1.200000
GRASS_SPROUT
282.726868
356.120819
30.000000
0.850000
GRASS_SPROUT
282.886475
356.812439
120.000000
0.750000
GRASS_SPROUT
283.706421
356.908081
135.000000
1.150000
GRASS_SPROUT
283.527832
355.777252
15.000000
1.200000
GRASS_SPROUT
284.440826
356.520844
60.000000
0.800000
GRASS_SPROUT
284.041840
354.724548
195.000000
1.200000
GRASS_SPROUT
283.647888
353.945374
345.000000
0.750000
GRASS_SPROUT
283.277191
353.371613
135.000000
0.900000
GRASS_SPROUT
282.710266
352.685150
180.000000
1.050000
GRASS_SPROUT
284.543121
355.495453
15.000000
0.900000
GRASS_SPROUT
284.956696
352.729034
30.000000
0.950000
GRASS_SPROUT
283.632599
352.760437
180.000000
0.850000
GRASS_SPROUT
284.264496
352.984497
285.000000
0.750000
GRASS_SPROUT
282.936188
351.262543
210.000000
0.850000