TILE
40
53
FIELD_GRASS
0
PINE TREE 1
238.367279
320.047943
195.000000
1.200000
PINE TREE 1
238.500061
318.250275
345.000000
1.200000
PINE TREE 1
238.597687
316.499664
330.000000
0.900000
GRASS_SPROUT
241.011551
315.681091
300.000000
1.250000
GRASS_SPROUT
241.620529
316.560822
210.000000
1.100000
GRASS_SPROUT
242.019501
317.274323
45.000000
0.900000
GRASS_SPROUT
242.404144
317.983643
330.000000
0.750000
GRASS_SPROUT
242.800552
318.667053
225.000000
0.950000
GRASS_SPROUT
240.652115
318.761658
315.000000
1.200000
GRASS_SPROUT
240.609482
317.299225
15.000000
1.200000
GRASS_SPROUT
240.477127
316.526886
270.000000
0.750000
GRASS_SPROUT
239.543747
315.715118
90.000000
1.000000
GRASS_SPROUT
239.494781
319.261078
135.000000
1.100000
GRASS_SPROUT
239.606293
320.466095
210.000000
0.900000
GRASS_SPROUT
240.430984
320.036530
0.000000
0.950000
GRASS_SPROUT
241.219376
320.143707
15.000000
0.900000
GRASS_SPROUT
241.475754
320.900574
0.000000
0.750000
GRASS_SPROUT
242.218430
320.150970
15.000000
0.900000
GRASS_SPROUT
242.059860
319.197754
45.000000
1.050000