TILE
42
59
FIELD_GRASS
0
GRASS_SPROUT
249.083389
354.346069
285.000000
0.850000
GRASS_SPROUT
249.965408
354.535980
270.000000
0.850000
GRASS_SPROUT
250.874725
354.723450
30.000000
0.800000
GRASS_SPROUT
251.810791
354.908539
60.000000
0.900000
GRASS_SPROUT
252.713867
354.954437
90.000000
0.800000
GRASS_SPROUT
253.690613
355.000183
285.000000
1.150000
GRASS_SPROUT
254.680908
355.091248
345.000000
1.250000
GRASS_SPROUT
252.915070
355.783936
120.000000
1.100000
GRASS_SPROUT
253.440720
356.460876
270.000000
0.850000
GRASS_SPROUT
253.930893
356.942841
195.000000
0.850000
GRASS_SPROUT
250.208405
351.504395
15.000000
1.200000
GRASS_SPROUT
252.152542
351.748047
0.000000
1.050000
GRASS_SPROUT
252.664322
352.338440
180.000000
0.900000
GRASS_SPROUT
254.213715
351.626770
105.000000
1.150000
GRASS_SPROUT
250.803101
353.654907
135.000000
1.150000
GRASS_SPROUT
249.020859
352.567413
210.000000
0.950000
GRASS_SPROUT
249.751801
352.529541
15.000000
0.850000
GRASS_SPROUT
249.835098
353.654907
135.000000
1.200000
GRASS_SPROUT
251.699249
353.195007
315.000000
1.200000
GRASS_SPROUT
253.131256
353.158936
75.000000
1.100000
GRASS_SPROUT
253.959122
353.086456
210.000000
0.750000
GRASS_SPROUT
251.256683
352.415222
270.000000
1.000000
GRASS_SPROUT
253.232285
351.046021
195.000000
1.150000
GRASS_SPROUT
254.374649
354.231812
270.000000
1.000000
GRASS_SPROUT
252.465607
356.837555
15.000000
1.200000
GRASS_SPROUT
254.361923
356.042572
330.000000
0.950000
GRASS_SPROUT
249.353241
355.217957
165.000000
0.950000
GRASS_SPROUT
250.074371
355.754822
90.000000
1.250000
GRASS_SPROUT
250.784164
356.569824
270.000000
0.950000
GRASS_SPROUT
251.757538
356.155670
30.000000
1.150000
GRASS_SPROUT
251.354263
355.450104
150.000000
0.750000