TILE
41
58
FIELD_GRASS
0
PINE TREE 1
246.235992
345.554260
60.000000
1.050000
PINE TREE 1
246.574097
347.129089
45.000000
1.200000
PINE TREE 1
246.189484
348.738983
165.000000
0.800000
PINE TREE 1
245.557343
349.830872
240.000000
0.750000
PINE TREE 1
244.363083
350.965332
120.000000
1.100000
PINE TREE 1
244.133621
345.595398
60.000000
1.150000
PINE TREE 1
243.333038
346.829590
75.000000
0.900000
PINE TREE 1
244.708282
346.873657
210.000000
0.850000
PINE TREE 1
244.911636
348.136322
0.000000
0.950000
PINE TREE 1
243.650665
349.136230
345.000000
0.750000
GRASS_SPROUT
247.512756
345.274506
300.000000
1.050000
GRASS_SPROUT
247.444687
346.074646
255.000000
0.900000
GRASS_SPROUT
247.990570
346.718933
30.000000
1.200000
GRASS_SPROUT
248.814774
347.288910
345.000000
1.150000
GRASS_SPROUT
246.617737
350.350983
240.000000
1.150000
GRASS_SPROUT
247.629562
349.478699
330.000000
1.200000
GRASS_SPROUT
248.352905
349.095123
30.000000
0.750000
GRASS_SPROUT
247.869705
348.347992
165.000000
1.100000
GRASS_SPROUT
248.545303
350.350983
180.000000
1.200000
GRASS_SPROUT
248.945572
348.399017
300.000000
1.150000