TILE
47
50
FIELD_GRASS
0
PINE TREE 1
284.846527
299.730835
120.000000
1.250000
PINE TREE 1
283.238708
300.664551
210.000000
1.150000
PINE TREE 1
281.459717
301.154724
285.000000
0.900000
PINE TREE 1
280.039032
301.364044
105.000000
0.750000
PINE TREE 1
284.647614
297.095886
270.000000
0.850000
PINE TREE 1
283.484558
297.490692
30.000000
0.850000
PINE TREE 1
282.046295
297.894379
210.000000
1.250000
PINE TREE 1
282.014893
299.624939
270.000000
0.950000
PINE TREE 1
280.735077
300.064697
120.000000
0.900000
PINE TREE 1
279.881592
298.154327
120.000000
1.100000
PINE TREE 1
279.529633
300.257782
45.000000
0.750000
PINE TREE 1
284.233185
298.509064
330.000000
0.700000
GRASS_SPROUT
284.429932
302.714111
75.000000
1.150000
GRASS_SPROUT
283.515686
302.513184
45.000000
0.950000
GRASS_SPROUT
282.917877
302.102142
195.000000
0.850000
GRASS_SPROUT
282.225006
301.891876
75.000000
0.750000
GRASS_SPROUT
283.994598
301.891876
120.000000
0.950000
GRASS_SPROUT
284.579926
301.152222
240.000000
1.250000
GRASS_SPROUT
280.507599
302.185333
120.000000
0.950000
GRASS_SPROUT
281.202820
302.268066
345.000000
0.800000
GRASS_SPROUT
283.463013
299.447052
345.000000
1.000000