TILE
40
4
FIELD_GRASS
0
PINE TREE 1
240.172028
26.626652
90.000000
1.150000
PINE TREE 1
239.975891
25.112816
60.000000
0.850000
PINE TREE 1
239.867325
23.704702
345.000000
0.750000
PINE TREE 1
239.805862
22.324680
150.000000
0.850000
PINE TREE 1
238.229385
21.238411
225.000000
1.100000
PINE TREE 1
238.229385
22.828487
90.000000
1.000000
PINE TREE 1
238.229385
24.179310
255.000000
0.900000
PINE TREE 1
238.229385
25.692278
45.000000
1.050000
PINE TREE 1
242.842667
25.964254
60.000000
0.950000
PINE TREE 1
241.657532
24.872952
180.000000
1.250000
PINE TREE 1
241.375931
21.307217
15.000000
1.000000
PINE TREE 1
242.418533
22.146809
0.000000
0.900000
PINE TREE 1
241.133209
22.879269
195.000000
1.050000