TILE
43
0
FIELD_GRASS
0
PINE TREE 1
256.641144
-1.240880
345.000000
1.050000
PINE TREE 1
258.126251
-1.240880
195.000000
0.850000
PINE TREE 1
259.683838
-1.240880
150.000000
1.050000
PINE TREE 1
255.510742
0.184805
255.000000
1.000000
PINE TREE 1
257.161682
0.184805
0.000000
1.050000
PINE TREE 1
260.643097
0.184805
285.000000
1.200000
PINE TREE 1
259.041138
0.511565
120.000000
1.100000
PINE TREE 1
256.265289
1.318392
270.000000
0.850000
PINE TREE 1
255.569229
2.507641
330.000000
0.900000
PINE TREE 1
257.169281
2.900610
300.000000
0.850000
PINE TREE 1
259.074463
2.976741
60.000000
1.100000
PINE TREE 1
260.217651
1.874534
135.000000
1.000000
GRASS_SPROUT
258.189423
1.982564
240.000000
1.100000
GRASS_SPROUT
257.028229
1.865827
105.000000
0.850000