TILE
42
6
FIELD_GRASS
0
PINE TREE 1
249.040970
38.399120
30.000000
1.100000
PINE TREE 1
250.656601
38.415550
300.000000
1.150000
PINE TREE 1
253.276642
38.015175
135.000000
1.200000
PINE TREE 1
249.028030
36.958355
300.000000
0.950000
PINE TREE 1
252.963120
33.963867
330.000000
1.250000
PINE TREE 1
251.830841
35.075062
0.000000
1.000000
PINE TREE 1
250.623169
34.703724
0.000000
0.800000
PINE TREE 1
249.184326
34.598351
300.000000
1.200000
PINE TREE 1
250.400986
36.679619
165.000000
1.000000
PINE TREE 1
251.810165
36.652817
45.000000
0.900000
PINE TREE 1
253.323166
36.186890
300.000000
1.250000