TILE
46
9
FIELD_GRASS
0
PINE TREE 1
278.241638
55.187073
195.000000
1.100000
PINE TREE 1
276.666809
55.177425
60.000000
0.950000
PINE TREE 1
275.066681
55.171314
105.000000
0.750000
PINE TREE 1
273.558502
55.167759
120.000000
1.050000
PINE TREE 1
274.540863
56.375671
15.000000
0.900000
PINE TREE 1
273.589630
53.564045
240.000000
1.050000
PINE TREE 1
278.491943
56.699402
120.000000
1.050000
GRASS_SPROUT
276.427124
54.074383
90.000000
0.900000
GRASS_SPROUT
277.299774
54.020309
255.000000
0.800000
GRASS_SPROUT
278.138428
53.690216
225.000000
1.200000
GRASS_SPROUT
275.617828
56.398670
285.000000
1.000000