TILE
47
5
FIELD_GRASS
0
PINE TREE 1
280.193726
28.346485
330.000000
1.050000
PINE TREE 1
280.384949
27.059540
0.000000
0.800000
PINE TREE 1
283.919434
27.069695
345.000000
0.900000
PINE TREE 1
283.625092
28.865025
255.000000
1.250000
PINE TREE 1
284.234009
30.244074
225.000000
0.850000
PINE TREE 1
282.733521
30.594503
30.000000
1.050000
PINE TREE 1
281.073792
30.545389
105.000000
0.900000
PINE TREE 1
279.526642
29.955069
315.000000
0.950000
PINE TREE 1
279.111542
32.434998
285.000000
0.950000
PINE TREE 1
280.960999
32.466141
135.000000
1.250000
PINE TREE 1
282.684540
32.532104
75.000000
0.750000
PINE TREE 1
281.887482
29.000225
75.000000
1.150000
GRASS_SPROUT
281.950348
27.513279
45.000000
1.000000
GRASS_SPROUT
279.832886
31.124361
45.000000
0.950000
GRASS_SPROUT
283.471985
31.585508
90.000000
1.250000