TILE
44
2
FIELD_GRASS
0
PINE TREE 1
262.314819
13.974340
60.000000
0.900000
PINE TREE 1
263.686920
14.147396
345.000000
0.950000
PINE TREE 1
265.238251
14.266653
180.000000
1.200000
PINE TREE 1
262.187195
12.279499
240.000000
1.100000
PINE TREE 1
263.844025
12.557818
300.000000
0.900000
PINE TREE 1
265.382141
12.638031
285.000000
0.750000
PINE TREE 1
266.878021
12.709430
135.000000
0.850000
PINE TREE 1
261.908142
10.726895
210.000000
0.950000
PINE TREE 1
263.568848
9.891184
75.000000
1.250000
PINE TREE 1
265.415558
10.008106
285.000000
0.750000
PINE TREE 1
264.838135
11.376177
240.000000
1.200000
GRASS_SPROUT
261.341949
9.592567
45.000000
1.250000
GRASS_SPROUT
263.116760
11.380409
135.000000
1.050000