TILE
47
7
FIELD_GRASS
0
PINE TREE 1
279.178314
40.066597
30.000000
1.150000
PINE TREE 1
280.798645
40.790092
330.000000
1.250000
PINE TREE 1
282.559021
41.146912
120.000000
1.000000
PINE TREE 1
283.954529
41.292904
135.000000
0.800000
PINE TREE 1
284.951050
41.773918
15.000000
0.750000
PINE TREE 1
284.841553
39.911457
75.000000
1.200000
PINE TREE 1
283.693878
39.022118
195.000000
0.850000
PINE TREE 1
282.628937
39.481209
345.000000
0.750000
GRASS_SPROUT
283.019073
44.906422
270.000000
0.750000
GRASS_SPROUT
283.256714
44.102448
105.000000
1.250000
GRASS_SPROUT
283.818085
43.268448
135.000000
1.250000
GRASS_SPROUT
284.576630
42.806702
180.000000
0.850000
GRASS_SPROUT
284.449036
43.820778
90.000000
0.800000
GRASS_SPROUT
284.821899
44.658089
165.000000
0.850000
GRASS_SPROUT
280.415009
39.518532
15.000000
1.050000
GRASS_SPROUT
283.179108
40.126259
120.000000
0.800000