TILE
42
7
FIELD_GRASS
0
PINE TREE 1
253.708298
43.528648
195.000000
0.800000
PINE TREE 1
252.250534
43.441551
30.000000
1.200000
PINE TREE 1
250.815109
43.390831
195.000000
0.850000
PINE TREE 1
249.407196
43.360741
75.000000
1.050000
PINE TREE 1
254.215607
40.003262
285.000000
1.100000
PINE TREE 1
252.803085
39.950600
300.000000
0.750000
PINE TREE 1
251.367447
39.918289
120.000000
0.750000
PINE TREE 1
250.088150
40.222023
240.000000
0.850000
PINE TREE 1
250.080887
41.581062
30.000000
1.050000
PINE TREE 1
253.379257
42.016277
120.000000
1.250000
PINE TREE 1
251.727448
41.769058
0.000000
1.050000