TILE
43
1
FIELD_GRASS
0
PINE TREE 1
260.962036
3.856291
60.000000
0.900000
PINE TREE 1
259.535614
8.236252
75.000000
1.100000
PINE TREE 1
258.006836
8.222046
0.000000
0.850000
PINE TREE 1
256.489166
8.213331
210.000000
1.150000
PINE TREE 1
255.568924
6.077402
150.000000
1.250000
PINE TREE 1
256.763947
4.381875
195.000000
1.000000
PINE TREE 1
258.683960
4.741449
120.000000
1.250000
PINE TREE 1
259.947693
5.502004
105.000000
0.800000
PINE TREE 1
257.816406
6.350704
0.000000
1.100000
PINE TREE 1
259.378845
6.610896
255.000000
0.900000
GRASS_SPROUT
255.878830
3.504776
300.000000
0.900000
GRASS_SPROUT
255.422577
7.457093
75.000000
1.250000