TILE
42
0
FIELD_GRASS
0
PINE TREE 1
249.349854
-1.240880
105.000000
0.800000
PINE TREE 1
250.835907
-1.240880
255.000000
1.250000
PINE TREE 1
252.710480
-1.240880
135.000000
1.150000
PINE TREE 1
254.705261
-1.240880
315.000000
1.150000
PINE TREE 1
249.647552
0.184805
315.000000
0.950000
PINE TREE 1
253.568954
0.184805
0.000000
1.100000
PINE TREE 1
254.731216
1.612053
270.000000
0.850000
PINE TREE 1
253.137436
1.829103
195.000000
1.050000
PINE TREE 1
251.861664
2.002848
165.000000
0.750000
PINE TREE 1
250.496521
1.933824
330.000000
0.800000
PINE TREE 1
249.277222
1.838206
345.000000
0.900000
PINE TREE 1
251.180939
0.665739
15.000000
1.050000
PINE TREE 1
252.524704
2.978022
300.000000
0.750000
GRASS_SPROUT
252.356125
0.963539
195.000000
0.950000
GRASS_SPROUT
252.052948
-0.124478
0.000000
0.800000