TILE
49
9
FIELD_GRASS
0
PINE TREE 1
296.556274
53.619438
330.000000
1.200000
PINE TREE 1
295.033051
54.766205
270.000000
1.250000
PINE TREE 1
293.550690
56.050949
150.000000
0.950000
PINE TREE 1
291.222656
51.815380
240.000000
0.950000
PINE TREE 1
291.410736
53.524982
165.000000
0.850000
PINE TREE 1
292.521576
52.424839
240.000000
1.000000
PINE TREE 1
293.870880
51.082798
210.000000
1.150000
PINE TREE 1
295.487823
52.197277
315.000000
1.250000
PINE TREE 1
293.283295
53.406429
60.000000
0.750000
PINE TREE 1
293.014740
54.509434
225.000000
0.750000
PINE TREE 1
295.578735
56.401203
300.000000
1.100000
GRASS_SPROUT
292.023224
55.392918
90.000000
1.100000
GRASS_SPROUT
296.460480
55.303581
120.000000
1.100000
GRASS_SPROUT
293.909058
52.619629
120.000000
0.800000
GRASS_SPROUT
296.743225
51.883316
45.000000
1.000000