TILE
44
1
FIELD_GRASS
0
PINE TREE 1
262.481506
3.696742
270.000000
0.900000
PINE TREE 1
264.705231
3.210532
270.000000
1.250000
PINE TREE 1
266.593689
8.460768
15.000000
1.150000
PINE TREE 1
264.666687
8.359802
210.000000
0.800000
PINE TREE 1
262.944916
8.301233
60.000000
0.750000
PINE TREE 1
261.175232
8.260647
165.000000
1.200000
PINE TREE 1
261.000366
6.319254
330.000000
0.950000
PINE TREE 1
262.720551
5.567949
225.000000
1.250000
PINE TREE 1
264.606018
6.263829
105.000000
0.800000
PINE TREE 1
262.536133
7.002773
15.000000
0.800000
PINE TREE 1
265.414185
5.155647
180.000000
1.150000
PINE TREE 1
266.671082
4.389863
150.000000
0.950000
PINE TREE 1
266.550018
6.724265
330.000000
1.100000
GRASS_SPROUT
265.232513
7.492000
210.000000
0.950000
GRASS_SPROUT
263.808807
7.386497
270.000000
1.250000
GRASS_SPROUT
264.237946
4.662942
225.000000
0.800000