TILE
42
5
FIELD_GRASS
0
PINE TREE 1
253.639618
30.957829
240.000000
1.100000
PINE TREE 1
250.597855
27.998081
15.000000
1.200000
PINE TREE 1
251.599808
29.610367
285.000000
0.850000
PINE TREE 1
252.636642
28.587679
240.000000
1.100000
PINE TREE 1
254.210617
27.864071
75.000000
0.800000
PINE TREE 1
254.218185
29.281174
300.000000
0.850000
PINE TREE 1
251.972260
27.070759
255.000000
0.750000
PINE TREE 1
250.205673
29.963209
0.000000
1.150000
PINE TREE 1
249.438522
32.973732
120.000000
0.950000
PINE TREE 1
250.797714
32.464722
0.000000
0.800000
PINE TREE 1
251.334274
31.036350
255.000000
1.050000
PINE TREE 1
252.299774
32.374840
225.000000
1.200000
PINE TREE 1
249.925980
31.585672
240.000000
0.950000