TILE
45
1
FIELD_GRASS
0
PINE TREE 1
271.565948
3.038299
240.000000
0.750000
PINE TREE 1
269.495239
8.783953
60.000000
0.850000
PINE TREE 1
268.237213
8.645681
0.000000
0.800000
PINE TREE 1
268.409027
5.025878
165.000000
1.250000
PINE TREE 1
269.582886
6.351593
60.000000
1.200000
PINE TREE 1
267.973969
6.808548
75.000000
0.800000
PINE TREE 1
271.482635
6.892202
165.000000
1.150000
PINE TREE 1
272.284027
5.474062
345.000000
1.100000
PINE TREE 1
271.207886
4.251683
75.000000
0.850000
PINE TREE 1
270.108307
4.006130
150.000000
0.750000
GRASS_SPROUT
272.582764
4.200829
90.000000
1.000000
GRASS_SPROUT
272.521545
7.866669
90.000000
0.950000
GRASS_SPROUT
267.051788
5.598826
315.000000
0.900000
GRASS_SPROUT
269.285675
7.690751
180.000000
1.250000