TILE
40
3
FIELD_GRASS
0
PINE TREE 1
239.763000
20.787403
195.000000
1.100000
PINE TREE 1
239.728546
18.679852
315.000000
1.200000
PINE TREE 1
239.715988
17.281595
270.000000
0.750000
PINE TREE 1
239.707840
15.792801
255.000000
0.800000
PINE TREE 1
237.864075
15.968914
255.000000
1.200000
PINE TREE 1
238.229385
17.920248
240.000000
1.050000
PINE TREE 1
238.229385
19.320581
345.000000
0.850000
PINE TREE 1
242.956665
16.236053
120.000000
1.200000
PINE TREE 1
240.850464
16.573578
225.000000
1.150000
PINE TREE 1
241.747375
18.068024
210.000000
1.000000
PINE TREE 1
242.789520
19.244934
90.000000
0.950000
PINE TREE 1
241.587143
19.766100
315.000000
0.800000