TILE
40
2
FIELD_GRASS
0
PINE TREE 1
237.819107
12.654848
210.000000
1.200000
PINE TREE 1
238.053589
10.950212
330.000000
1.250000
PINE TREE 1
240.610931
10.513596
255.000000
1.150000
PINE TREE 1
241.583466
11.627945
105.000000
0.850000
PINE TREE 1
242.590042
12.721546
75.000000
1.100000
PINE TREE 1
239.702698
14.270170
315.000000
1.000000
PINE TREE 1
240.753952
12.891134
150.000000
1.250000
PINE TREE 1
240.988617
14.449357
120.000000
0.800000
PINE TREE 1
242.164093
14.835412
225.000000
0.900000
PINE TREE 1
239.554596
11.989749
240.000000
0.750000
PINE TREE 1
238.441406
14.294544
45.000000
0.800000