TILE
35
51
FIELD_GRASS
0
GRASS_SPROUT
207.030029
307.767609
150.000000
1.200000
GRASS_SPROUT
207.959625
307.853821
255.000000
0.950000
GRASS_SPROUT
208.699570
307.622437
60.000000
0.750000
GRASS_SPROUT
209.430283
307.356445
345.000000
0.950000
GRASS_SPROUT
210.247360
306.930145
225.000000
1.200000
GRASS_SPROUT
211.260086
306.358459
225.000000
1.000000
GRASS_SPROUT
211.938278
305.826538
270.000000
0.900000
GRASS_SPROUT
212.580063
305.163666
315.000000
1.150000
GRASS_SPROUT
209.155746
308.369598
45.000000
0.800000
GRASS_SPROUT
210.702728
308.059113
180.000000
0.950000
GRASS_SPROUT
211.855392
307.560333
120.000000
1.250000
GRASS_SPROUT
209.857559
308.902954
270.000000
1.200000
GRASS_SPROUT
212.010696
308.682312
210.000000
1.250000
GRASS_SPROUT
212.834854
307.989410
225.000000
0.750000
GRASS_SPROUT
212.927368
307.260742
120.000000
1.000000