TILE
31
50
FIELD_GRASS
0
PINE TREE 1
183.717377
298.951416
135.000000
0.800000
PINE TREE 1
183.428925
297.421173
180.000000
1.100000
PINE TREE 1
185.363831
297.008850
300.000000
1.150000
GRASS_SPROUT
188.524826
297.819153
120.000000
0.950000
GRASS_SPROUT
188.077164
298.566284
330.000000
1.200000
GRASS_SPROUT
187.762192
299.369659
270.000000
0.800000
GRASS_SPROUT
187.389130
300.130493
30.000000
1.200000
GRASS_SPROUT
186.921967
301.057251
0.000000
1.250000
GRASS_SPROUT
186.485062
301.848053
180.000000
0.750000
GRASS_SPROUT
186.072540
302.557617
270.000000
1.200000
GRASS_SPROUT
186.905640
302.497559
30.000000
0.850000
GRASS_SPROUT
188.646454
300.640717
225.000000
1.000000
GRASS_SPROUT
187.575027
301.828400
45.000000
1.000000
GRASS_SPROUT
187.678253
302.735046
30.000000
0.900000
GRASS_SPROUT
188.492767
299.668976
150.000000
0.850000
GRASS_SPROUT
188.990051
301.859802
300.000000
1.050000