TILE
34
54
FIELD_GRASS
0
PINE TREE 1
206.412491
326.103516
0.000000
0.950000
PINE TREE 1
201.528885
323.648346
105.000000
1.200000
PINE TREE 1
202.652725
322.473816
135.000000
0.800000
PINE TREE 1
203.905563
321.255920
345.000000
0.950000
PINE TREE 1
206.348450
321.692139
60.000000
0.850000
PINE TREE 1
205.186722
322.896667
240.000000
0.950000
PINE TREE 1
204.091751
324.016632
120.000000
1.050000
PINE TREE 1
202.710678
325.416016
105.000000
1.150000
PINE TREE 1
201.586914
326.548187
285.000000
0.750000
PINE TREE 1
204.939163
325.232880
120.000000
0.850000
PINE TREE 1
206.149963
324.460358
105.000000
1.200000
GRASS_SPROUT
203.884659
326.013702
135.000000
1.100000
GRASS_SPROUT
201.932053
321.395569
45.000000
1.050000
GRASS_SPROUT
201.814972
322.181061
195.000000
0.800000
GRASS_SPROUT
202.724823
321.484283
300.000000
0.900000
GRASS_SPROUT
205.261444
321.373810
255.000000
1.150000