TILE
36
51
FIELD_GRASS
0
PINE TREE 1
218.335297
304.604736
345.000000
1.000000
PINE TREE 1
216.888351
305.574188
225.000000
1.200000
PINE TREE 1
215.860413
306.653412
270.000000
0.850000
PINE TREE 1
214.595200
307.994415
210.000000
1.050000
PINE TREE 1
213.696472
306.328491
0.000000
1.150000
PINE TREE 1
213.947479
304.939819
15.000000
0.750000
PINE TREE 1
214.095398
303.687500
255.000000
0.750000
PINE TREE 1
216.304443
303.106567
315.000000
0.950000
PINE TREE 1
215.085144
305.548553
105.000000
1.000000
PINE TREE 1
215.503067
304.126221
345.000000
0.900000
GRASS_SPROUT
216.577362
308.305298
135.000000
0.750000
GRASS_SPROUT
216.546051
307.545929
105.000000
0.900000
GRASS_SPROUT
218.557831
307.084991
270.000000
1.150000
GRASS_SPROUT
218.428375
305.991028
330.000000
0.950000
GRASS_SPROUT
217.526077
306.723206
300.000000
0.850000
GRASS_SPROUT
217.467697
308.177765
120.000000
1.050000
GRASS_SPROUT
213.194107
304.235229
315.000000
1.150000