TILE
37
51
FIELD_GRASS
0
PINE TREE 1
219.771011
303.399750
105.000000
1.150000
GRASS_SPROUT
219.970749
306.174347
315.000000
1.250000
GRASS_SPROUT
219.703049
307.035339
120.000000
0.950000
GRASS_SPROUT
219.423752
307.696625
30.000000
0.800000
GRASS_SPROUT
219.189301
308.659332
195.000000
1.200000
GRASS_SPROUT
220.734253
307.713104
135.000000
1.100000
GRASS_SPROUT
221.854462
306.896057
330.000000
0.800000
GRASS_SPROUT
222.686661
306.308044
60.000000
0.750000
GRASS_SPROUT
223.220383
307.067169
225.000000
1.250000
GRASS_SPROUT
222.082993
308.643585
75.000000
1.200000
GRASS_SPROUT
219.283829
305.208801
195.000000
0.900000
GRASS_SPROUT
220.894470
303.810516
315.000000
0.800000
GRASS_SPROUT
221.505356
303.296051
0.000000
0.850000
GRASS_SPROUT
220.333847
304.949524
90.000000
1.150000
GRASS_SPROUT
221.660782
304.144501
210.000000
1.150000
GRASS_SPROUT
222.747162
303.640869
300.000000
1.000000
GRASS_SPROUT
223.327866
305.001740
300.000000
1.200000
GRASS_SPROUT
223.235077
308.711334
225.000000
1.200000
GRASS_SPROUT
222.238693
307.666107
195.000000
0.850000
GRASS_SPROUT
220.529984
308.716583
255.000000
1.200000
GRASS_SPROUT
221.440170
305.853424
180.000000
0.950000
GRASS_SPROUT
222.006866
304.999298
180.000000
1.050000
GRASS_SPROUT
224.800491
306.171967
45.000000
0.950000
GRASS_SPROUT
224.940094
303.666260
150.000000
1.050000
GRASS_SPROUT
224.351608
304.751160
30.000000
0.950000
GRASS_SPROUT
223.468658
305.961853
285.000000
1.200000
GRASS_SPROUT
223.912216
304.167877
315.000000
0.800000
GRASS_SPROUT
223.246353
307.926056
15.000000
0.750000
GRASS_SPROUT
224.891190
307.942627
195.000000
1.100000
GRASS_SPROUT
224.093582
307.490967
195.000000
0.950000
GRASS_SPROUT
222.598999
304.429810
120.000000
0.900000
GRASS_SPROUT
223.734451
303.261810
165.000000
1.000000