TILE
33
51
FIELD_GRASS
0
PINE TREE 1
195.671951
303.846466
180.000000
1.100000
PINE TREE 1
197.376053
303.846466
105.000000
1.050000
PINE TREE 1
198.918823
304.449677
315.000000
1.200000
PINE TREE 1
200.167038
306.292358
120.000000
1.250000
PINE TREE 1
200.784058
308.027740
30.000000
0.850000
PINE TREE 1
196.506912
305.051971
90.000000
0.900000
PINE TREE 1
199.170883
307.963348
240.000000
1.250000
PINE TREE 1
196.800003
307.775848
165.000000
1.000000
PINE TREE 1
197.160477
306.346191
300.000000
0.800000
PINE TREE 1
195.741699
306.469116
330.000000
1.200000
PINE TREE 1
198.234024
305.726501
0.000000
0.800000
PINE TREE 1
195.702332
308.494995
255.000000
0.800000
GRASS_SPROUT
200.164871
304.910370
30.000000
1.150000