TILE
33
54
FIELD_GRASS
0
PINE TREE 1
199.263184
326.241821
105.000000
0.950000
PINE TREE 1
200.393021
324.970398
270.000000
1.150000
PINE TREE 1
196.244141
326.375153
30.000000
1.200000
PINE TREE 1
197.713699
325.221558
75.000000
1.050000
PINE TREE 1
198.883789
324.132233
120.000000
0.750000
GRASS_SPROUT
199.728745
321.819580
270.000000
1.150000
GRASS_SPROUT
199.297363
322.655365
45.000000
1.050000
GRASS_SPROUT
198.820465
323.281128
300.000000
0.750000
GRASS_SPROUT
200.998245
322.284363
315.000000
1.050000
GRASS_SPROUT
195.026917
321.835632
15.000000
0.900000
GRASS_SPROUT
196.398056
322.117432
225.000000
0.850000
GRASS_SPROUT
195.396423
323.311615
330.000000
1.150000
GRASS_SPROUT
198.514175
321.796051
240.000000
1.200000
GRASS_SPROUT
197.770172
322.867554
15.000000
0.900000
GRASS_SPROUT
197.256058
323.893951
15.000000
1.250000
GRASS_SPROUT
196.538651
324.445007
240.000000
0.750000
GRASS_SPROUT
195.288437
325.703247
225.000000
0.750000
GRASS_SPROUT
195.268768
324.190247
240.000000
0.750000
GRASS_SPROUT
197.204193
321.952179
105.000000
1.000000
GRASS_SPROUT
195.597061
322.435272
30.000000
1.000000