TILE
39
58
FIELD_GRASS
0
PINE TREE 1
231.587280
347.192413
315.000000
0.750000
PINE TREE 1
233.172195
346.814270
45.000000
0.850000
PINE TREE 1
234.311905
346.619659
165.000000
0.800000
PINE TREE 1
235.698730
346.511292
270.000000
0.750000
PINE TREE 1
236.262558
347.826294
90.000000
0.900000
PINE TREE 1
234.986603
347.826294
330.000000
0.900000
PINE TREE 1
235.822525
350.147400
120.000000
1.100000
PINE TREE 1
234.061646
350.147400
15.000000
1.100000
PINE TREE 1
232.211411
350.147400
165.000000
1.000000
PINE TREE 1
231.926285
348.485901
255.000000
1.100000
PINE TREE 1
233.724564
348.485901
330.000000
0.950000
GRASS_SPROUT
235.961533
345.445038
90.000000
1.100000