TILE
49
6
FIELD_GRASS
0
PINE TREE 1
291.453918
37.274700
210.000000
0.750000
PINE TREE 1
292.792755
37.865589
90.000000
1.150000
PINE TREE 1
294.524933
37.659145
120.000000
1.000000
PINE TREE 1
296.027740
37.659145
150.000000
0.850000
PINE TREE 1
296.654694
35.310692
90.000000
1.250000
PINE TREE 1
294.819000
34.934444
15.000000
1.250000
PINE TREE 1
292.837067
33.943871
345.000000
1.150000
PINE TREE 1
291.438019
33.057930
225.000000
0.850000
PINE TREE 1
291.440521
35.368645
60.000000
1.050000
PINE TREE 1
292.881226
35.948296
315.000000
1.150000
PINE TREE 1
295.492554
36.383442
240.000000
0.800000
GRASS_SPROUT
294.063782
38.902935
60.000000
0.750000
GRASS_SPROUT
294.874207
33.643818
330.000000
0.950000
GRASS_SPROUT
293.900604
36.734547
90.000000
0.800000
GRASS_SPROUT
292.056610
38.883461
285.000000
1.100000
GRASS_SPROUT
295.367859
38.595562
315.000000
1.250000
GRASS_SPROUT
296.660278
36.707844
195.000000
1.200000
GRASS_SPROUT
295.865875
34.155113
270.000000
1.050000