TILE
48
1
FIELD_GRASS
0
PINE TREE 1
285.924042
4.389928
255.000000
1.000000
PINE TREE 1
287.937225
4.219478
30.000000
1.050000
PINE TREE 1
289.556702
4.040332
195.000000
1.200000
PINE TREE 1
286.259857
6.024757
300.000000
0.950000
GRASS_SPROUT
286.588623
3.225858
195.000000
1.100000
GRASS_SPROUT
288.200195
3.068669
165.000000
0.800000
GRASS_SPROUT
290.515198
3.155922
0.000000
1.150000
GRASS_SPROUT
287.273621
5.488999
210.000000
1.050000
GRASS_SPROUT
288.634460
5.304965
105.000000
1.050000
GRASS_SPROUT
290.747040
5.042830
210.000000
1.150000
GRASS_SPROUT
287.417145
6.506686
105.000000
1.050000
GRASS_SPROUT
288.832489
6.506686
345.000000
1.200000
GRASS_SPROUT
290.047302
6.573896
75.000000
0.850000
GRASS_SPROUT
290.994843
6.573896
75.000000
1.050000