TILE
41
7
FIELD_GRASS
0
PINE TREE 1
247.922882
43.341255
165.000000
0.900000
PINE TREE 1
246.432495
43.329292
0.000000
0.800000
PINE TREE 1
244.874817
43.321724
135.000000
1.000000
PINE TREE 1
243.403915
43.317314
60.000000
0.850000
PINE TREE 1
248.324448
41.253708
120.000000
1.250000
PINE TREE 1
246.534012
41.253712
90.000000
1.250000
PINE TREE 1
244.980560
41.253712
225.000000
0.900000
PINE TREE 1
243.440079
41.253712
345.000000
0.800000
PINE TREE 1
243.717239
39.516102
180.000000
0.900000
PINE TREE 1
246.860474
39.628815
135.000000
0.800000
PINE TREE 1
245.508041
39.118031
225.000000
0.950000