TILE
77
30
FIELD_GRASS
0
PINE TREE 2
464.107574
177.612976
75.000000
1.200000
PINE TREE 2
462.190308
177.647797
135.000000
0.800000
PINE TREE 2
460.922791
178.205307
15.000000
0.850000
PINE TREE 2
459.571625
178.598572
135.000000
0.850000
GRASS_SPROUT
464.396240
178.961517
60.000000
1.100000
GRASS_SPROUT
462.918488
178.895081
90.000000
1.150000
GRASS_SPROUT
460.749603
179.307007
345.000000
1.100000
GRASS_SPROUT
459.576782
180.013382
30.000000
0.850000
GRASS_SPROUT
459.190186
181.872787
0.000000
0.750000
GRASS_SPROUT
459.489990
182.915710
225.000000
1.250000
GRASS_SPROUT
460.199554
182.281006
195.000000
1.050000
GRASS_SPROUT
461.518982
181.341064
105.000000
0.750000
GRASS_SPROUT
462.311615
180.822968
0.000000
0.850000
GRASS_SPROUT
463.220306
180.186142
240.000000
0.750000
GRASS_SPROUT
464.089874
181.796432
30.000000
0.950000
GRASS_SPROUT
462.614655
182.410294
240.000000
1.150000
GRASS_SPROUT
461.895599
182.874298
210.000000
0.750000
GRASS_SPROUT
461.130432
182.580841
285.000000
0.750000
GRASS_SPROUT
464.283295
180.099213
330.000000
1.100000
GRASS_SPROUT
463.062469
181.350006
45.000000
1.200000
GRASS_SPROUT
460.740448
180.933273
330.000000
1.100000
GRASS_SPROUT
459.853271
181.498306
255.000000
0.850000
GRASS_SPROUT
461.909882
179.470306
240.000000
1.200000
GRASS_SPROUT
461.523773
180.342865
285.000000
0.800000
GRASS_SPROUT
464.197723
180.964142
105.000000
1.050000
GRASS_SPROUT
460.780884
177.110443
75.000000
1.100000
GRASS_SPROUT
460.078461
177.441574
330.000000
0.750000