TILE
74
33
FIELD_GRASS
0
PINE TREE 2
443.121704
195.012665
150.000000
1.000000
GRASS_SPROUT
445.808350
195.658279
135.000000
1.250000
GRASS_SPROUT
445.390320
196.451431
315.000000
0.950000
GRASS_SPROUT
444.561798
197.089966
255.000000
1.050000
GRASS_SPROUT
443.668396
197.767899
270.000000
0.850000
GRASS_SPROUT
442.924194
198.177902
195.000000
1.100000
GRASS_SPROUT
441.976959
198.509430
120.000000
1.200000
GRASS_SPROUT
444.857605
195.369263
300.000000
1.150000
GRASS_SPROUT
441.461151
196.101532
105.000000
1.050000
GRASS_SPROUT
441.450806
195.218521
165.000000
1.000000
GRASS_SPROUT
442.478210
196.342773
225.000000
1.250000
GRASS_SPROUT
442.824219
197.263916
30.000000
0.900000
GRASS_SPROUT
443.724579
196.161499
180.000000
1.050000
GRASS_SPROUT
441.720154
197.746094
165.000000
0.800000