TILE
73
32
FIELD_GRASS
0
GRASS_SPROUT
435.021393
190.561493
255.000000
1.050000
GRASS_SPROUT
436.059540
191.239014
225.000000
1.100000
GRASS_SPROUT
437.004547
191.349182
150.000000
1.000000
GRASS_SPROUT
437.822571
190.903854
150.000000
0.900000
GRASS_SPROUT
438.470642
190.270508
255.000000
1.150000
GRASS_SPROUT
439.062500
189.672470
270.000000
0.850000
GRASS_SPROUT
440.225555
191.378235
0.000000
0.800000
GRASS_SPROUT
439.396790
191.745804
345.000000
1.050000
GRASS_SPROUT
438.376282
192.138229
300.000000
0.900000
GRASS_SPROUT
437.390991
192.173309
120.000000
0.900000
GRASS_SPROUT
436.532562
192.173309
90.000000
1.000000
GRASS_SPROUT
435.498383
191.889923
180.000000
0.950000
GRASS_SPROUT
435.433350
192.949615
150.000000
0.800000
GRASS_SPROUT
438.050964
192.852158
225.000000
0.900000
GRASS_SPROUT
436.980957
192.917221
345.000000
1.000000
GRASS_SPROUT
437.528992
193.425369
15.000000
0.750000
GRASS_SPROUT
436.521942
194.662781
300.000000
1.150000
GRASS_SPROUT
440.477631
192.884750
0.000000
0.900000
GRASS_SPROUT
439.727753
193.268890
45.000000
0.750000
GRASS_SPROUT
438.836456
193.487381
165.000000
0.750000
GRASS_SPROUT
440.595398
190.251358
330.000000
1.100000
GRASS_SPROUT
440.751678
189.081497
270.000000
0.850000
GRASS_SPROUT
439.907166
189.522568
45.000000
0.800000
GRASS_SPROUT
439.271606
194.273193
210.000000
1.250000
GRASS_SPROUT
437.924011
194.645645
270.000000
1.050000
GRASS_SPROUT
440.379242
193.963135
345.000000
1.100000