TILE
71
31
FIELD_GRASS
0
GRASS_SPROUT
425.933990
188.275970
165.000000
1.150000
GRASS_SPROUT
425.623169
187.324188
300.000000
0.900000
GRASS_SPROUT
425.518555
186.169983
105.000000
0.850000
GRASS_SPROUT
425.663757
185.175278
60.000000
1.250000
GRASS_SPROUT
426.280945
183.620148
330.000000
0.900000
GRASS_SPROUT
426.669495
183.014236
60.000000
0.750000
GRASS_SPROUT
427.996368
188.139069
150.000000
1.150000
GRASS_SPROUT
428.156494
186.251205
120.000000
0.950000
GRASS_SPROUT
427.953430
185.298981
150.000000
0.950000
GRASS_SPROUT
428.318298
184.321808
315.000000
1.250000
GRASS_SPROUT
427.627289
183.549347
45.000000
0.950000
GRASS_SPROUT
427.177917
184.417969
255.000000
0.900000
GRASS_SPROUT
427.061493
185.287888
255.000000
1.250000
GRASS_SPROUT
426.894653
186.375549
150.000000
1.150000
GRASS_SPROUT
427.416901
188.887283
135.000000
1.150000
GRASS_SPROUT
426.729675
187.708557
60.000000
1.000000