TILE
79
38
FIELD_GRASS
0
PINE TREE 2
471.110809
227.482635
105.000000
1.200000
PINE TREE 2
471.037323
229.405746
120.000000
0.900000
PINE TREE 2
472.040192
225.857788
180.000000
1.250000
GRASS_SPROUT
473.592804
225.745209
0.000000
1.250000
GRASS_SPROUT
473.125946
227.269211
225.000000
1.050000
GRASS_SPROUT
472.725677
228.411438
90.000000
0.750000
GRASS_SPROUT
472.390625
229.075912
240.000000
0.900000
GRASS_SPROUT
474.202972
226.545242
210.000000
1.150000
GRASS_SPROUT
474.202972
227.447922
15.000000
1.050000
GRASS_SPROUT
474.534210
225.784607
345.000000
0.900000
GRASS_SPROUT
475.003265
226.788574
255.000000
0.800000
GRASS_SPROUT
475.072845
227.652924
285.000000
1.100000
GRASS_SPROUT
475.109161
229.040344
300.000000
1.100000
GRASS_SPROUT
475.032196
230.108200
120.000000
1.100000
GRASS_SPROUT
474.781860
230.928085
300.000000
0.950000
GRASS_SPROUT
473.300751
230.828308
120.000000
1.050000
GRASS_SPROUT
472.036835
229.908981
315.000000
1.100000
GRASS_SPROUT
473.506409
228.348129
345.000000
1.150000
GRASS_SPROUT
473.583740
229.285721
180.000000
0.850000
GRASS_SPROUT
475.922974
230.484497
315.000000
1.050000
GRASS_SPROUT
476.094147
228.952255
90.000000
1.200000
GRASS_SPROUT
474.036591
229.981476
75.000000
1.200000