TILE
75
31
FIELD_GRASS
0
PINE TREE 2
452.764069
185.358826
180.000000
0.750000
PINE TREE 2
452.378632
184.129669
60.000000
0.950000
GRASS_SPROUT
448.121155
185.409607
135.000000
1.050000
GRASS_SPROUT
449.008057
186.020386
240.000000
0.800000
GRASS_SPROUT
449.417542
186.684067
315.000000
0.800000
GRASS_SPROUT
449.566101
187.601456
180.000000
0.800000
GRASS_SPROUT
449.446045
188.407776
0.000000
1.000000
GRASS_SPROUT
447.553497
186.679962
120.000000
0.850000
GRASS_SPROUT
447.283417
187.809555
285.000000
0.800000
GRASS_SPROUT
448.177887
187.410629
285.000000
1.200000
GRASS_SPROUT
448.304688
188.446472
120.000000
0.900000