TILE
70
35
FIELD_GRASS
0
GRASS_SPROUT
417.134033
212.055511
30.000000
1.000000
GRASS_SPROUT
417.819733
211.244888
75.000000
0.800000
GRASS_SPROUT
418.658569
210.622726
315.000000
0.900000
GRASS_SPROUT
419.341278
210.154617
285.000000
0.950000
GRASS_SPROUT
420.145386
209.975540
330.000000
1.050000
GRASS_SPROUT
420.955811
210.154617
0.000000
0.800000
GRASS_SPROUT
421.540131
210.908539
150.000000
0.950000
GRASS_SPROUT
421.871887
211.736313
180.000000
1.150000
GRASS_SPROUT
421.957977
212.674637
75.000000
1.200000
GRASS_SPROUT
418.384735
212.959839
135.000000
1.200000
GRASS_SPROUT
418.695221
212.235748
300.000000
0.750000
GRASS_SPROUT
419.506927
212.399414
75.000000
1.100000
GRASS_SPROUT
419.982422
211.472519
135.000000
1.000000
GRASS_SPROUT
420.776306
212.875214
225.000000
1.200000
GRASS_SPROUT
420.620819
211.905457
135.000000
0.750000
GRASS_SPROUT
419.149750
211.646744
210.000000
0.800000