TILE
53
42
FIELD_GRASS
0
GRASS_SPROUT
315.222137
252.090683
270.000000
1.250000
GRASS_SPROUT
316.173370
252.394257
210.000000
0.850000
GRASS_SPROUT
316.817230
252.982132
315.000000
1.100000
GRASS_SPROUT
317.317108
254.084442
15.000000
1.250000
GRASS_SPROUT
318.034302
254.826080
15.000000
1.050000
GRASS_SPROUT
315.662537
254.383270
105.000000
0.950000
GRASS_SPROUT
315.347504
253.405396
300.000000
0.950000
GRASS_SPROUT
315.750488
250.824203
30.000000
1.050000
GRASS_SPROUT
316.295471
250.221939
300.000000
0.900000
GRASS_SPROUT
316.716919
249.525925
315.000000
1.100000
GRASS_SPROUT
317.624664
249.284241
45.000000
0.900000
GRASS_SPROUT
316.373535
251.470612
15.000000
1.150000
GRASS_SPROUT
317.901581
250.159103
180.000000
1.200000
GRASS_SPROUT
317.725037
251.066513
270.000000
0.850000
GRASS_SPROUT
317.627747
251.847107
330.000000
0.750000