TILE
52
42
FIELD_GRASS
0
GRASS_SPROUT
309.583252
251.690475
300.000000
0.950000
GRASS_SPROUT
310.610352
251.554520
15.000000
1.100000
GRASS_SPROUT
311.642212
251.554520
285.000000
0.900000
GRASS_SPROUT
312.482971
251.554520
105.000000
0.750000
GRASS_SPROUT
313.238800
251.645294
150.000000
0.950000
GRASS_SPROUT
314.174042
251.780396
225.000000
1.250000
GRASS_SPROUT
313.027985
254.934097
45.000000
0.850000
GRASS_SPROUT
312.188690
254.683304
165.000000
1.000000
GRASS_SPROUT
311.589294
253.921295
45.000000
1.200000
GRASS_SPROUT
310.350830
253.787613
150.000000
1.100000
GRASS_SPROUT
309.346954
253.700165
180.000000
0.950000
GRASS_SPROUT
312.958984
253.783173
210.000000
1.050000
GRASS_SPROUT
314.169922
253.935822
240.000000
0.800000
GRASS_SPROUT
314.921295
254.049133
180.000000
0.900000
GRASS_SPROUT
309.940552
254.456360
105.000000
0.850000
GRASS_SPROUT
313.664886
254.358765
285.000000
0.750000
GRASS_SPROUT
309.882477
252.848953
150.000000
0.850000
GRASS_SPROUT
310.841919
252.813919
255.000000
0.950000
GRASS_SPROUT
311.736237
252.837906
150.000000
1.150000
GRASS_SPROUT
314.457184
253.041214
315.000000
0.850000
GRASS_SPROUT
313.469910
252.700485
210.000000
1.100000
GRASS_SPROUT
312.606354
252.665894
90.000000
0.950000
GRASS_SPROUT
314.932648
251.190933
165.000000
1.100000