TILE
59
43
FIELD_GRASS
0
GRASS_SPROUT
356.129883
255.066132
0.000000
1.150000
GRASS_SPROUT
356.180969
256.065979
300.000000
1.150000
GRASS_SPROUT
356.281738
259.874146
30.000000
0.750000
GRASS_SPROUT
355.761230
260.343018
240.000000
1.000000
GRASS_SPROUT
355.278076
260.953735
90.000000
0.800000
GRASS_SPROUT
356.657379
259.214874
105.000000
0.850000
GRASS_SPROUT
356.974579
258.391510
165.000000
1.250000
GRASS_SPROUT
352.443176
260.830292
165.000000
0.850000
GRASS_SPROUT
353.025269
260.411346
285.000000
0.750000
GRASS_SPROUT
351.917084
259.414520
45.000000
1.200000
GRASS_SPROUT
352.912842
259.357788
30.000000
1.200000
GRASS_SPROUT
351.641022
260.307373
180.000000
0.800000
GRASS_SPROUT
353.437195
258.690887
210.000000
0.800000
GRASS_SPROUT
354.066071
259.376801
105.000000
1.100000
GRASS_SPROUT
355.104645
259.285583
0.000000
1.100000
GRASS_SPROUT
354.027618
260.418488
180.000000
1.200000
GRASS_SPROUT
351.636810
258.023560
255.000000
1.050000
GRASS_SPROUT
352.771210
257.295288
15.000000
1.050000
GRASS_SPROUT
354.387543
257.441193
195.000000
0.950000
GRASS_SPROUT
355.266846
257.842621
90.000000
1.200000
GRASS_SPROUT
352.507080
258.436371
105.000000
1.050000
GRASS_SPROUT
353.800140
256.650452
90.000000
0.800000
GRASS_SPROUT
354.538788
256.357269
180.000000
1.000000
GRASS_SPROUT
355.270782
256.282898
210.000000
0.750000
GRASS_SPROUT
354.044037
255.248428
210.000000
1.250000
GRASS_SPROUT
352.933655
255.029999
255.000000
1.250000
GRASS_SPROUT
351.378601
255.162094
315.000000
1.250000
GRASS_SPROUT
351.705750
256.046478
0.000000
1.000000
GRASS_SPROUT
351.811676
257.025848
30.000000
1.250000
GRASS_SPROUT
354.437073
258.523193
270.000000
1.200000