TILE
58
43
FIELD_GRASS
0
GRASS_SPROUT
346.091553
260.163177
270.000000
1.050000
GRASS_SPROUT
346.091553
259.180389
180.000000
1.100000
GRASS_SPROUT
346.091553
258.252472
225.000000
1.200000
GRASS_SPROUT
346.091553
257.257996
240.000000
0.950000
GRASS_SPROUT
346.091553
256.273773
135.000000
1.000000
GRASS_SPROUT
346.091553
255.332397
45.000000
0.750000
GRASS_SPROUT
349.145752
255.381241
195.000000
0.750000
GRASS_SPROUT
349.145752
256.423950
330.000000
0.900000
GRASS_SPROUT
349.145752
257.335876
285.000000
1.100000
GRASS_SPROUT
349.145752
258.329651
150.000000
1.150000
GRASS_SPROUT
349.145752
259.156250
150.000000
0.800000
GRASS_SPROUT
349.105774
259.842102
135.000000
0.850000
GRASS_SPROUT
349.004852
260.617859
75.000000
0.750000
GRASS_SPROUT
348.224182
259.457001
30.000000
0.850000
GRASS_SPROUT
347.843140
260.279449
105.000000
1.100000
GRASS_SPROUT
347.223175
259.320740
90.000000
1.050000
GRASS_SPROUT
347.297821
258.327911
255.000000
0.900000
GRASS_SPROUT
347.340942
257.356781
210.000000
1.150000
GRASS_SPROUT
347.384460
256.346069
120.000000
0.850000
GRASS_SPROUT
347.384460
255.363846
240.000000
0.800000
GRASS_SPROUT
348.120270
255.127090
300.000000
1.050000
GRASS_SPROUT
348.143555
256.782501
15.000000
1.200000
GRASS_SPROUT
348.143555
258.046021
105.000000
1.250000
GRASS_SPROUT
350.525909
259.503967
315.000000
0.800000
GRASS_SPROUT
349.990631
260.528503
330.000000
0.850000
GRASS_SPROUT
350.938812
258.818695
30.000000
0.950000
GRASS_SPROUT
350.745911
257.774048
105.000000
0.850000
GRASS_SPROUT
350.238342
256.714233
45.000000
1.200000
GRASS_SPROUT
350.238312
255.868347
210.000000
0.750000
GRASS_SPROUT
350.238312
255.081696
210.000000
1.200000
GRASS_SPROUT
350.002502
257.622375
90.000000
1.000000
GRASS_SPROUT
349.969635
258.421783
165.000000
0.850000