TILE
5
64
FIELD_GRASS
0
PINE TREE 1
27.052330
385.711884
255.000000
0.750000
PINE TREE 1
28.116236
386.716400
150.000000
1.100000
PINE TREE 1
30.555563
386.857056
195.000000
1.000000
PINE TREE 1
27.825424
384.798889
255.000000
0.850000
PINE TREE 1
27.526325
383.449768
315.000000
0.900000
PINE TREE 1
29.275770
383.449158
225.000000
1.200000
PINE TREE 1
30.695763
384.944794
300.000000
1.200000
PINE TREE 1
29.335203
385.882385
195.000000
0.900000
PINE TREE 1
32.543976
386.041962
150.000000
1.250000
PINE TREE 1
28.608665
381.681915
150.000000
0.950000
PINE TREE 1
30.926878
381.633179
75.000000
0.850000
PINE TREE 1
32.110687
382.560028
105.000000
0.950000
PINE TREE 1
32.810078
381.161835
225.000000
1.250000
PINE TREE 1
31.834751
383.711243
270.000000
0.700000
PINE TREE 1
30.858519
382.894257
210.000000
0.800000