TILE
3
65
FIELD_GRASS
0
GRASS_SPROUT
18.122068
391.463531
90.000000
0.800000
GRASS_SPROUT
16.585726
392.590332
240.000000
0.900000
GRASS_SPROUT
16.606564
391.724121
330.000000
0.900000
GRASS_SPROUT
16.894482
391.037750
135.000000
0.850000
GRASS_SPROUT
17.435108
390.317261
75.000000
1.250000
GRASS_SPROUT
18.502357
389.918182
240.000000
0.900000
GRASS_SPROUT
19.192402
389.867554
225.000000
0.750000
GRASS_SPROUT
19.832153
390.218475
345.000000
0.800000
GRASS_SPROUT
20.317333
390.705902
165.000000
0.750000
GRASS_SPROUT
20.572794
391.544281
285.000000
1.150000
GRASS_SPROUT
20.563213
392.506104
240.000000
0.900000
GRASS_SPROUT
17.629105
392.922150
60.000000
1.200000
GRASS_SPROUT
18.395765
390.705902
105.000000
1.050000
GRASS_SPROUT
18.891897
391.589447
210.000000
0.750000
GRASS_SPROUT
19.120224
392.250275
240.000000
0.750000
GRASS_SPROUT
19.678730
391.679382
90.000000
1.100000