TILE
4
63
FIELD_GRASS
0
PINE TREE 1
21.727671
375.990662
150.000000
0.750000
PINE TREE 1
23.206509
375.978394
150.000000
0.850000
PINE TREE 1
24.693527
375.970886
150.000000
1.200000
PINE TREE 1
26.720049
375.965118
150.000000
1.100000
PINE TREE 1
23.508587
380.511658
60.000000
1.200000
PINE TREE 1
21.853535
379.915833
195.000000
0.800000
PINE TREE 1
21.173048
378.146027
285.000000
1.050000
PINE TREE 1
22.717970
377.969543
0.000000
0.950000
PINE TREE 1
24.190456
377.968750
135.000000
0.950000
PINE TREE 1
26.060253
377.995514
105.000000
1.150000
PINE TREE 1
25.016272
379.852631
105.000000
1.000000