TILE
3
66
FIELD_GRASS
0
GRASS_SPROUT
15.378063
398.727325
285.000000
1.250000
GRASS_SPROUT
16.289915
398.727325
330.000000
0.950000
GRASS_SPROUT
17.057596
398.685791
45.000000
0.750000
GRASS_SPROUT
17.827616
398.644135
330.000000
0.900000
GRASS_SPROUT
18.677469
398.560425
60.000000
1.000000
GRASS_SPROUT
19.648682
398.433868
90.000000
1.200000
GRASS_SPROUT
18.258995
393.985168
45.000000
1.100000
GRASS_SPROUT
17.471296
393.756195
285.000000
0.900000
GRASS_SPROUT
16.889462
393.325836
60.000000
0.800000
GRASS_SPROUT
20.236553
393.165802
90.000000
0.850000
GRASS_SPROUT
19.505680
393.523193
15.000000
1.000000