TILE
48
7
FIELD_GRASS
0
PINE TREE 1
285.902557
40.995026
120.000000
0.750000
PINE TREE 1
286.839630
40.163986
15.000000
0.750000
PINE TREE 1
287.887512
39.187061
135.000000
0.850000
GRASS_SPROUT
285.849670
42.153912
300.000000
0.850000
GRASS_SPROUT
286.614441
41.776520
270.000000
1.150000
GRASS_SPROUT
287.621277
41.091827
225.000000
1.100000
GRASS_SPROUT
288.560272
40.686005
45.000000
1.250000
GRASS_SPROUT
289.319244
40.269051
270.000000
0.800000
GRASS_SPROUT
288.033722
44.527664
285.000000
1.250000
GRASS_SPROUT
288.677765
43.905010
225.000000
0.800000
GRASS_SPROUT
289.199585
43.390808
345.000000
0.900000
GRASS_SPROUT
290.118805
42.617344
255.000000
0.850000
GRASS_SPROUT
290.837799
41.944717
285.000000
1.100000
GRASS_SPROUT
290.463318
40.190285
15.000000
1.000000
GRASS_SPROUT
287.071228
42.889725
45.000000
0.950000
GRASS_SPROUT
285.510193
44.079735
330.000000
0.950000
GRASS_SPROUT
289.381012
39.205250
165.000000
0.750000
GRASS_SPROUT
287.722137
42.123184
225.000000
0.950000
GRASS_SPROUT
288.398254
41.613842
60.000000
0.750000
GRASS_SPROUT
289.318726
41.572990
270.000000
1.150000
GRASS_SPROUT
288.299988
42.758877
255.000000
0.850000
GRASS_SPROUT
286.804230
44.177052
165.000000
1.200000
GRASS_SPROUT
289.618469
44.398865
210.000000
1.000000
GRASS_SPROUT
290.644104
43.861713
270.000000
0.900000
GRASS_SPROUT
290.969849
44.973549
180.000000
1.150000