TILE
49
5
FIELD_GRASS
0
PINE TREE 1
291.863861
27.973701
240.000000
1.050000
PINE TREE 1
293.483856
28.470142
45.000000
0.750000
PINE TREE 1
294.784180
29.135109
135.000000
0.750000
PINE TREE 1
296.176453
29.872055
285.000000
0.950000
PINE TREE 1
292.316895
30.346041
90.000000
1.050000
PINE TREE 1
293.928680
30.346041
315.000000
0.900000
PINE TREE 1
295.125519
30.649725
330.000000
0.850000
PINE TREE 1
292.703552
31.716244
75.000000
0.950000
PINE TREE 1
293.999969
31.907740
270.000000
0.900000
PINE TREE 1
295.382629
32.789131
195.000000
0.850000
PINE TREE 1
296.971100
32.987190
90.000000
1.200000
PINE TREE 1
296.287628
31.585045
300.000000
1.000000