TILE
41
4
FIELD_GRASS
0
PINE TREE 1
248.728806
21.986816
30.000000
0.900000
PINE TREE 1
245.044525
21.141800
225.000000
0.800000
PINE TREE 1
246.226532
22.351084
60.000000
0.950000
PINE TREE 1
247.367508
23.509184
300.000000
1.000000
PINE TREE 1
243.231735
23.480707
30.000000
0.900000
PINE TREE 1
243.966568
24.811115
15.000000
1.200000
PINE TREE 1
245.353699
26.119877
210.000000
0.800000
PINE TREE 1
246.632278
26.560287
180.000000
0.850000
PINE TREE 1
246.354340
25.065344
180.000000
0.900000
PINE TREE 1
248.347488
25.737183
255.000000
1.150000
PINE TREE 1
244.686447
22.700989
15.000000
1.250000