TILE
42
4
FIELD_GRASS
0
PINE TREE 1
251.331329
21.598564
285.000000
1.000000
PINE TREE 1
252.427643
22.695827
60.000000
1.150000
PINE TREE 1
253.743744
24.012533
210.000000
1.250000
PINE TREE 1
254.943207
25.636284
135.000000
0.950000
PINE TREE 1
249.482559
23.170074
165.000000
0.950000
PINE TREE 1
250.061600
24.933651
330.000000
1.200000
PINE TREE 1
250.339584
26.487846
180.000000
0.900000
PINE TREE 1
253.289886
26.825031
90.000000
1.150000
PINE TREE 1
251.082123
23.520781
30.000000
0.800000
PINE TREE 1
251.347977
25.921124
150.000000
0.750000
PINE TREE 1
251.739136
24.650970
255.000000
1.050000
PINE TREE 1
250.026764
21.895590
45.000000
0.850000