TILE
40
5
FIELD_GRASS
0
PINE TREE 1
237.083466
32.395992
285.000000
1.150000
PINE TREE 1
237.215103
30.716078
105.000000
1.100000
PINE TREE 1
242.399536
31.178806
270.000000
0.950000
PINE TREE 1
241.415878
30.139034
135.000000
0.900000
PINE TREE 1
240.610382
28.507105
150.000000
1.050000
PINE TREE 1
238.229385
27.202347
180.000000
0.750000
PINE TREE 1
238.229385
29.049595
105.000000
1.250000
PINE TREE 1
240.255753
31.570305
330.000000
1.200000
PINE TREE 1
239.931412
30.019497
135.000000
1.050000
PINE TREE 1
238.357925
31.723425
225.000000
0.850000
PINE TREE 1
241.687149
32.719345
180.000000
1.150000
PINE TREE 1
242.449936
27.605371
210.000000
1.250000
PINE TREE 1
242.946930
29.295202
165.000000
0.950000