TILE
47
1
FIELD_GRASS
0
PINE TREE 1
280.204102
3.715950
195.000000
1.250000
PINE TREE 1
279.601196
5.646860
15.000000
1.200000
PINE TREE 1
279.174316
7.094956
180.000000
0.900000
PINE TREE 1
279.085815
8.528177
60.000000
1.000000
PINE TREE 1
281.224945
8.112675
165.000000
0.850000
PINE TREE 1
281.517792
6.696259
300.000000
1.150000
PINE TREE 1
282.272797
4.414823
195.000000
1.150000
PINE TREE 1
284.421997
4.768623
60.000000
1.150000
PINE TREE 1
283.702362
8.137005
180.000000
1.250000
PINE TREE 1
284.983521
6.962242
330.000000
0.950000
PINE TREE 1
283.675659
6.224981
255.000000
1.050000
GRASS_SPROUT
283.784790
3.629435
210.000000
1.100000
GRASS_SPROUT
284.907196
3.034089
195.000000
1.000000
GRASS_SPROUT
280.109192
7.873705
105.000000
1.200000