TILE
72
52
FIELD_GRASS
0
GRASS_SPROUT
434.946106
309.711731
0.000000
0.850000
GRASS_SPROUT
434.246368
310.416565
15.000000
1.200000
GRASS_SPROUT
433.510529
311.156372
135.000000
1.100000
GRASS_SPROUT
432.747253
311.922668
60.000000
1.050000
GRASS_SPROUT
432.045441
312.626465
30.000000
1.200000
GRASS_SPROUT
431.270294
313.181152
255.000000
0.800000
GRASS_SPROUT
430.478302
313.557953
15.000000
0.950000
GRASS_SPROUT
429.590363
313.849152
120.000000
1.200000
GRASS_SPROUT
429.733368
309.293610
330.000000
1.100000
GRASS_SPROUT
431.151855
309.192505
75.000000
0.850000
GRASS_SPROUT
431.382996
310.157166
165.000000
1.100000
GRASS_SPROUT
430.519135
311.024323
270.000000
0.900000
GRASS_SPROUT
429.527649
311.830536
105.000000
0.850000
GRASS_SPROUT
430.689270
311.860016
195.000000
0.950000
GRASS_SPROUT
432.321991
310.127930
0.000000
1.200000
GRASS_SPROUT
429.508667
312.814941
30.000000
1.200000
GRASS_SPROUT
430.331665
310.095703
195.000000
1.200000
GRASS_SPROUT
433.277161
310.192139
60.000000
0.950000
GRASS_SPROUT
429.260895
310.287781
195.000000
0.750000
GRASS_SPROUT
431.992096
311.045166
315.000000
1.100000