TILE
73
59
FIELD_GRASS
0
GRASS_SPROUT
437.523010
352.114624
90.000000
1.000000
GRASS_SPROUT
437.026703
352.911621
180.000000
1.250000
GRASS_SPROUT
436.541138
354.115753
255.000000
0.900000
GRASS_SPROUT
436.117554
355.358093
225.000000
1.150000
GRASS_SPROUT
435.958160
356.300537
330.000000
0.950000
GRASS_SPROUT
435.149445
352.019897
330.000000
1.000000
GRASS_SPROUT
435.529968
351.304962
75.000000
0.950000
GRASS_SPROUT
438.430695
351.073975
195.000000
1.150000
GRASS_SPROUT
435.261597
355.391846
105.000000
0.800000
GRASS_SPROUT
435.358490
353.722198
120.000000
1.200000
GRASS_SPROUT
435.993927
352.984741
315.000000
1.200000
GRASS_SPROUT
436.635742
351.003967
105.000000
1.050000
GRASS_SPROUT
436.377838
351.709930
150.000000
0.750000