TILE
74
57
FIELD_GRASS
0
GRASS_SPROUT
441.329315
339.454681
165.000000
1.200000
GRASS_SPROUT
442.806030
339.085327
255.000000
1.100000
GRASS_SPROUT
444.818146
339.362976
195.000000
1.050000
GRASS_SPROUT
445.639984
339.545959
45.000000
1.000000
GRASS_SPROUT
446.387421
340.349518
330.000000
1.150000
GRASS_SPROUT
441.027222
342.104187
90.000000
1.150000
GRASS_SPROUT
441.563843
342.955078
15.000000
1.150000
GRASS_SPROUT
441.895996
341.075562
0.000000
0.950000
GRASS_SPROUT
442.977966
340.792511
105.000000
1.250000
GRASS_SPROUT
444.000977
340.552399
300.000000
1.150000
GRASS_SPROUT
444.796600
341.122192
15.000000
1.100000
GRASS_SPROUT
445.317596
341.892731
255.000000
0.750000
GRASS_SPROUT
444.364105
342.198212
135.000000
1.100000
GRASS_SPROUT
442.474030
342.497131
135.000000
1.100000
GRASS_SPROUT
443.612427
342.665070
300.000000
0.750000
GRASS_SPROUT
446.355927
342.024475
165.000000
1.150000
GRASS_SPROUT
445.951630
344.994019
90.000000
1.200000
GRASS_SPROUT
445.913300
344.089203
270.000000
0.750000
GRASS_SPROUT
445.501770
343.237091
345.000000
1.250000
GRASS_SPROUT
446.498688
342.994873
150.000000
1.000000
GRASS_SPROUT
446.656708
343.976196
60.000000
1.050000
GRASS_SPROUT
445.159149
344.422363
195.000000
1.000000
GRASS_SPROUT
444.316254
344.888794
120.000000
1.200000
GRASS_SPROUT
442.217499
344.495239
120.000000
0.850000
GRASS_SPROUT
442.863953
344.312256
75.000000
0.800000
GRASS_SPROUT
443.695892
343.976196
330.000000
1.150000
GRASS_SPROUT
442.887695
343.316864
300.000000
0.900000
GRASS_SPROUT
443.173401
341.882721
240.000000
1.100000
GRASS_SPROUT
444.280579
343.213654
90.000000
0.800000