TILE
70
52
FIELD_GRASS
0
GRASS_SPROUT
422.351471
314.520081
315.000000
1.100000
GRASS_SPROUT
421.335297
314.539093
30.000000
1.250000
GRASS_SPROUT
420.274261
314.553406
195.000000
0.800000
GRASS_SPROUT
419.281555
314.562988
330.000000
0.850000
GRASS_SPROUT
418.251373
314.570190
165.000000
1.100000
GRASS_SPROUT
417.291779
314.575012
300.000000
0.900000
GRASS_SPROUT
421.252960
309.045013
285.000000
1.250000
GRASS_SPROUT
421.351746
310.236694
285.000000
0.750000
GRASS_SPROUT
422.247925
310.827393
15.000000
1.050000
GRASS_SPROUT
420.313141
309.996307
345.000000
1.100000
GRASS_SPROUT
419.964600
310.849518
300.000000
0.800000
GRASS_SPROUT
418.852753
311.615906
285.000000
0.850000
GRASS_SPROUT
417.358765
311.365875
90.000000
1.150000
GRASS_SPROUT
418.256439
309.782562
180.000000
0.750000
GRASS_SPROUT
417.224457
310.136810
300.000000
1.200000
GRASS_SPROUT
422.401459
309.227356
0.000000
0.750000
GRASS_SPROUT
422.481812
309.968781
345.000000
0.900000
GRASS_SPROUT
419.103851
310.752380
60.000000
0.850000
GRASS_SPROUT
418.030365
310.590149
150.000000
1.000000
GRASS_SPROUT
422.311035
311.695007
60.000000
0.950000
GRASS_SPROUT
420.313934
311.654144
225.000000
1.100000
GRASS_SPROUT
421.197144
312.197174
150.000000
0.950000
GRASS_SPROUT
420.429260
312.689545
75.000000
1.200000
GRASS_SPROUT
418.820831
312.732239
255.000000
0.750000
GRASS_SPROUT
417.790436
312.381073
210.000000
1.100000
GRASS_SPROUT
421.240662
313.151031
180.000000
0.900000
GRASS_SPROUT
422.377533
312.654388
15.000000
1.050000
GRASS_SPROUT
419.916870
313.782898
210.000000
1.150000
GRASS_SPROUT
417.757751
313.813629
135.000000
0.750000
GRASS_SPROUT
418.412537
313.407806
225.000000
1.050000
GRASS_SPROUT
418.958344
309.702179
195.000000
1.000000