TILE
71
51
FIELD_GRASS
0
GRASS_SPROUT
424.965088
308.917114
300.000000
0.900000
GRASS_SPROUT
423.335754
308.396973
210.000000
1.150000
GRASS_SPROUT
424.692444
306.771729
195.000000
1.000000
GRASS_SPROUT
426.286133
307.340302
345.000000
0.950000
GRASS_SPROUT
426.774384
307.902252
285.000000
0.900000
GRASS_SPROUT
425.717346
308.546417
150.000000
1.150000
GRASS_SPROUT
423.600311
306.089386
120.000000
1.000000
GRASS_SPROUT
425.775574
305.068542
330.000000
0.750000
GRASS_SPROUT
427.395233
304.634003
195.000000
0.950000
GRASS_SPROUT
425.302917
306.157593
90.000000
1.100000
GRASS_SPROUT
423.926270
307.207001
315.000000
1.150000
GRASS_SPROUT
424.361694
307.974731
75.000000
0.750000
GRASS_SPROUT
427.920929
307.556305
165.000000
1.250000
GRASS_SPROUT
428.845123
308.415649
345.000000
0.950000
GRASS_SPROUT
428.814148
306.758575
45.000000
0.950000
GRASS_SPROUT
427.520050
306.536652
300.000000
0.750000
GRASS_SPROUT
426.676575
306.736664
0.000000
0.800000
GRASS_SPROUT
428.588196
305.881104
285.000000
1.000000
GRASS_SPROUT
427.643402
305.486298
270.000000
0.950000
GRASS_SPROUT
424.359131
305.616577
240.000000
0.900000
GRASS_SPROUT
424.839661
303.778137
285.000000
0.800000
GRASS_SPROUT
427.136078
303.149292
120.000000
1.000000
GRASS_SPROUT
428.220398
303.005402
0.000000
0.750000
GRASS_SPROUT
424.424133
304.559204
300.000000
0.850000
GRASS_SPROUT
423.385468
305.233887
150.000000
1.050000
GRASS_SPROUT
426.632874
304.345795
60.000000
0.900000
GRASS_SPROUT
427.618408
303.970703
240.000000
0.750000
GRASS_SPROUT
426.634308
305.598236
0.000000
1.250000
GRASS_SPROUT
428.435425
303.825958
75.000000
1.250000
GRASS_SPROUT
425.022400
305.216064
300.000000
0.750000
GRASS_SPROUT
423.570923
303.998199
285.000000
1.200000