TILE
24
69
FIELD_GRASS
0
PINE TREE 2
144.340027
415.408020
345.000000
1.050000
PINE TREE 2
144.242935
413.725128
285.000000
0.950000
PINE TREE 2
144.129547
411.933136
330.000000
0.850000
PINE TREE 2
141.118790
414.927612
180.000000
1.050000
PINE TREE 2
141.455215
413.226685
90.000000
1.150000
PINE TREE 2
141.719009
411.588776
315.000000
0.750000
PINE TREE 2
142.506607
415.845032
15.000000
1.150000
GRASS_SPROUT
146.435562
411.415283
210.000000
1.150000
GRASS_SPROUT
145.803238
416.219391
165.000000
0.850000
GRASS_SPROUT
145.846298
415.442078
105.000000
0.750000
GRASS_SPROUT
145.970520
416.954193
180.000000
0.850000
GRASS_SPROUT
145.739929
414.485199
105.000000
1.200000
GRASS_SPROUT
145.898239
413.170685
255.000000
1.000000
GRASS_SPROUT
146.103928
412.453064
165.000000
0.850000
GRASS_SPROUT
146.548553
415.211212
210.000000
0.750000
GRASS_SPROUT
145.128372
412.507233
15.000000
1.150000
GRASS_SPROUT
146.600266
416.233032
195.000000
0.950000