TILE
28
69
FIELD_GRASS
0
PINE TREE 2
170.171326
412.827667
330.000000
1.150000
PINE TREE 2
168.408295
412.827728
255.000000
0.950000
PINE TREE 2
166.762161
412.827728
330.000000
0.850000
PINE TREE 2
165.229584
412.827728
15.000000
0.850000
PINE TREE 2
167.416367
411.423920
195.000000
1.100000
PINE TREE 2
168.916992
411.035217
0.000000
0.800000
PINE TREE 2
170.614731
411.004761
60.000000
1.150000
PINE TREE 2
167.214371
415.290741
75.000000
1.200000
PINE TREE 2
168.920486
416.459625
165.000000
1.150000
PINE TREE 2
168.883331
414.584930
225.000000
1.200000
GRASS_SPROUT
165.554703
414.488220
270.000000
1.150000