TILE
28
68
FIELD_GRASS
0
PINE TREE 2
165.082291
409.073608
120.000000
1.100000
PINE TREE 2
166.938904
409.073059
120.000000
0.950000
PINE TREE 2
168.784683
409.072754
180.000000
1.100000
PINE TREE 2
170.720596
409.072601
180.000000
1.250000
PINE TREE 2
169.603836
406.506409
300.000000
1.250000
PINE TREE 2
168.159912
406.998230
300.000000
0.750000
PINE TREE 2
166.145248
407.830627
195.000000
1.000000
GRASS_SPROUT
167.812485
405.561188
45.000000
0.950000
GRASS_SPROUT
167.380646
407.633362
75.000000
0.850000
GRASS_SPROUT
165.671677
405.491882
210.000000
1.200000
GRASS_SPROUT
165.566544
406.555603
15.000000
0.850000
GRASS_SPROUT
166.858704
405.209167
15.000000
1.000000
GRASS_SPROUT
170.282547
405.094055
165.000000
1.050000
GRASS_SPROUT
166.905853
406.010071
270.000000
0.800000