TILE
24
65
FIELD_GRASS
0
PINE TREE 1
142.159698
388.121765
300.000000
1.000000
PINE TREE 1
142.202545
389.541626
150.000000
0.950000
PINE TREE 1
141.317017
391.073364
225.000000
1.250000
GRASS_SPROUT
143.380447
387.194427
210.000000
1.050000
GRASS_SPROUT
143.444031
388.093842
225.000000
0.850000
GRASS_SPROUT
144.083832
388.938904
180.000000
1.150000
GRASS_SPROUT
144.948013
389.421875
300.000000
0.950000
GRASS_SPROUT
145.885834
389.849731
330.000000
1.200000
GRASS_SPROUT
146.830597
390.001923
240.000000
0.850000
GRASS_SPROUT
146.379425
392.897583
30.000000
1.100000
GRASS_SPROUT
145.484314
392.933014
60.000000
1.100000
GRASS_SPROUT
144.371506
392.968384
240.000000
0.800000
GRASS_SPROUT
143.401810
392.933014
165.000000
0.950000
GRASS_SPROUT
142.253357
392.718658
240.000000
0.850000
GRASS_SPROUT
141.307953
392.463928
300.000000
1.050000
GRASS_SPROUT
142.652084
391.692535
255.000000
1.200000
GRASS_SPROUT
143.742401
391.721619
225.000000
0.800000
GRASS_SPROUT
144.517700
391.488586
195.000000
0.750000
GRASS_SPROUT
145.289597
391.292480
30.000000
1.100000
GRASS_SPROUT
143.484222
390.607849
90.000000
1.000000
GRASS_SPROUT
145.728729
391.910767
30.000000
0.750000
GRASS_SPROUT
146.642944
391.899231
240.000000
1.250000
GRASS_SPROUT
146.210983
390.982178
195.000000
1.050000