TILE
21
68
FIELD_GRASS
0
PINE TREE 1
128.568481
409.188599
105.000000
0.900000
PINE TREE 1
127.939728
410.532349
15.000000
1.150000
PINE TREE 1
127.492432
406.105011
105.000000
1.250000
PINE TREE 1
128.021545
407.764313
315.000000
1.150000
PINE TREE 1
128.771454
405.377960
270.000000
0.800000
PINE TREE 1
126.203827
407.196106
60.000000
1.000000
PINE TREE 1
124.685226
405.214233
165.000000
1.100000
PINE TREE 1
123.099564
406.408081
195.000000
1.200000
PINE TREE 1
124.895180
408.438843
150.000000
1.250000
PINE TREE 1
126.285133
409.373779
90.000000
1.100000
PINE TREE 1
124.878052
410.800720
150.000000
1.250000