TILE
25
69
FIELD_GRASS
0
GRASS_SPROUT
147.438919
411.193604
270.000000
1.200000
GRASS_SPROUT
152.704910
416.985931
150.000000
0.850000
GRASS_SPROUT
151.854950
416.656891
150.000000
1.200000
GRASS_SPROUT
150.845840
416.968231
195.000000
1.050000
GRASS_SPROUT
152.982864
415.977234
255.000000
1.150000
GRASS_SPROUT
147.112442
412.350586
210.000000
1.050000
GRASS_SPROUT
148.158859
412.972198
180.000000
0.950000
GRASS_SPROUT
149.130920
412.972198
135.000000
0.950000
GRASS_SPROUT
149.866806
412.937134
330.000000
0.850000
GRASS_SPROUT
147.800415
413.818390
105.000000
1.100000
GRASS_SPROUT
150.247238
412.139801
345.000000
1.100000
GRASS_SPROUT
151.220474
411.760376
165.000000
0.750000
GRASS_SPROUT
151.856857
411.644409
195.000000
0.750000
GRASS_SPROUT
152.093140
412.688812
150.000000
0.750000
GRASS_SPROUT
148.416611
414.424255
120.000000
1.000000
GRASS_SPROUT
152.525955
414.361908
225.000000
1.150000
GRASS_SPROUT
151.065292
415.407532
180.000000
0.950000
GRASS_SPROUT
150.044510
415.605682
195.000000
0.850000
GRASS_SPROUT
148.654800
415.800415
0.000000
1.250000
GRASS_SPROUT
147.754623
415.745117
330.000000
0.900000
GRASS_SPROUT
147.700378
414.941223
30.000000
1.000000
GRASS_SPROUT
150.807602
413.076843
60.000000
1.100000
GRASS_SPROUT
149.731476
414.204590
240.000000
1.000000
GRASS_SPROUT
151.542786
414.141083
285.000000
1.250000
GRASS_SPROUT
152.033798
411.007935
285.000000
0.900000
GRASS_SPROUT
149.528748
411.752716
285.000000
0.900000