TILE
22
68
FIELD_GRASS
0
PINE TREE 2
134.559433
409.872772
75.000000
0.800000
PINE TREE 2
131.827576
410.553162
120.000000
1.250000
PINE TREE 2
132.963043
408.507080
240.000000
1.050000
PINE TREE 2
134.011139
407.448151
120.000000
0.750000
PINE TREE 1
132.254150
405.869385
240.000000
1.200000
PINE TREE 1
130.657669
407.116302
45.000000
1.150000
PINE TREE 1
129.462067
408.153442
150.000000
0.950000
PINE TREE 1
130.161545
409.600006
180.000000
1.250000
PINE TREE 1
130.088898
405.613525
105.000000
1.050000