TILE
23
65
FIELD_GRASS
0
PINE TREE 1
139.883499
391.976593
90.000000
0.900000
PINE TREE 1
139.409973
390.610352
225.000000
1.050000
PINE TREE 1
140.427185
389.286804
0.000000
1.050000
PINE TREE 1
137.916031
390.911011
300.000000
0.800000
PINE TREE 1
136.647247
391.094177
15.000000
0.950000
PINE TREE 1
138.302399
392.251038
45.000000
0.900000
PINE TREE 1
137.756012
389.476624
180.000000
1.150000
PINE TREE 1
137.721878
387.759216
45.000000
0.850000
PINE TREE 1
136.384354
387.069794
30.000000
1.150000
PINE TREE 1
135.991516
389.072998
210.000000
1.200000
PINE TREE 1
138.981033
388.286926
315.000000
0.950000
PINE TREE 1
136.628571
392.354279
0.000000
0.800000