TILE
29
62
FIELD_GRASS
0
PINE TREE 1
171.259857
374.724945
210.000000
1.150000
PINE TREE 1
171.012131
369.478943
315.000000
1.250000
PINE TREE 1
173.266418
370.078094
285.000000
0.850000
PINE TREE 1
174.835114
370.194702
345.000000
1.150000
PINE TREE 1
171.375748
371.140442
195.000000
1.100000
PINE TREE 1
172.554993
372.085663
195.000000
0.950000
PINE TREE 1
173.801819
372.987854
105.000000
0.850000
PINE TREE 1
171.967697
373.187439
45.000000
0.750000
PINE TREE 1
172.801132
374.075897
225.000000
0.800000
PINE TREE 1
173.894882
374.598297
315.000000
0.850000
PINE TREE 1
175.014389
371.997131
45.000000
1.250000
PINE TREE 1
176.430984
372.525574
330.000000
0.850000
PINE TREE 1
176.034393
374.372375
300.000000
1.000000
PINE TREE 1
175.073868
373.470490
180.000000
0.800000
PINE TREE 1
176.534805
370.149933
135.000000
0.950000