TILE
29
68
FIELD_GRASS
0
PINE TREE 2
172.747620
409.072510
60.000000
1.200000
PINE TREE 2
174.788239
409.072510
345.000000
1.050000
PINE TREE 2
176.831360
409.072510
225.000000
1.050000
PINE TREE 2
174.131012
410.974243
345.000000
1.250000
PINE TREE 2
176.342850
410.943970
330.000000
1.050000
PINE TREE 2
174.596909
407.270721
105.000000
1.050000
PINE TREE 2
172.871658
406.362244
150.000000
1.150000
PINE TREE 2
171.179932
406.106110
135.000000
0.900000
PINE TREE 2
171.697037
407.304474
345.000000
0.800000
GRASS_SPROUT
173.934982
405.179718
255.000000
0.900000
GRASS_SPROUT
174.381973
405.843201
270.000000
1.050000
GRASS_SPROUT
175.894684
407.128998
120.000000
0.900000
GRASS_SPROUT
176.643997
407.443542
240.000000
1.050000