TILE
22
62
FIELD_GRASS
0
PINE TREE 1
129.312759
374.065796
195.000000
1.150000
PINE TREE 1
130.884430
374.564484
45.000000
1.100000
GRASS_SPROUT
134.081345
374.403961
255.000000
1.050000
GRASS_SPROUT
133.731705
373.628815
30.000000
1.000000
GRASS_SPROUT
133.819290
372.725922
30.000000
1.150000
GRASS_SPROUT
132.855408
374.335449
285.000000
1.200000
GRASS_SPROUT
132.925064
372.559052
90.000000
1.000000
GRASS_SPROUT
132.699326
371.314667
150.000000
1.250000
GRASS_SPROUT
132.447250
370.438110
45.000000
0.850000
GRASS_SPROUT
132.287415
369.712189
270.000000
1.000000
GRASS_SPROUT
133.340942
370.165222
270.000000
1.050000
GRASS_SPROUT
133.236023
369.112335
210.000000
1.100000
GRASS_SPROUT
133.992401
371.525848
210.000000
1.200000
GRASS_SPROUT
134.084152
369.268951
165.000000
1.000000
GRASS_SPROUT
134.630432
369.899902
285.000000
0.950000
GRASS_SPROUT
132.874893
373.335205
330.000000
0.900000
GRASS_SPROUT
129.038834
371.350281
195.000000
1.050000
GRASS_SPROUT
129.619263
369.737030
255.000000
1.100000
GRASS_SPROUT
130.716721
371.296631
180.000000
0.900000
GRASS_SPROUT
130.887894
372.020538
315.000000
0.800000
GRASS_SPROUT
129.977997
371.816925
30.000000
1.200000
GRASS_SPROUT
129.986435
370.988098
150.000000
0.850000
GRASS_SPROUT
130.730820
372.808807
165.000000
1.100000
GRASS_SPROUT
129.581772
372.789337
240.000000
1.200000
GRASS_SPROUT
131.949005
373.052460
225.000000
1.150000
GRASS_SPROUT
132.038315
374.124481
270.000000
0.900000
GRASS_SPROUT
131.431854
372.327789
270.000000
0.750000
GRASS_SPROUT
130.945282
370.597626
345.000000
0.850000
GRASS_SPROUT
130.773743
369.854126
300.000000
0.950000
GRASS_SPROUT
130.671585
369.030884
180.000000
0.900000