TILE
22
66
FIELD_GRASS
0
PINE TREE 1
134.581894
393.290192
105.000000
1.150000
PINE TREE 1
132.738968
393.210175
75.000000
0.750000
PINE TREE 1
130.964066
393.048706
345.000000
1.100000
GRASS_SPROUT
133.915329
394.649506
135.000000
1.200000
GRASS_SPROUT
132.813004
394.867035
60.000000
0.850000
GRASS_SPROUT
131.505188
395.123627
75.000000
1.200000
GRASS_SPROUT
130.371521
395.582001
165.000000
1.100000
GRASS_SPROUT
129.277344
396.064972
165.000000
1.200000
GRASS_SPROUT
129.039490
394.433685
180.000000
1.000000
GRASS_SPROUT
130.338028
394.305573
255.000000
1.050000
GRASS_SPROUT
131.553253
394.132904
120.000000
0.900000
GRASS_SPROUT
129.714081
393.556610
120.000000
1.100000