TILE
21
63
FIELD_GRASS
0
PINE TREE 1
126.939407
375.380402
255.000000
0.800000
PINE TREE 1
125.594467
375.600800
330.000000
0.900000
PINE TREE 1
128.123108
375.927032
0.000000
1.000000
PINE TREE 1
123.595848
376.933533
300.000000
1.150000
PINE TREE 1
124.856339
377.620941
30.000000
0.800000
PINE TREE 1
126.337738
377.314850
345.000000
0.800000
PINE TREE 1
128.333313
377.560333
150.000000
1.050000
PINE TREE 1
128.177368
379.043549
285.000000
1.000000
PINE TREE 1
126.541718
379.063812
300.000000
1.250000
PINE TREE 1
127.743591
380.977600
105.000000
1.050000
PINE TREE 1
125.392525
379.951294
345.000000
0.750000
PINE TREE 1
124.215256
380.669739
105.000000
0.900000
PINE TREE 1
123.818405
379.127808
285.000000
1.200000