TILE
28
65
FIELD_GRASS
0
PINE TREE 1
169.876450
392.605164
225.000000
1.250000
PINE TREE 1
168.284164
391.490845
0.000000
0.750000
PINE TREE 1
166.680084
390.909119
165.000000
1.250000
PINE TREE 1
169.660736
389.917175
345.000000
1.100000
PINE TREE 1
167.977509
390.046417
150.000000
0.950000
PINE TREE 1
166.669708
389.107788
45.000000
1.250000
GRASS_SPROUT
166.186356
387.130707
150.000000
1.250000
GRASS_SPROUT
170.240570
388.388428
195.000000
0.900000
GRASS_SPROUT
169.510254
387.592133
255.000000
1.250000
GRASS_SPROUT
168.227783
388.066620
315.000000
1.250000
GRASS_SPROUT
168.219330
387.121826
225.000000
1.050000
GRASS_SPROUT
165.526276
391.821869
300.000000
1.200000
GRASS_SPROUT
168.117493
392.903137
270.000000
0.950000
GRASS_SPROUT
166.554245
392.600372
15.000000
0.850000
GRASS_SPROUT
167.343491
392.295654
195.000000
0.850000