TILE
29
66
FIELD_GRASS
0
PINE TREE 1
175.343185
397.085449
285.000000
1.150000
PINE TREE 1
173.371414
397.050995
45.000000
1.250000
PINE TREE 1
172.204605
395.115143
195.000000
1.250000
PINE TREE 1
171.282669
394.033020
330.000000
0.750000
PINE TREE 1
176.048096
394.066437
120.000000
0.950000
PINE TREE 1
174.569565
394.066406
240.000000
1.050000
PINE TREE 1
175.566284
395.770508
255.000000
0.750000
PINE TREE 1
174.063293
395.586700
105.000000
0.950000
PINE TREE 1
173.316528
393.046661
270.000000
1.200000
PINE TREE 1
176.680923
395.257782
345.000000
0.950000
GRASS_SPROUT
176.444351
398.019684
75.000000
0.900000
GRASS_SPROUT
174.879425
398.465118
15.000000
1.200000
GRASS_SPROUT
171.181503
396.809296
105.000000
1.100000
GRASS_SPROUT
172.141159
396.665710
240.000000
0.750000
GRASS_SPROUT
172.438339
398.936676
45.000000
0.900000
GRASS_SPROUT
171.530411
398.276886
75.000000
1.050000
GRASS_SPROUT
173.754517
398.338226
60.000000
0.900000