TILE
30
62
FIELD_GRASS
0
PINE TREE 1
177.677658
373.625183
345.000000
1.000000
PINE TREE 1
178.902405
374.615204
165.000000
1.150000
PINE TREE 1
181.580292
374.404724
60.000000
0.900000
PINE TREE 1
180.412735
373.436676
195.000000
1.250000
PINE TREE 1
178.973236
372.136749
345.000000
1.050000
PINE TREE 1
177.764648
371.006714
120.000000
1.100000
PINE TREE 1
178.890533
369.668671
315.000000
0.800000
PINE TREE 1
180.635147
371.579437
270.000000
1.250000
PINE TREE 1
182.322403
372.591736
45.000000
1.250000
PINE TREE 1
182.860474
374.018799
75.000000
0.900000
GRASS_SPROUT
182.560760
370.893890
90.000000
1.250000
GRASS_SPROUT
181.846405
371.312073
180.000000
0.800000
GRASS_SPROUT
181.591049
370.522186
270.000000
1.200000
GRASS_SPROUT
180.571640
369.100311
150.000000
0.950000
GRASS_SPROUT
181.886658
369.460144
180.000000
0.850000
GRASS_SPROUT
180.352371
369.856354
45.000000
0.850000
GRASS_SPROUT
179.623260
369.092621
345.000000
0.800000