TILE
30
60
FIELD_GRASS
0
GRASS_SPROUT
177.505676
357.687317
345.000000
1.000000
GRASS_SPROUT
177.090912
360.444031
330.000000
1.200000
GRASS_SPROUT
178.472214
359.604279
165.000000
0.950000
GRASS_SPROUT
179.468124
358.581055
180.000000
1.150000
GRASS_SPROUT
180.080215
357.883820
15.000000
0.850000
GRASS_SPROUT
180.651627
357.505981
60.000000
0.850000
GRASS_SPROUT
177.862274
360.008911
150.000000
0.800000
GRASS_SPROUT
177.315460
359.536957
0.000000
0.950000
GRASS_SPROUT
178.666824
357.030945
300.000000
0.950000
GRASS_SPROUT
178.188461
357.973175
210.000000
0.750000
GRASS_SPROUT
180.515976
358.889404
315.000000
1.250000
GRASS_SPROUT
180.515976
359.864990
345.000000
1.150000
GRASS_SPROUT
180.515976
360.719482
45.000000
0.850000
GRASS_SPROUT
181.477020
357.913971
15.000000
0.750000
GRASS_SPROUT
177.074326
361.609711
0.000000
1.000000
GRASS_SPROUT
178.211746
361.715271
60.000000
1.050000
GRASS_SPROUT
179.167236
360.967896
285.000000
1.050000
GRASS_SPROUT
179.183701
361.934448
75.000000
1.200000
GRASS_SPROUT
178.736099
362.679657
120.000000
0.900000
GRASS_SPROUT
177.523849
362.621826
225.000000
1.200000
GRASS_SPROUT
179.432251
360.111572
120.000000
0.900000
GRASS_SPROUT
179.634903
359.426147
60.000000
0.800000
GRASS_SPROUT
180.437454
362.431091
195.000000
1.000000
GRASS_SPROUT
180.965332
361.706573
300.000000
1.100000
GRASS_SPROUT
181.409149
361.071838
240.000000
0.750000
GRASS_SPROUT
181.988586
360.406860
90.000000
1.250000
GRASS_SPROUT
182.684784
359.517609
315.000000
1.150000
GRASS_SPROUT
181.215363
362.930847
315.000000
0.800000
GRASS_SPROUT
182.329468
361.329254
180.000000
0.900000
GRASS_SPROUT
181.994659
362.509216
210.000000
1.150000
GRASS_SPROUT
181.984360
358.904083
30.000000
1.100000
GRASS_SPROUT
182.424606
357.888397
270.000000
1.000000
GRASS_SPROUT
181.875351
357.295074
30.000000
1.000000