TILE
36
68
FIELD_GRASS
0
PINE TREE 2
213.878342
409.072449
60.000000
1.050000
PINE TREE 2
215.405457
409.072449
0.000000
0.950000
PINE TREE 2
216.932770
409.072449
0.000000
1.000000
PINE TREE 2
218.375290
409.072449
195.000000
0.900000
PINE TREE 2
218.036453
406.556519
45.000000
1.100000
PINE TREE 2
218.901276
407.704865
150.000000
0.800000
PINE TREE 2
216.664932
410.620728
30.000000
0.850000
PINE TREE 2
216.147507
407.452606
150.000000
1.250000
PINE TREE 2
214.206879
407.378387
300.000000
1.150000
GRASS_SPROUT
214.454742
405.855652
75.000000
1.050000
GRASS_SPROUT
213.477493
406.020447
315.000000
1.000000