TILE
32
64
FIELD_GRASS
0
PINE TREE 1
194.744141
383.735748
285.000000
1.000000
PINE TREE 1
194.510818
381.197723
270.000000
1.200000
PINE TREE 1
192.596649
381.383423
330.000000
1.100000
PINE TREE 1
190.598083
381.425751
90.000000
0.900000
PINE TREE 1
189.153595
381.326782
195.000000
1.050000
PINE TREE 1
193.226852
383.560913
330.000000
1.050000
PINE TREE 1
191.109390
382.994568
150.000000
1.050000
GRASS_SPROUT
194.581543
384.767029
270.000000
0.850000
GRASS_SPROUT
193.875854
385.422760
225.000000
0.900000
GRASS_SPROUT
193.308044
386.047882
195.000000
0.950000
GRASS_SPROUT
192.769409
386.825439
225.000000
1.150000
GRASS_SPROUT
194.387299
386.314667
195.000000
0.850000
GRASS_SPROUT
194.997513
385.574951
105.000000
1.150000
GRASS_SPROUT
193.774017
384.582794
270.000000
1.050000
GRASS_SPROUT
194.133087
382.561798
285.000000
1.200000
GRASS_SPROUT
192.710663
385.245148
90.000000
0.950000
GRASS_SPROUT
191.561325
386.244141
255.000000
0.750000
GRASS_SPROUT
191.945908
384.896545
150.000000
0.800000
GRASS_SPROUT
189.116730
384.665314
90.000000
0.900000
GRASS_SPROUT
189.084290
386.785767
240.000000
1.250000
GRASS_SPROUT
189.889084
384.536713
285.000000
1.050000
GRASS_SPROUT
190.280136
385.400055
120.000000
1.000000
GRASS_SPROUT
189.453888
383.460846
240.000000
1.100000
GRASS_SPROUT
191.498779
384.184631
225.000000
1.100000
GRASS_SPROUT
190.953995
386.534760
315.000000
0.750000