TILE
31
60
FIELD_GRASS
0
GRASS_SPROUT
183.417923
358.673645
315.000000
1.050000
GRASS_SPROUT
183.763855
357.941406
285.000000
0.900000
GRASS_SPROUT
184.766876
357.558655
195.000000
1.000000
GRASS_SPROUT
188.842987
357.957306
345.000000
1.250000
GRASS_SPROUT
188.030182
359.571198
90.000000
0.900000
GRASS_SPROUT
187.500381
360.467804
180.000000
0.950000
GRASS_SPROUT
187.137772
361.218414
120.000000
0.950000
GRASS_SPROUT
187.630753
358.799744
165.000000
0.950000
GRASS_SPROUT
186.582230
359.841919
60.000000
1.100000
GRASS_SPROUT
185.589142
360.433014
345.000000
0.800000
GRASS_SPROUT
184.871948
360.665009
345.000000
0.800000
GRASS_SPROUT
184.895859
359.349365
210.000000
0.950000
GRASS_SPROUT
185.484879
358.438232
255.000000
0.900000
GRASS_SPROUT
186.071503
357.600128
315.000000
1.000000
GRASS_SPROUT
183.938339
362.130463
300.000000
1.250000
GRASS_SPROUT
183.056305
362.794189
75.000000
1.000000
GRASS_SPROUT
183.904404
360.064819
15.000000
1.000000
GRASS_SPROUT
187.873581
357.435364
30.000000
1.150000
GRASS_SPROUT
188.895004
358.920044
240.000000
1.000000
GRASS_SPROUT
188.871597
359.888092
345.000000
1.100000
GRASS_SPROUT
188.494843
361.779877
285.000000
1.000000
GRASS_SPROUT
186.560135
361.861420
255.000000
1.100000
GRASS_SPROUT
184.983398
361.517181
15.000000
1.050000
GRASS_SPROUT
184.833710
362.852295
210.000000
0.750000
GRASS_SPROUT
183.222214
361.365997
90.000000
1.200000
GRASS_SPROUT
185.853699
359.340790
165.000000
1.000000
GRASS_SPROUT
186.718292
358.659241
285.000000
1.100000
GRASS_SPROUT
185.896881
361.110413
315.000000
1.050000
GRASS_SPROUT
187.474487
362.269348
270.000000
1.200000