TILE
30
68
FIELD_GRASS
0
PINE TREE 2
178.763565
409.072510
90.000000
0.900000
PINE TREE 2
180.745956
409.072510
135.000000
1.200000
PINE TREE 2
182.806763
409.072510
210.000000
1.250000
PINE TREE 2
178.338470
410.943939
90.000000
1.250000
PINE TREE 2
180.104996
410.943909
345.000000
1.100000
PINE TREE 2
181.830688
410.913635
90.000000
1.150000
GRASS_SPROUT
177.648636
407.555786
270.000000
1.000000
GRASS_SPROUT
178.460632
407.611481
225.000000
1.000000
GRASS_SPROUT
179.597916
407.749512
195.000000
1.200000
GRASS_SPROUT
180.612549
407.499786
180.000000
1.150000
GRASS_SPROUT
181.413818
407.301636
345.000000
0.750000
GRASS_SPROUT
182.351334
407.041687
135.000000
1.150000