TILE
30
63
FIELD_GRASS
0
PINE TREE 1
182.458054
380.704803
90.000000
1.100000
PINE TREE 1
180.616287
380.619354
75.000000
1.250000
PINE TREE 1
178.556442
380.453094
30.000000
0.850000
PINE TREE 1
177.141113
380.327972
345.000000
0.950000
PINE TREE 1
180.460983
375.965576
15.000000
1.050000
PINE TREE 1
181.663574
377.001160
300.000000
1.000000
PINE TREE 1
182.765030
377.969421
45.000000
1.000000
PINE TREE 1
179.773346
377.574829
210.000000
1.200000
PINE TREE 1
177.991180
377.745728
240.000000
0.800000
PINE TREE 1
177.668533
376.075775
120.000000
1.200000
PINE TREE 1
177.607727
379.162750
180.000000
0.750000
PINE TREE 1
180.989120
378.881256
90.000000
1.250000
PINE TREE 1
179.274033
379.194641
240.000000
1.200000
PINE TREE 1
182.830841
375.547729
90.000000
1.100000