TILE
34
68
FIELD_GRASS
0
PINE TREE 2
201.711349
409.072449
135.000000
1.200000
PINE TREE 2
203.297501
409.072449
180.000000
0.800000
PINE TREE 2
204.881393
409.072449
75.000000
0.950000
PINE TREE 2
206.367020
409.072449
45.000000
0.800000
PINE TREE 2
202.144150
410.858704
45.000000
0.900000
PINE TREE 2
203.508499
410.468872
210.000000
0.850000
PINE TREE 2
202.451767
407.480499
150.000000
0.900000
GRASS_SPROUT
202.090088
405.123077
15.000000
0.850000
GRASS_SPROUT
201.709244
406.003723
240.000000
1.200000
GRASS_SPROUT
203.671555
405.797028
135.000000
1.150000
GRASS_SPROUT
204.280823
406.787048
315.000000
0.900000
GRASS_SPROUT
204.757324
407.458099
165.000000
1.150000
GRASS_SPROUT
206.225586
406.520203
90.000000
1.150000
GRASS_SPROUT
205.827606
405.125946
75.000000
0.900000
GRASS_SPROUT
205.731003
407.472870
285.000000
0.950000
GRASS_SPROUT
204.994736
405.748932
330.000000
0.800000
GRASS_SPROUT
203.728653
407.412140
150.000000
1.150000