TILE
30
61
FIELD_GRASS
0
PINE TREE 1
177.875122
364.457428
180.000000
0.750000
PINE TREE 1
178.624496
365.486755
225.000000
0.750000
PINE TREE 1
179.196762
366.669281
330.000000
0.900000
PINE TREE 1
178.663116
368.207184
150.000000
1.250000
GRASS_SPROUT
178.376434
363.458618
30.000000
1.150000
GRASS_SPROUT
179.180740
364.805450
135.000000
0.800000
GRASS_SPROUT
179.372864
363.930206
315.000000
0.900000
GRASS_SPROUT
178.019165
366.051300
30.000000
0.750000
GRASS_SPROUT
177.452667
365.359009
240.000000
1.150000
GRASS_SPROUT
179.997604
365.815155
15.000000
1.200000
GRASS_SPROUT
179.984406
363.412109
225.000000
1.050000
GRASS_SPROUT
180.977310
363.945770
105.000000
1.100000
GRASS_SPROUT
180.854324
364.948914
255.000000
1.150000
GRASS_SPROUT
180.632797
366.593262
15.000000
0.850000
GRASS_SPROUT
182.842590
364.368256
15.000000
1.000000
GRASS_SPROUT
182.520844
363.675720
150.000000
0.750000
GRASS_SPROUT
181.746979
368.619324
210.000000
1.250000
GRASS_SPROUT
181.915466
367.745697
30.000000
0.950000
GRASS_SPROUT
181.982697
366.983551
255.000000
0.950000
GRASS_SPROUT
182.041275
366.101807
270.000000
0.950000
GRASS_SPROUT
180.902115
368.309692
345.000000
0.850000
GRASS_SPROUT
180.478165
367.481445
30.000000
1.100000
GRASS_SPROUT
179.977463
368.421417
30.000000
1.050000
GRASS_SPROUT
182.885773
366.920105
315.000000
1.200000
GRASS_SPROUT
182.964722
366.022461
345.000000
0.850000
GRASS_SPROUT
182.722015
368.536652
45.000000
1.150000