TILE
35
67
FIELD_GRASS
0
GRASS_SPROUT
209.027161
403.896057
45.000000
1.250000
GRASS_SPROUT
208.572754
403.095764
15.000000
0.750000
GRASS_SPROUT
208.375961
401.891602
300.000000
0.950000
GRASS_SPROUT
208.373734
400.436676
240.000000
1.050000
GRASS_SPROUT
208.657318
399.578186
60.000000
1.050000
GRASS_SPROUT
207.589127
399.717224
300.000000
1.050000
GRASS_SPROUT
207.114487
400.567596
285.000000
1.250000
GRASS_SPROUT
207.055954
404.540588
345.000000
1.000000
GRASS_SPROUT
207.180359
403.585907
300.000000
1.200000
GRASS_SPROUT
207.983612
404.918884
0.000000
0.750000
GRASS_SPROUT
208.027756
404.071777
45.000000
1.200000