TILE
38
61
FIELD_GRASS
0
PINE TREE 1
230.495392
368.686707
0.000000
1.150000
PINE TREE 1
225.029556
366.512299
120.000000
1.100000
PINE TREE 1
226.461777
365.556671
75.000000
1.150000
PINE TREE 1
227.999039
364.785919
105.000000
1.000000
PINE TREE 1
230.067490
363.668457
105.000000
1.250000
PINE TREE 1
229.753189
365.252014
90.000000
0.950000
PINE TREE 1
228.610443
366.288696
270.000000
0.900000
PINE TREE 1
227.240814
367.553192
345.000000
1.150000
PINE TREE 1
225.853683
368.896484
270.000000
0.800000
PINE TREE 1
225.790390
367.800629
300.000000
0.750000
PINE TREE 1
230.556412
366.698242
15.000000
1.000000
PINE TREE 1
229.123535
367.594269
30.000000
0.850000
GRASS_SPROUT
227.319290
363.071838
45.000000
0.950000
GRASS_SPROUT
226.991486
363.691589
135.000000
0.750000
GRASS_SPROUT
225.080139
363.414154
90.000000
1.150000
GRASS_SPROUT
225.293915
364.382660
45.000000
1.150000
GRASS_SPROUT
226.059525
363.567810
0.000000
1.250000