TILE
39
64
FIELD_GRASS
0
PINE TREE 1
236.574921
381.629913
270.000000
1.150000
PINE TREE 1
235.350327
382.335754
195.000000
0.800000
PINE TREE 1
233.889359
383.413055
60.000000
1.200000
PINE TREE 1
235.960571
384.242706
135.000000
1.150000
PINE TREE 1
233.856827
385.336578
300.000000
1.200000
GRASS_SPROUT
234.843933
381.059692
285.000000
1.200000
GRASS_SPROUT
233.813629
381.654419
75.000000
1.000000
GRASS_SPROUT
232.906219
381.891296
120.000000
1.100000
GRASS_SPROUT
231.796234
381.857727
165.000000
0.900000
GRASS_SPROUT
231.035339
381.343079
75.000000
1.250000
GRASS_SPROUT
232.879410
381.040802
30.000000
0.950000
GRASS_SPROUT
231.177612
382.563812
330.000000
1.200000
GRASS_SPROUT
232.212921
385.025513
285.000000
1.200000
GRASS_SPROUT
232.236816
383.430573
225.000000
1.200000
GRASS_SPROUT
231.227036
383.828278
300.000000
0.950000
GRASS_SPROUT
231.499542
386.605316
75.000000
1.250000
GRASS_SPROUT
232.520035
386.339355
0.000000
1.250000
GRASS_SPROUT
234.823196
385.989288
30.000000
0.800000
GRASS_SPROUT
234.338104
386.642883
180.000000
1.100000