TILE
36
62
FIELD_GRASS
0
PINE TREE 1
216.468613
373.658142
15.000000
0.950000
PINE TREE 1
217.564743
372.714874
30.000000
1.050000
PINE TREE 1
218.710999
371.659363
105.000000
0.900000
PINE TREE 1
214.920654
373.668976
120.000000
1.250000
GRASS_SPROUT
215.375153
369.347443
90.000000
1.250000
GRASS_SPROUT
214.759796
370.279816
15.000000
1.050000
GRASS_SPROUT
214.111618
371.079407
240.000000
0.800000
GRASS_SPROUT
213.404373
371.831207
15.000000
0.850000
GRASS_SPROUT
213.793472
372.940002
240.000000
1.150000
GRASS_SPROUT
215.017349
372.074280
345.000000
1.000000
GRASS_SPROUT
215.855804
371.299866
45.000000
1.050000
GRASS_SPROUT
216.711639
370.506165
240.000000
1.200000
GRASS_SPROUT
217.459641
369.839569
240.000000
1.000000
GRASS_SPROUT
218.406082
369.324982
60.000000
1.150000
GRASS_SPROUT
216.044037
372.104218
75.000000
0.950000
GRASS_SPROUT
217.255280
371.218628
15.000000
0.950000
GRASS_SPROUT
216.523697
369.344391
120.000000
1.200000
GRASS_SPROUT
218.634964
370.499298
30.000000
1.050000