TILE
33
67
FIELD_GRASS
0
GRASS_SPROUT
195.507217
400.136017
45.000000
0.750000
GRASS_SPROUT
196.567093
400.582825
60.000000
1.100000
GRASS_SPROUT
197.395416
400.226501
255.000000
1.150000
GRASS_SPROUT
195.359329
401.843048
165.000000
0.950000
GRASS_SPROUT
195.747910
403.249847
150.000000
1.150000
GRASS_SPROUT
197.123795
402.584381
330.000000
1.200000
GRASS_SPROUT
198.329208
401.029663
30.000000
1.150000
GRASS_SPROUT
199.054108
400.303864
135.000000
1.050000
GRASS_SPROUT
198.460220
399.451141
0.000000
1.000000
GRASS_SPROUT
196.917297
399.313660
240.000000
1.200000
GRASS_SPROUT
195.919357
404.442505
30.000000
0.800000
GRASS_SPROUT
198.171921
402.732208
135.000000
0.950000
GRASS_SPROUT
199.311890
402.525177
240.000000
0.950000
GRASS_SPROUT
200.160126
402.266327
120.000000
1.150000
GRASS_SPROUT
199.100082
401.738586
315.000000
0.900000
GRASS_SPROUT
200.322586
401.288635
255.000000
1.150000
GRASS_SPROUT
198.713409
403.965668
0.000000
1.250000
GRASS_SPROUT
197.739120
404.601959
90.000000
1.000000
GRASS_SPROUT
197.369812
403.637177
165.000000
1.000000
GRASS_SPROUT
200.392563
399.923065
345.000000
0.800000
GRASS_SPROUT
197.473236
401.685059
60.000000
1.000000
GRASS_SPROUT
195.837967
401.221313
255.000000
0.900000
GRASS_SPROUT
196.339340
401.927887
270.000000
0.900000
GRASS_SPROUT
200.076996
403.322205
300.000000
0.800000
GRASS_SPROUT
200.145935
404.178101
75.000000
0.900000
GRASS_SPROUT
199.448669
404.568665
75.000000
1.050000