TILE
94
54
FIELD_GRASS
0
PINE TREE 2
564.178955
326.834503
285.000000
0.750000
PINE TREE 2
564.087769
325.405609
315.000000
1.100000
PINE TREE 2
564.028748
323.884460
285.000000
0.800000
PINE TREE 2
563.984253
321.910767
270.000000
1.250000
PINE TREE 2
566.992798
324.164825
330.000000
0.900000
PINE TREE 2
566.946350
322.692993
60.000000
0.900000
PINE TREE 2
566.969360
321.220978
150.000000
0.850000
PINE TREE 2
565.758545
321.839813
255.000000
0.900000
PINE TREE 2
565.862122
326.490601
105.000000
0.850000
PINE TREE 2
565.471558
323.373596
135.000000
1.000000
PINE TREE 2
565.673523
324.745026
300.000000
0.800000
PINE TREE 2
562.286621
321.445496
210.000000
1.050000