TILE
95
53
FIELD_GRASS
0
PINE TREE 2
567.141113
316.133728
60.000000
0.750000
PINE TREE 2
568.099548
315.060669
180.000000
0.850000
PINE TREE 2
567.349915
319.878967
45.000000
1.000000
PINE TREE 2
568.235535
318.311035
120.000000
1.000000
PINE TREE 2
569.517151
316.572083
270.000000
1.200000
PINE TREE 2
572.704590
315.150818
300.000000
1.250000
PINE TREE 2
568.582825
320.892578
135.000000
0.900000
PINE TREE 2
571.651917
320.916534
345.000000
0.850000
PINE TREE 2
571.652954
319.099854
120.000000
1.250000
PINE TREE 2
571.653870
317.546570
270.000000
0.750000
PINE TREE 2
569.945618
319.068909
195.000000
0.850000