TILE
95
58
FIELD_GRASS
0
PINE TREE 2
572.694214
347.846924
285.000000
0.800000
PINE TREE 2
571.765869
348.828613
75.000000
0.950000
PINE TREE 2
570.393433
350.031433
345.000000
0.900000
PINE TREE 2
569.064331
350.633148
150.000000
1.000000
PINE TREE 2
572.326233
350.285187
225.000000
0.850000
PINE TREE 2
572.212097
346.005432
75.000000
0.750000
PINE TREE 2
567.100464
349.663849
135.000000
0.950000
PINE TREE 2
567.051819
345.888458
105.000000
1.150000
PINE TREE 2
568.695496
345.752289
45.000000
0.800000
PINE TREE 2
568.339478
348.481689
0.000000
1.250000
PINE TREE 2
570.358521
348.398834
210.000000
0.850000
PINE TREE 2
570.658752
347.164001
135.000000
0.750000
PINE TREE 2
570.172668
346.012543
195.000000
0.800000