TILE
93
50
FIELD_GRASS
0
PINE TREE 2
559.765137
302.956268
0.000000
1.050000
PINE TREE 2
559.920532
301.053772
345.000000
1.050000
PINE TREE 2
559.841736
299.175140
45.000000
0.900000
PINE TREE 2
559.377808
297.905823
60.000000
0.850000
PINE TREE 2
557.787842
298.137909
240.000000
1.150000
PINE TREE 2
558.490234
300.207611
90.000000
1.100000
PINE TREE 2
555.086792
298.335846
165.000000
1.200000
PINE TREE 2
556.469666
299.792816
210.000000
0.900000
PINE TREE 2
558.249756
302.028442
210.000000
1.000000