TILE
17
35
FIELD_GRASS
0
PINE TREE 1
101.379318
207.429916
240.000000
1.250000
GRASS_SPROUT
104.599785
212.362747
270.000000
1.200000
GRASS_SPROUT
104.142296
211.665558
345.000000
0.850000
GRASS_SPROUT
103.436935
211.185974
30.000000
1.150000
GRASS_SPROUT
102.448990
210.776886
240.000000
0.950000
GRASS_SPROUT
101.418945
210.776886
105.000000
1.150000
GRASS_SPROUT
100.430565
211.185974
240.000000
0.950000
GRASS_SPROUT
99.664627
211.586472
120.000000
1.000000
GRASS_SPROUT
100.943924
212.911911
330.000000
0.800000
GRASS_SPROUT
100.286850
212.236450
225.000000
0.750000
GRASS_SPROUT
101.634285
212.421738
135.000000
0.800000
GRASS_SPROUT
102.481911
212.238434
315.000000
0.900000
GRASS_SPROUT
102.309906
211.577942
75.000000
0.800000