TILE
38
5
FIELD_GRASS
0
PINE TREE 1
229.276962
32.468407
180.000000
0.850000
PINE TREE 1
228.196060
31.390871
195.000000
1.200000
PINE TREE 1
226.803879
30.001188
90.000000
1.000000
PINE TREE 1
225.763840
28.962152
210.000000
1.000000
PINE TREE 1
230.664200
31.366016
345.000000
0.900000
PINE TREE 1
229.611740
30.335445
255.000000
1.000000
PINE TREE 1
228.584122
29.320591
225.000000
0.900000
PINE TREE 1
227.687775
27.781466
315.000000
1.250000
PINE TREE 1
230.984406
28.449768
165.000000
1.050000
PINE TREE 1
229.501236
28.258711
195.000000
1.050000