TILE
39
6
FIELD_GRASS
0
PINE TREE 1
235.090225
38.173920
330.000000
0.850000
PINE TREE 1
234.011261
37.138390
90.000000
1.150000
PINE TREE 1
232.571030
35.731941
315.000000
1.200000
PINE TREE 1
231.398239
34.575180
195.000000
0.900000
PINE TREE 1
236.372208
36.825050
345.000000
1.200000
PINE TREE 1
235.188400
35.633720
225.000000
0.750000
PINE TREE 1
234.154022
34.652859
255.000000
0.850000
PINE TREE 1
232.978485
33.576969
210.000000
1.050000
PINE TREE 1
235.586395
33.226387
300.000000
0.900000
PINE TREE 1
236.647324
34.278610
225.000000
1.150000