TILE
3
62
FIELD_GRASS
0
PINE TREE 1
20.789219
374.104034
285.000000
1.050000
PINE TREE 1
19.179573
374.101807
315.000000
1.050000
PINE TREE 1
17.758825
374.100525
345.000000
0.850000
PINE TREE 1
16.255466
374.099731
90.000000
0.950000
GRASS_SPROUT
20.078442
373.141907
135.000000
1.150000
GRASS_SPROUT
19.178419
372.801239
330.000000
1.250000
GRASS_SPROUT
18.253092
372.863922
210.000000
0.900000
GRASS_SPROUT
17.370071
372.769775
15.000000
1.150000
GRASS_SPROUT
16.353191
372.832611
285.000000
1.250000
GRASS_SPROUT
15.432387
372.801239
135.000000
0.900000
GRASS_SPROUT
15.630521
372.014374
0.000000
1.100000