TILE
8
64
FIELD_GRASS
0
PINE TREE 1
50.673550
382.664307
135.000000
1.000000
PINE TREE 1
50.740368
384.332977
285.000000
0.750000
PINE TREE 1
50.730774
385.503143
0.000000
0.900000
PINE TREE 1
46.382793
386.260895
195.000000
0.750000
PINE TREE 1
47.823132
386.260895
45.000000
0.900000
PINE TREE 1
49.210705
386.330475
255.000000
1.000000
PINE TREE 1
47.291561
384.787506
60.000000
1.200000
PINE TREE 1
48.558159
383.439301
285.000000
1.250000
PINE TREE 1
47.366505
381.971100
210.000000
1.250000
PINE TREE 1
45.801373
381.851715
150.000000
0.900000
PINE TREE 1
45.510048
384.758118
345.000000
1.100000
PINE TREE 1
46.815166
383.472168
75.000000
0.750000