TILE
9
65
FIELD_GRASS
0
PINE TREE 1
56.803581
390.697754
180.000000
1.200000
PINE TREE 1
55.368496
389.266205
195.000000
1.150000
PINE TREE 1
54.465855
387.665802
270.000000
0.750000
PINE TREE 1
56.841110
388.507904
210.000000
1.150000
PINE TREE 1
56.576977
392.838470
345.000000
1.100000
PINE TREE 1
54.858543
392.847595
45.000000
1.150000
PINE TREE 1
52.997669
392.799225
240.000000
1.000000
PINE TREE 1
51.523041
392.720917
105.000000
0.800000
PINE TREE 1
54.068405
391.270599
210.000000
1.150000
PINE TREE 1
52.554596
391.270599
120.000000
0.850000
PINE TREE 1
52.830601
387.511963
285.000000
1.250000
PINE TREE 1
53.625587
389.312256
330.000000
1.250000
PINE TREE 1
51.762333
389.599670
240.000000
0.850000