TILE
8
60
FIELD_GRASS
0
PINE TREE 1
46.248631
362.476868
105.000000
1.000000
PINE TREE 1
46.131477
360.676605
90.000000
1.100000
PINE TREE 1
45.696766
359.128998
225.000000
0.950000
PINE TREE 1
45.447906
357.707336
105.000000
1.000000
PINE TREE 1
46.947163
358.221283
345.000000
1.050000
PINE TREE 1
50.947479
359.563965
300.000000
1.200000
PINE TREE 1
49.387703
359.200806
105.000000
0.800000
PINE TREE 1
49.141239
357.439850
345.000000
1.200000
PINE TREE 1
48.009052
359.903229
330.000000
1.100000
PINE TREE 1
48.133652
361.528412
150.000000
0.950000
PINE TREE 1
49.679031
362.354675
345.000000
1.150000
PINE TREE 1
49.623898
360.609467
195.000000
1.050000