TILE
9
60
FIELD_GRASS
0
PINE TREE 1
56.239815
357.337463
15.000000
0.850000
PINE TREE 1
55.060745
358.374573
75.000000
0.950000
PINE TREE 1
53.856621
359.246826
300.000000
1.000000
PINE TREE 1
52.464497
358.901855
255.000000
0.800000
PINE TREE 1
52.319355
357.475525
75.000000
0.900000
PINE TREE 1
51.260796
361.725922
75.000000
1.200000
PINE TREE 1
52.991047
361.364990
270.000000
1.150000
PINE TREE 1
54.303474
362.917053
75.000000
1.000000
PINE TREE 1
56.048531
361.894928
300.000000
1.250000
PINE TREE 1
54.864429
360.586121
90.000000
1.100000
PINE TREE 1
56.344269
359.852753
330.000000
1.250000