TILE
9
66
FIELD_GRASS
0
GRASS_SPROUT
54.058384
398.257141
60.000000
1.150000
GRASS_SPROUT
53.364845
397.214447
90.000000
1.050000
GRASS_SPROUT
52.682617
396.318481
0.000000
1.250000
GRASS_SPROUT
52.110893
395.375122
30.000000
1.100000
GRASS_SPROUT
51.518330
394.536957
30.000000
1.250000
GRASS_SPROUT
53.209591
394.707520
60.000000
1.250000
GRASS_SPROUT
54.613899
394.781067
135.000000
0.900000
GRASS_SPROUT
55.416290
395.037720
345.000000
1.200000
GRASS_SPROUT
53.859406
393.811005
0.000000
1.100000
GRASS_SPROUT
52.295601
393.730133
120.000000
1.150000
GRASS_SPROUT
56.596066
394.723145
30.000000
1.200000
GRASS_SPROUT
56.134995
395.997528
225.000000
1.100000
GRASS_SPROUT
56.836853
397.090576
45.000000
1.150000
GRASS_SPROUT
54.139267
395.358002
180.000000
0.800000
GRASS_SPROUT
54.647572
396.737030
255.000000
0.950000
GRASS_SPROUT
54.959007
397.446106
0.000000
0.750000
GRASS_SPROUT
55.077972
398.135590
0.000000
0.850000
GRASS_SPROUT
55.572460
394.072510
180.000000
1.150000
GRASS_SPROUT
56.203388
397.988983
75.000000
0.750000
GRASS_SPROUT
56.037888
396.996613
30.000000
0.850000