TILE
50
54
FIELD_GRASS
0
PINE TREE 1
302.852753
326.273315
225.000000
0.950000
PINE TREE 1
298.174713
326.963867
330.000000
0.900000
PINE TREE 1
299.378723
325.995209
225.000000
1.100000
PINE TREE 1
300.672821
325.564819
345.000000
0.800000
PINE TREE 1
301.860870
325.188446
330.000000
0.800000
PINE TREE 1
297.418030
325.897247
210.000000
0.950000
PINE TREE 1
301.907227
324.055450
30.000000
0.800000
PINE TREE 1
301.517303
322.740662
270.000000
1.100000
PINE TREE 1
300.265656
321.726837
150.000000
1.000000
PINE TREE 1
302.885193
323.220001
60.000000
0.850000
PINE TREE 1
300.574249
324.143036
45.000000
1.100000
PINE TREE 1
298.635010
322.296967
150.000000
1.250000
PINE TREE 1
297.416901
321.055481
60.000000
1.000000
PINE TREE 1
297.020844
323.793121
90.000000
1.100000
PINE TREE 1
298.392120
323.950378
270.000000
0.800000