TILE
52
55
FIELD_GRASS
0
GRASS_SPROUT
309.636566
332.284424
195.000000
0.850000
GRASS_SPROUT
309.357056
327.822388
195.000000
1.000000
GRASS_SPROUT
309.576660
328.551056
0.000000
0.750000
GRASS_SPROUT
310.541779
328.858429
120.000000
0.900000
GRASS_SPROUT
311.318634
328.945038
195.000000
0.800000
GRASS_SPROUT
312.572968
329.031097
105.000000
0.850000
GRASS_SPROUT
314.234253
329.073944
0.000000
0.800000
GRASS_SPROUT
313.799683
327.395752
45.000000
1.150000
GRASS_SPROUT
312.294006
327.153259
345.000000
0.800000
GRASS_SPROUT
311.390717
327.055115
90.000000
1.050000
GRASS_SPROUT
314.860229
327.395752
225.000000
0.850000
GRASS_SPROUT
309.300232
329.279022
270.000000
1.050000
GRASS_SPROUT
310.060333
329.827240
105.000000
1.250000
GRASS_SPROUT
311.186981
330.821899
30.000000
1.250000
GRASS_SPROUT
311.844147
331.671051
105.000000
1.200000
GRASS_SPROUT
312.830353
331.671051
135.000000
1.150000
GRASS_SPROUT
313.881134
332.057159
315.000000
1.250000
GRASS_SPROUT
310.829376
331.904053
180.000000
1.050000
GRASS_SPROUT
309.980560
331.313660
195.000000
1.150000
GRASS_SPROUT
312.789276
329.827240
315.000000
1.100000
GRASS_SPROUT
310.492462
327.073883
270.000000
1.050000
GRASS_SPROUT
313.829987
330.224945
270.000000
1.100000
GRASS_SPROUT
313.326080
328.612061
120.000000
1.100000
GRASS_SPROUT
312.157562
327.964600
105.000000
1.200000
GRASS_SPROUT
310.055115
327.707947
60.000000
0.750000
GRASS_SPROUT
312.002930
330.268433
300.000000
1.100000
GRASS_SPROUT
313.196991
330.821899
90.000000
0.750000
GRASS_SPROUT
314.871399
332.733856
270.000000
0.800000
GRASS_SPROUT
314.924835
329.991241
315.000000
1.100000