TILE
54
56
FIELD_GRASS
0
PINE TREE 1
321.022369
336.568939
60.000000
1.100000
PINE TREE 1
323.620789
336.245239
105.000000
0.850000
PINE TREE 1
325.197449
338.298706
255.000000
1.050000
PINE TREE 1
326.870331
338.486420
315.000000
0.850000
PINE TREE 1
325.972717
337.158691
225.000000
0.900000
PINE TREE 1
324.908203
334.418732
165.000000
1.200000
PINE TREE 1
322.960815
334.603943
60.000000
1.200000
PINE TREE 1
325.756653
335.882294
165.000000
0.800000
PINE TREE 1
326.559174
334.298462
195.000000
1.150000
PINE TREE 1
323.046204
337.568237
315.000000
0.850000
GRASS_SPROUT
321.586670
333.529297
330.000000
1.100000
GRASS_SPROUT
321.790894
338.840240
195.000000
1.150000
GRASS_SPROUT
321.941528
337.479767
30.000000
1.250000
GRASS_SPROUT
322.248810
336.320923
285.000000
1.200000
GRASS_SPROUT
324.738586
336.481445
30.000000
1.250000