TILE
59
57
FIELD_GRASS
0
GRASS_SPROUT
352.651184
344.414795
225.000000
0.850000
GRASS_SPROUT
351.867798
343.368652
195.000000
1.100000
GRASS_SPROUT
351.427551
342.520233
15.000000
0.950000
GRASS_SPROUT
354.415375
339.095673
30.000000
1.050000
GRASS_SPROUT
353.998840
339.925781
15.000000
1.250000
GRASS_SPROUT
353.254578
340.484619
120.000000
0.950000
GRASS_SPROUT
352.492950
340.666168
285.000000
0.750000
GRASS_SPROUT
351.580109
340.666168
60.000000
1.250000
GRASS_SPROUT
354.410950
343.769348
330.000000
1.200000
GRASS_SPROUT
353.369537
343.373779
45.000000
0.950000
GRASS_SPROUT
352.654694
342.939667
180.000000
0.800000
GRASS_SPROUT
351.214630
341.817352
330.000000
0.750000
GRASS_SPROUT
353.070618
341.413513
135.000000
0.750000
GRASS_SPROUT
353.413513
342.141174
195.000000
1.200000
GRASS_SPROUT
352.263184
341.861694
240.000000
1.000000
GRASS_SPROUT
354.195404
342.503693
285.000000
0.850000
GRASS_SPROUT
354.954346
342.048737
240.000000
0.950000
GRASS_SPROUT
355.237732
341.413513
195.000000
0.750000
GRASS_SPROUT
355.174286
340.674011
150.000000
1.000000
GRASS_SPROUT
355.278778
339.887878
150.000000
0.900000
GRASS_SPROUT
355.765289
339.284302
285.000000
0.850000
GRASS_SPROUT
354.299713
341.413513
105.000000
1.250000
GRASS_SPROUT
356.188690
340.107147
180.000000
0.800000
GRASS_SPROUT
356.792328
340.811798
0.000000
1.250000
GRASS_SPROUT
356.354218
341.575500
105.000000
0.800000
GRASS_SPROUT
356.657166
342.256012
15.000000
0.850000
GRASS_SPROUT
355.651794
343.088531
195.000000
1.250000
GRASS_SPROUT
355.351837
344.199646
330.000000
0.850000
GRASS_SPROUT
355.065674
344.935333
165.000000
0.900000
GRASS_SPROUT
356.561615
344.255402
165.000000
0.750000