TILE
51
58
FIELD_GRASS
0
PINE TREE 1
308.686859
350.404907
315.000000
1.100000
PINE TREE 1
306.954346
350.253113
165.000000
0.900000
PINE TREE 1
304.969635
350.358704
195.000000
0.750000
PINE TREE 1
303.699646
350.343445
210.000000
1.000000
PINE TREE 1
303.583893
346.181763
300.000000
1.150000
PINE TREE 1
305.091309
345.177246
75.000000
1.200000
PINE TREE 1
305.143707
347.449310
270.000000
0.750000
PINE TREE 1
306.865631
347.952118
300.000000
1.150000
PINE TREE 1
307.890686
346.676025
300.000000
1.100000
PINE TREE 1
303.985626
348.494720
270.000000
1.100000
PINE TREE 1
305.366455
348.763519
270.000000
0.850000
PINE TREE 1
307.958496
348.945679
75.000000
0.750000
PINE TREE 1
306.305328
346.380402
90.000000
1.200000