TILE
54
55
FIELD_GRASS
0
PINE TREE 1
324.586395
332.940491
135.000000
0.950000
PINE TREE 1
324.709442
330.910553
30.000000
1.250000
PINE TREE 1
325.165405
329.508087
135.000000
0.800000
PINE TREE 1
326.006744
332.492371
285.000000
1.100000
PINE TREE 1
326.669647
328.799744
150.000000
0.800000
PINE TREE 1
326.638153
327.601318
315.000000
0.750000
PINE TREE 1
324.786530
327.732300
60.000000
1.200000
GRASS_SPROUT
323.161255
327.019836
225.000000
0.850000
GRASS_SPROUT
323.369965
328.166809
225.000000
0.950000
GRASS_SPROUT
323.255432
328.996918
225.000000
1.050000
GRASS_SPROUT
322.185638
329.232391
345.000000
1.200000
GRASS_SPROUT
321.103821
329.961060
255.000000
1.250000
GRASS_SPROUT
321.619202
328.116516
45.000000
0.800000
GRASS_SPROUT
322.360718
327.707947
0.000000
0.800000
GRASS_SPROUT
322.159363
330.398132
180.000000
1.200000
GRASS_SPROUT
323.149902
330.441101
105.000000
1.200000
GRASS_SPROUT
323.097992
331.353851
30.000000
0.950000
GRASS_SPROUT
321.487793
332.615692
285.000000
0.950000
GRASS_SPROUT
322.740540
332.542603
75.000000
0.800000
GRASS_SPROUT
321.191772
331.254883
315.000000
1.000000
GRASS_SPROUT
324.151550
329.688385
255.000000
1.150000
GRASS_SPROUT
321.352783
327.458069
300.000000
0.950000