TILE
10
35
FIELD_GRASS
0
GRASS_SPROUT
62.813633
211.648636
135.000000
1.250000
GRASS_SPROUT
61.863110
212.220276
165.000000
1.200000
GRASS_SPROUT
61.057114
212.838959
75.000000
1.150000
GRASS_SPROUT
57.611855
212.155212
315.000000
1.250000
GRASS_SPROUT
58.466946
211.079483
90.000000
1.150000
GRASS_SPROUT
59.050877
210.223938
315.000000
1.050000
GRASS_SPROUT
59.504738
209.123734
150.000000
0.900000
GRASS_SPROUT
59.821503
208.290894
255.000000
0.950000
GRASS_SPROUT
60.080708
207.085587
315.000000
1.100000
GRASS_SPROUT
61.018917
207.386124
270.000000
0.900000
GRASS_SPROUT
61.018917
208.430389
225.000000
1.100000
GRASS_SPROUT
61.018917
209.412231
30.000000
0.750000
GRASS_SPROUT
61.018917
210.240677
345.000000
0.900000
GRASS_SPROUT
60.697014
210.928650
225.000000
0.950000
GRASS_SPROUT
59.712440
211.769119
300.000000
0.900000
GRASS_SPROUT
59.235508
212.406448
135.000000
0.950000
GRASS_SPROUT
60.574963
211.841446
150.000000
1.050000
GRASS_SPROUT
61.460716
210.763535
210.000000
0.800000
GRASS_SPROUT
61.903263
210.021912
315.000000
0.750000
GRASS_SPROUT
62.377892
209.386169
345.000000
1.100000
GRASS_SPROUT
62.550335
208.017227
255.000000
0.800000
GRASS_SPROUT
60.034378
210.248199
0.000000
1.000000