TILE
12
32
FIELD_GRASS
0
PINE TREE 1
71.065224
190.208496
105.000000
1.250000
GRASS_SPROUT
69.003296
193.399979
45.000000
0.950000
GRASS_SPROUT
69.186401
192.445557
90.000000
1.000000
GRASS_SPROUT
69.279236
191.552521
315.000000
1.100000
GRASS_SPROUT
69.467560
190.539474
150.000000
1.250000
GRASS_SPROUT
69.759705
194.015854
255.000000
1.250000
GRASS_SPROUT
70.235634
193.034286
300.000000
1.050000
GRASS_SPROUT
70.084740
194.989349
60.000000
1.050000
GRASS_SPROUT
71.322258
193.112122
240.000000
1.100000
GRASS_SPROUT
71.849197
192.414902
0.000000
0.900000
GRASS_SPROUT
72.695915
191.539825
75.000000
0.900000
GRASS_SPROUT
73.362251
190.809830
30.000000
1.250000
GRASS_SPROUT
74.072388
189.989838
105.000000
1.200000
GRASS_SPROUT
72.137856
193.411163
75.000000
1.050000
GRASS_SPROUT
73.354095
194.360077
150.000000
1.050000
GRASS_SPROUT
73.895363
192.986313
210.000000
1.150000
GRASS_SPROUT
74.721581
191.824905
270.000000
1.200000
GRASS_SPROUT
74.383049
194.648865
210.000000
1.200000
GRASS_SPROUT
71.140785
194.127716
315.000000
1.050000
GRASS_SPROUT
72.284805
190.825455
150.000000
0.800000
GRASS_SPROUT
70.340218
192.054810
255.000000
1.000000
GRASS_SPROUT
69.071693
189.220612
270.000000
0.750000
GRASS_SPROUT
73.650223
191.784683
345.000000
1.000000
GRASS_SPROUT
72.972084
189.577240
210.000000
1.050000
GRASS_SPROUT
72.757515
192.401016
315.000000
1.250000
GRASS_SPROUT
71.631355
191.420273
30.000000
1.050000