TILE
15
36
FIELD_GRASS
0
PINE TREE 1
91.415382
213.478394
45.000000
0.900000
GRASS_SPROUT
92.598679
218.477631
225.000000
0.800000
GRASS_SPROUT
92.162102
217.909302
105.000000
0.800000
GRASS_SPROUT
91.672142
217.355820
30.000000
0.850000
GRASS_SPROUT
90.970520
216.694107
270.000000
0.800000
GRASS_SPROUT
90.285202
216.132019
165.000000
1.150000
GRASS_SPROUT
89.425819
215.314850
330.000000
0.900000
GRASS_SPROUT
88.960663
214.498276
150.000000
0.800000
GRASS_SPROUT
88.582077
213.842087
255.000000
1.050000
GRASS_SPROUT
91.904762
214.557480
90.000000
0.850000
GRASS_SPROUT
89.569443
214.014694
0.000000
0.800000
GRASS_SPROUT
92.623505
215.009735
105.000000
1.000000
GRASS_SPROUT
90.954216
214.431168
90.000000
0.800000
GRASS_SPROUT
90.938004
215.339859
315.000000
1.200000
GRASS_SPROUT
91.905388
215.669052
345.000000
1.000000
GRASS_SPROUT
90.235405
214.447479
75.000000
0.850000
GRASS_SPROUT
92.444839
216.651398
270.000000
1.100000
GRASS_SPROUT
91.818024
218.979797
330.000000
1.250000
GRASS_SPROUT
91.536888
218.146713
90.000000
0.800000
GRASS_SPROUT
90.788956
217.409714
75.000000
0.800000
GRASS_SPROUT
91.300430
216.143143
150.000000
0.750000