TILE
11
32
FIELD_GRASS
0
PINE TREE 1
65.081642
194.487762
345.000000
0.900000
GRASS_SPROUT
63.000603
193.150116
285.000000
1.000000
GRASS_SPROUT
63.658424
192.607956
195.000000
0.750000
GRASS_SPROUT
64.281548
192.247360
90.000000
0.850000
GRASS_SPROUT
65.136887
191.624176
135.000000
0.750000
GRASS_SPROUT
66.071861
190.882217
270.000000
1.150000
GRASS_SPROUT
66.853600
190.334015
90.000000
0.850000
GRASS_SPROUT
67.722847
189.520096
45.000000
1.200000
GRASS_SPROUT
63.148094
194.108765
15.000000
1.150000
GRASS_SPROUT
65.774986
193.456955
225.000000
1.200000
GRASS_SPROUT
68.849876
194.126266
210.000000
0.900000
GRASS_SPROUT
68.187119
191.713943
210.000000
1.100000
GRASS_SPROUT
67.521790
192.458878
315.000000
1.050000
GRASS_SPROUT
67.013870
193.378036
315.000000
1.150000
GRASS_SPROUT
66.290901
192.383987
225.000000
1.250000
GRASS_SPROUT
64.983231
193.237030
270.000000
0.750000
GRASS_SPROUT
64.320747
193.793854
330.000000
0.800000
GRASS_SPROUT
66.507523
194.325943
300.000000
0.950000
GRASS_SPROUT
67.421303
194.264572
315.000000
0.950000
GRASS_SPROUT
67.150749
191.568298
300.000000
0.950000
GRASS_SPROUT
67.493340
190.735306
345.000000
0.950000
GRASS_SPROUT
68.600456
189.702759
345.000000
0.850000