TILE
66
65
FIELD_GRASS
0
GRASS_SPROUT
396.230743
387.523010
0.000000
0.750000
GRASS_SPROUT
395.734161
388.221680
315.000000
1.100000
GRASS_SPROUT
394.996948
389.284546
0.000000
1.000000
GRASS_SPROUT
394.547302
389.916718
75.000000
0.750000
GRASS_SPROUT
394.064209
390.644989
15.000000
1.150000
GRASS_SPROUT
393.257111
391.455475
240.000000
1.250000
GRASS_SPROUT
393.279358
387.318756
225.000000
1.250000
GRASS_SPROUT
393.436859
388.268066
0.000000
1.150000
GRASS_SPROUT
394.573975
387.870239
15.000000
1.250000
GRASS_SPROUT
395.094513
387.033966
15.000000
1.150000
GRASS_SPROUT
393.156311
390.241455
90.000000
1.050000
GRASS_SPROUT
393.958893
389.475464
300.000000
1.050000