TILE
51
81
FIELD_GRASS
0
PINE TREE 1
304.693573
484.189941
285.000000
1.100000
PINE TREE 1
304.927124
485.504547
315.000000
0.800000
PINE TREE 1
305.505157
486.727844
330.000000
0.800000
PINE TREE 1
305.338623
488.099030
60.000000
1.050000
PINE TREE 1
303.204681
487.166016
105.000000
1.150000
PINE TREE 1
303.397705
488.776184
330.000000
1.100000
PINE TREE 1
306.709198
487.933685
105.000000
0.750000
PINE TREE 1
306.694366
485.924561
180.000000
1.250000
PINE TREE 1
306.526611
484.066315
0.000000
1.100000
PINE TREE 1
307.604584
487.178833
120.000000
0.900000
GRASS_SPROUT
303.337250
484.571655
45.000000
0.750000