TILE
6
98
FIELD_SAND
4
GRASS_SPROUT
33.698181
585.867188
150.000000
0.800000
GRASS_SPROUT
33.096786
587.413879
210.000000
0.950000
GRASS_SPROUT
33.598640
586.928833
105.000000
0.750000
GRASS_SPROUT
38.091995
585.351624
120.000000
1.150000
GRASS_SPROUT
38.386520
586.117310
225.000000
0.900000
GRASS_SPROUT
38.592739
586.843323
300.000000
0.850000
GRASS_SPROUT
38.697548
587.767822
210.000000
1.050000
GRASS_SPROUT
38.754871
588.704285
240.000000
1.050000
GRASS_SPROUT
38.394390
590.673889
135.000000
1.000000
GRASS_SPROUT
38.749405
589.844543
180.000000
1.100000