TILE
76
64
FIELD_GRASS
0
GRASS_SPROUT
457.549255
381.168335
180.000000
1.250000
GRASS_SPROUT
456.296600
382.080414
210.000000
1.050000
GRASS_SPROUT
454.873596
382.775085
330.000000
1.050000
GRASS_SPROUT
454.023834
383.276947
165.000000
1.150000
GRASS_SPROUT
453.225067
383.816376
60.000000
1.050000
GRASS_SPROUT
453.763824
382.250793
165.000000
0.850000
GRASS_SPROUT
454.454712
381.812073
255.000000
1.050000
GRASS_SPROUT
455.120972
381.498993
45.000000
0.750000
GRASS_SPROUT
455.848450
381.105438
315.000000
1.150000