TILE
73
68
FIELD_GRASS
0
GRASS_SPROUT
435.367554
408.590942
240.000000
0.950000
GRASS_SPROUT
436.348389
408.590942
255.000000
1.050000
GRASS_SPROUT
437.331818
408.590942
165.000000
1.150000
GRASS_SPROUT
438.227051
408.590942
105.000000
0.750000
GRASS_SPROUT
439.264618
408.590942
195.000000
1.100000
GRASS_SPROUT
440.288757
408.590942
210.000000
1.100000
GRASS_SPROUT
440.421082
405.911163
195.000000
1.050000
GRASS_SPROUT
439.476746
405.911163
180.000000
0.750000
GRASS_SPROUT
438.458618
405.911163
180.000000
0.900000
GRASS_SPROUT
437.569916
405.911163
180.000000
1.200000
GRASS_SPROUT
436.505585
405.911163
270.000000
1.100000
GRASS_SPROUT
435.618286
405.911133
15.000000
1.000000
GRASS_SPROUT
435.140503
407.892792
60.000000
0.750000
GRASS_SPROUT
437.949890
407.689514
120.000000
1.100000
GRASS_SPROUT
436.711853
407.586609
120.000000
1.050000
GRASS_SPROUT
439.234711
407.448029
165.000000
1.250000
GRASS_SPROUT
440.179291
407.448029
285.000000
1.050000