TILE
70
68
FIELD_GRASS
0
GRASS_SPROUT
417.269440
408.590942
30.000000
0.950000
GRASS_SPROUT
418.256927
408.590942
345.000000
1.250000
GRASS_SPROUT
419.257629
408.590942
330.000000
1.150000
GRASS_SPROUT
420.196808
408.590942
105.000000
0.800000
GRASS_SPROUT
421.257111
408.590942
285.000000
1.250000
GRASS_SPROUT
422.197113
408.590942
60.000000
1.100000
GRASS_SPROUT
422.374512
405.911133
210.000000
0.850000
GRASS_SPROUT
421.477509
405.911133
225.000000
1.200000
GRASS_SPROUT
420.410492
405.911133
195.000000
0.750000
GRASS_SPROUT
419.413788
405.911133
135.000000
1.000000
GRASS_SPROUT
418.419006
405.911133
345.000000
0.750000
GRASS_SPROUT
417.644196
405.911133
45.000000
1.100000
GRASS_SPROUT
417.581177
407.351563
150.000000
0.950000
GRASS_SPROUT
420.232208
407.012238
225.000000
1.250000
GRASS_SPROUT
418.446167
407.374908
285.000000
1.200000
GRASS_SPROUT
419.399200
407.413086
60.000000
0.950000
GRASS_SPROUT
422.433167
407.620941
45.000000
1.200000
GRASS_SPROUT
421.289948
407.586609
285.000000
0.750000
GRASS_SPROUT
421.837677
406.914368
300.000000
0.950000