TILE
76
62
FIELD_GRASS
0
GRASS_SPROUT
453.804840
374.853912
225.000000
0.800000
GRASS_SPROUT
454.665558
374.043152
30.000000
1.200000
GRASS_SPROUT
455.840607
373.006226
135.000000
0.850000
GRASS_SPROUT
456.466095
372.417999
135.000000
0.750000
GRASS_SPROUT
457.191467
371.914978
75.000000
1.100000
GRASS_SPROUT
458.200989
371.295288
0.000000
0.800000
GRASS_SPROUT
458.289490
374.438263
60.000000
1.000000
GRASS_SPROUT
458.924255
373.677521
300.000000
1.000000
GRASS_SPROUT
457.935791
373.498657
90.000000
1.150000
GRASS_SPROUT
457.350800
374.197632
15.000000
1.100000
GRASS_SPROUT
456.528595
374.873810
210.000000
0.900000
GRASS_SPROUT
458.624969
372.551575
165.000000
1.200000
GRASS_SPROUT
456.533295
373.819641
180.000000
1.100000