TILE
74
69
FIELD_GRASS
0
GRASS_SPROUT
446.980865
411.093781
225.000000
1.200000
GRASS_SPROUT
446.980865
412.335358
180.000000
1.250000
GRASS_SPROUT
446.980865
413.237030
285.000000
0.800000
GRASS_SPROUT
446.980865
414.163666
150.000000
0.950000
GRASS_SPROUT
446.980865
415.070404
195.000000
0.950000
GRASS_SPROUT
446.980865
416.047028
315.000000
1.000000
GRASS_SPROUT
446.980896
416.940674
15.000000
1.050000
GRASS_SPROUT
441.584717
412.869934
15.000000
1.000000
GRASS_SPROUT
442.355774
413.283386
45.000000
1.150000
GRASS_SPROUT
442.360168
414.422455
345.000000
0.950000
GRASS_SPROUT
442.362091
415.585419
255.000000
1.000000
GRASS_SPROUT
442.362976
416.456421
0.000000
0.950000