TILE
72
62
FIELD_GRASS
0
PINE TREE 1
432.977173
369.611938
15.000000
1.050000
GRASS_SPROUT
434.100525
372.410278
240.000000
0.950000
GRASS_SPROUT
433.336823
371.879150
120.000000
1.050000
GRASS_SPROUT
432.415100
371.628204
330.000000
1.000000
GRASS_SPROUT
431.681213
371.242126
45.000000
0.800000
GRASS_SPROUT
431.209961
370.643463
150.000000
0.900000
GRASS_SPROUT
431.049591
369.698700
30.000000
1.150000
GRASS_SPROUT
434.897583
369.913696
30.000000
1.100000
GRASS_SPROUT
434.927948
370.945770
255.000000
1.100000
GRASS_SPROUT
433.276581
371.094666
30.000000
0.900000
GRASS_SPROUT
433.958466
370.371033
225.000000
1.150000
GRASS_SPROUT
432.379364
370.661407
30.000000
1.150000