TILE
70
20
FIELD_GRASS
0
GRASS_SPROUT
422.898712
120.908875
165.000000
0.800000
GRASS_SPROUT
422.651886
119.750793
270.000000
1.100000
GRASS_SPROUT
422.655365
118.811195
30.000000
1.200000
GRASS_SPROUT
422.466003
117.584305
60.000000
0.850000
GRASS_SPROUT
418.750488
117.271584
180.000000
0.800000
GRASS_SPROUT
418.698578
118.014259
240.000000
0.900000
GRASS_SPROUT
418.669403
118.804855
195.000000
0.950000
GRASS_SPROUT
421.085388
117.722351
180.000000
1.150000
GRASS_SPROUT
421.085388
118.792267
60.000000
0.750000
GRASS_SPROUT
421.085388
119.738373
270.000000
1.200000
GRASS_SPROUT
421.085388
120.704277
300.000000
1.050000
GRASS_SPROUT
421.085388
121.739113
120.000000
1.050000
GRASS_SPROUT
421.085388
122.832291
0.000000
1.150000
GRASS_SPROUT
420.161591
119.580521
60.000000
1.050000
GRASS_SPROUT
420.014832
118.685120
330.000000
1.100000
GRASS_SPROUT
417.788361
119.384995
315.000000
1.050000
GRASS_SPROUT
418.457153
121.957123
345.000000
0.900000
GRASS_SPROUT
419.847931
120.717285
30.000000
0.750000
GRASS_SPROUT
417.285370
122.888252
150.000000
0.900000
GRASS_SPROUT
418.152252
121.185532
120.000000
1.150000
GRASS_SPROUT
418.901123
120.206261
300.000000
1.250000
GRASS_SPROUT
419.403137
122.803947
270.000000
1.250000
GRASS_SPROUT
420.129456
122.232529
210.000000
0.800000
GRASS_SPROUT
421.824310
121.131035
15.000000
1.050000
GRASS_SPROUT
421.954834
122.067261
105.000000
0.800000