TILE
77
28
FIELD_GRASS
0
PINE TREE 2
459.925171
169.373856
345.000000
1.250000
PINE TREE 2
459.645020
167.587326
180.000000
1.150000
PINE TREE 2
459.500458
165.760162
75.000000
0.900000
PINE TREE 2
461.088501
165.334595
315.000000
0.850000
PINE TREE 2
461.088135
166.743820
30.000000
0.800000
PINE TREE 2
461.894501
168.417236
30.000000
1.200000
PINE TREE 2
463.598633
169.123535
75.000000
1.150000
PINE TREE 2
462.253326
170.532578
15.000000
1.000000
PINE TREE 2
464.784546
170.735352
150.000000
0.950000
PINE TREE 2
462.829559
166.294495
330.000000
0.950000
PINE TREE 2
464.129730
167.329224
210.000000
0.950000