TILE
78
29
FIELD_GRASS
0
PINE TREE 2
465.767578
176.281845
240.000000
1.100000
PINE TREE 2
470.594696
175.063034
345.000000
0.850000
PINE TREE 2
469.363007
174.081482
45.000000
0.900000
PINE TREE 2
467.887238
172.451904
330.000000
1.150000
PINE TREE 2
467.822235
174.183792
315.000000
1.150000
PINE TREE 2
466.149292
173.299271
60.000000
1.050000
PINE TREE 2
468.934448
175.616486
45.000000
1.100000
PINE TREE 2
470.192596
176.754791
315.000000
0.800000
PINE TREE 2
470.541260
173.100601
270.000000
0.900000
PINE TREE 2
469.570679
171.756622
300.000000
1.050000
PINE TREE 2
465.843414
174.854813
60.000000
0.800000
GRASS_SPROUT
467.600311
176.021423
240.000000
1.250000
GRASS_SPROUT
468.007874
171.101486
75.000000
0.950000
GRASS_SPROUT
466.033478
171.304688
15.000000
1.250000