TILE
4
55
FIELD_GRASS
0
PINE TREE 1
21.743195
328.119263
45.000000
0.950000
PINE TREE 1
22.762413
329.078918
270.000000
0.950000
PINE TREE 1
24.221464
330.015717
225.000000
1.200000
PINE TREE 1
25.953247
330.791992
60.000000
1.150000
PINE TREE 1
21.941994
330.554749
345.000000
1.250000
PINE TREE 1
26.871302
332.823151
75.000000
0.900000
PINE TREE 1
24.049595
331.694672
0.000000
1.150000
GRASS_SPROUT
23.820015
327.281555
195.000000
1.150000
GRASS_SPROUT
24.273077
328.085266
240.000000
1.000000
GRASS_SPROUT
24.845455
328.750000
285.000000
0.750000
GRASS_SPROUT
25.353077
329.266693
285.000000
0.800000
GRASS_SPROUT
22.963766
327.479401
30.000000
0.950000
GRASS_SPROUT
22.385273
332.016693
240.000000
1.150000
GRASS_SPROUT
21.172533
331.622162
270.000000
0.850000