TILE
5
52
FIELD_GRASS
0
PINE TREE 1
28.611086
312.063812
270.000000
0.950000
PINE TREE 1
29.988205
312.445282
165.000000
0.750000
PINE TREE 1
31.588821
312.310760
285.000000
0.800000
PINE TREE 1
30.563494
313.606354
90.000000
1.000000
PINE TREE 1
31.574783
314.484833
75.000000
0.850000
PINE TREE 1
28.327450
314.074768
15.000000
1.150000
GRASS_SPROUT
28.904333
309.219849
105.000000
0.950000
GRASS_SPROUT
27.990026
309.169098
285.000000
1.250000
GRASS_SPROUT
32.044399
309.245026
315.000000
0.950000
GRASS_SPROUT
32.301769
311.091919
60.000000
1.050000
GRASS_SPROUT
30.661556
310.559998
300.000000
1.000000
GRASS_SPROUT
28.909931
310.189514
315.000000
0.900000
GRASS_SPROUT
28.083775
310.109192
255.000000
1.000000
GRASS_SPROUT
30.070744
309.657471
0.000000
1.250000
GRASS_SPROUT
31.179188
309.104584
210.000000
1.150000
GRASS_SPROUT
31.539082
310.278961
165.000000
1.150000
GRASS_SPROUT
30.932079
311.523590
270.000000
0.850000
GRASS_SPROUT
29.959269
311.290955
330.000000
0.900000
GRASS_SPROUT
29.177731
310.945831
255.000000
1.100000
GRASS_SPROUT
27.997316
310.945831
180.000000
0.950000