TILE
5
57
FIELD_GRASS
0
PINE TREE 1
30.242126
344.242004
135.000000
1.200000
GRASS_SPROUT
28.873301
339.370605
75.000000
1.150000
GRASS_SPROUT
29.446005
340.260590
165.000000
1.050000
GRASS_SPROUT
30.021774
340.968353
270.000000
0.800000
GRASS_SPROUT
30.665085
341.484283
15.000000
1.050000
GRASS_SPROUT
31.448366
341.933990
15.000000
0.900000
GRASS_SPROUT
32.286953
342.370514
105.000000
1.150000
GRASS_SPROUT
32.884346
343.024628
105.000000
1.000000
GRASS_SPROUT
28.033228
344.822723
90.000000
1.050000
GRASS_SPROUT
27.689648
343.650177
150.000000
1.250000
GRASS_SPROUT
27.378502
342.654480
105.000000
1.200000
GRASS_SPROUT
27.063425
341.785583
150.000000
1.050000
GRASS_SPROUT
28.618557
344.276367
315.000000
0.800000
GRASS_SPROUT
32.503498
344.124695
300.000000
0.800000
GRASS_SPROUT
29.311972
342.989410
135.000000
1.000000
GRASS_SPROUT
28.896965
342.266205
0.000000
1.050000
GRASS_SPROUT
28.389954
341.384338
15.000000
0.950000
GRASS_SPROUT
27.859762
340.647583
150.000000
1.250000
GRASS_SPROUT
27.417967
339.893738
0.000000
0.900000
GRASS_SPROUT
28.559702
340.216064
210.000000
0.750000
GRASS_SPROUT
29.080545
341.057617
195.000000
0.950000
GRASS_SPROUT
31.425011
344.877716
180.000000
1.150000
GRASS_SPROUT
30.808634
342.524780
15.000000
1.200000
GRASS_SPROUT
29.798073
342.279938
15.000000
1.150000
GRASS_SPROUT
31.369047
343.329315
255.000000
1.150000
GRASS_SPROUT
32.160046
343.166016
315.000000
0.750000
GRASS_SPROUT
32.018799
341.599731
0.000000
0.750000