TILE
7
57
FIELD_GRASS
0
GRASS_SPROUT
41.424740
344.664063
210.000000
0.800000
GRASS_SPROUT
42.095707
344.105103
180.000000
1.050000
GRASS_SPROUT
42.675346
343.471039
270.000000
0.850000
GRASS_SPROUT
43.187309
342.583374
120.000000
1.200000
GRASS_SPROUT
43.817402
341.643616
300.000000
1.250000
GRASS_SPROUT
44.542919
340.582733
345.000000
0.800000
GRASS_SPROUT
39.487900
344.318237
195.000000
0.900000
GRASS_SPROUT
40.264191
344.065796
135.000000
0.950000
GRASS_SPROUT
41.146156
343.602539
330.000000
1.250000
GRASS_SPROUT
41.986496
343.098846
210.000000
0.950000
GRASS_SPROUT
42.501617
344.876587
90.000000
1.100000
GRASS_SPROUT
44.329388
344.775940
90.000000
1.250000
GRASS_SPROUT
43.545872
344.042938
240.000000
1.000000
GRASS_SPROUT
44.073208
343.169983
225.000000
0.850000
GRASS_SPROUT
39.101143
342.842957
165.000000
1.050000
GRASS_SPROUT
40.068157
342.667572
135.000000
1.150000
GRASS_SPROUT
41.086582
342.345581
345.000000
1.000000
GRASS_SPROUT
41.818554
342.052399
135.000000
0.900000
GRASS_SPROUT
42.538872
341.676270
15.000000
0.950000