TILE
6
57
FIELD_GRASS
0
GRASS_SPROUT
33.247536
343.823914
330.000000
1.050000
GRASS_SPROUT
33.048019
344.579803
135.000000
0.800000
GRASS_SPROUT
38.633408
344.673767
345.000000
1.050000
GRASS_SPROUT
37.578033
344.796875
45.000000
0.850000
GRASS_SPROUT
34.249489
344.336639
240.000000
1.150000
GRASS_SPROUT
33.711803
342.561157
180.000000
1.050000
GRASS_SPROUT
34.572357
342.773102
135.000000
0.750000
GRASS_SPROUT
35.338097
342.912445
135.000000
0.850000
GRASS_SPROUT
36.077438
342.947052
330.000000
1.000000
GRASS_SPROUT
37.076050
342.947052
105.000000
1.000000
GRASS_SPROUT
38.174526
342.947052
45.000000
1.150000
GRASS_SPROUT
37.673840
343.813934
165.000000
1.050000
GRASS_SPROUT
36.554493
343.846100
210.000000
1.100000
GRASS_SPROUT
35.617527
343.973785
345.000000
1.000000
GRASS_SPROUT
34.640854
343.487762
135.000000
0.800000