TILE
5
56
FIELD_GRASS
0
PINE TREE 1
27.132090
337.594849
0.000000
1.050000
PINE TREE 1
27.772272
335.838867
75.000000
1.150000
PINE TREE 1
27.430462
334.087677
240.000000
0.900000
PINE TREE 1
28.541790
333.248474
285.000000
0.950000
PINE TREE 1
29.669722
334.325531
255.000000
1.150000
PINE TREE 1
31.095339
333.829193
135.000000
1.000000
PINE TREE 1
32.678223
333.265869
285.000000
1.100000
GRASS_SPROUT
32.167454
335.148315
315.000000
1.100000
GRASS_SPROUT
31.103294
335.190491
30.000000
1.250000
GRASS_SPROUT
30.112900
335.523315
195.000000
0.900000
GRASS_SPROUT
29.295630
335.888275
15.000000
0.950000
GRASS_SPROUT
29.555393
336.702820
330.000000
1.150000
GRASS_SPROUT
28.720192
336.983856
330.000000
0.850000
GRASS_SPROUT
28.522316
337.696533
90.000000
0.900000
GRASS_SPROUT
28.619780
338.457062
120.000000
0.750000
GRASS_SPROUT
29.468039
337.565613
345.000000
1.000000
GRASS_SPROUT
30.427748
336.799957
270.000000
0.800000
GRASS_SPROUT
31.270485
336.329742
315.000000
1.250000
GRASS_SPROUT
31.279886
337.255341
330.000000
1.050000
GRASS_SPROUT
32.318275
336.983856
90.000000
0.850000
GRASS_SPROUT
30.431591
337.653046
150.000000
1.000000
GRASS_SPROUT
29.781654
338.457062
0.000000
1.000000
GRASS_SPROUT
27.837267
338.455139
90.000000
0.900000