TILE
6
51
FIELD_GRASS
0
GRASS_SPROUT
35.389000
303.297943
0.000000
1.250000
GRASS_SPROUT
35.222286
304.290192
0.000000
1.050000
GRASS_SPROUT
35.036850
305.177124
210.000000
1.050000
GRASS_SPROUT
34.987953
305.973114
225.000000
0.850000
GRASS_SPROUT
35.121880
306.689911
105.000000
0.750000
GRASS_SPROUT
35.388172
307.467499
195.000000
1.150000
GRASS_SPROUT
35.803600
308.192780
225.000000
0.900000
GRASS_SPROUT
35.713120
306.372040
75.000000
0.800000
GRASS_SPROUT
33.057251
304.668182
165.000000
1.200000
GRASS_SPROUT
33.963737
305.680420
90.000000
1.100000
GRASS_SPROUT
33.819550
306.641205
345.000000
1.000000
GRASS_SPROUT
33.663666
307.677307
270.000000
0.950000
GRASS_SPROUT
35.017601
308.586853
330.000000
1.150000
GRASS_SPROUT
34.296562
303.657959
195.000000
0.750000