TILE
3
54
FIELD_GRASS
0
PINE TREE 1
16.419249
325.699036
75.000000
0.800000
PINE TREE 1
18.925041
322.414063
30.000000
1.150000
PINE TREE 1
19.358109
324.240265
255.000000
0.800000
PINE TREE 1
20.045546
325.755798
330.000000
0.900000
PINE TREE 1
20.828079
326.986816
0.000000
1.000000
PINE TREE 1
17.156647
326.530457
15.000000
0.750000
PINE TREE 1
16.822618
324.258087
315.000000
0.950000
PINE TREE 1
16.721197
322.837860
330.000000
0.850000
PINE TREE 1
16.660765
321.443817
240.000000
1.050000
PINE TREE 1
17.893848
325.762238
300.000000
0.750000
PINE TREE 1
18.958981
326.942352
285.000000
1.100000
PINE TREE 1
15.323978
326.869873
30.000000
1.100000
PINE TREE 1
15.485079
323.724060
150.000000
1.000000
PINE TREE 1
17.958914
323.563019
330.000000
0.950000
GRASS_SPROUT
20.291828
324.281342
255.000000
0.900000
GRASS_SPROUT
20.089251
323.462006
330.000000
0.950000
GRASS_SPROUT
19.943205
321.750763
120.000000
0.850000
GRASS_SPROUT
20.728252
321.862457
285.000000
0.800000
GRASS_SPROUT
20.639744
322.722504
330.000000
1.200000