TILE
3
57
FIELD_GRASS
0
GRASS_SPROUT
15.337070
342.569672
225.000000
1.050000
GRASS_SPROUT
16.134935
342.284973
270.000000
0.800000
GRASS_SPROUT
17.206762
341.994202
330.000000
0.850000
GRASS_SPROUT
18.208389
341.782654
315.000000
0.750000
GRASS_SPROUT
19.560972
341.567810
150.000000
1.000000
GRASS_SPROUT
20.569857
341.437317
60.000000
0.800000
GRASS_SPROUT
17.218302
341.246063
285.000000
1.000000
GRASS_SPROUT
16.219563
341.337128
30.000000
1.100000
GRASS_SPROUT
15.027214
341.344543
225.000000
0.900000
GRASS_SPROUT
15.815989
339.194824
180.000000
0.750000
GRASS_SPROUT
15.192422
339.621735
120.000000
0.750000
GRASS_SPROUT
16.217674
340.018738
345.000000
1.200000
GRASS_SPROUT
18.925095
340.797577
300.000000
1.250000
GRASS_SPROUT
18.055313
340.307617
0.000000
1.050000
GRASS_SPROUT
19.721088
340.037994
240.000000
1.100000
GRASS_SPROUT
20.685265
339.866486
345.000000
0.750000
GRASS_SPROUT
18.299171
339.119232
150.000000
1.250000