TILE
69
64
FIELD_GRASS
0
GRASS_SPROUT
414.795959
381.332733
30.000000
0.900000
GRASS_SPROUT
414.525818
382.187256
0.000000
0.800000
GRASS_SPROUT
414.440674
383.155029
345.000000
0.950000
GRASS_SPROUT
414.558929
384.065247
75.000000
1.000000
GRASS_SPROUT
414.785950
384.922821
75.000000
0.800000
GRASS_SPROUT
415.148071
385.644592
90.000000
1.100000
GRASS_SPROUT
415.639099
386.331055
345.000000
1.000000
GRASS_SPROUT
412.395813
385.556335
45.000000
0.950000
GRASS_SPROUT
412.129364
384.308533
45.000000
0.850000
GRASS_SPROUT
411.878052
383.258911
105.000000
0.900000
GRASS_SPROUT
411.545868
382.297791
285.000000
1.000000
GRASS_SPROUT
411.027008
381.332733
300.000000
1.100000
GRASS_SPROUT
416.609253
381.565094
60.000000
1.200000
GRASS_SPROUT
415.749023
381.963806
210.000000
1.000000
GRASS_SPROUT
415.293854
382.785797
135.000000
1.200000
GRASS_SPROUT
413.193146
381.265808
225.000000
1.100000
GRASS_SPROUT
412.618744
381.895264
300.000000
0.850000
GRASS_SPROUT
411.929260
381.106415
15.000000
0.750000
GRASS_SPROUT
412.856506
384.802216
15.000000
1.150000
GRASS_SPROUT
413.452911
384.032593
330.000000
1.100000
GRASS_SPROUT
413.473724
382.664368
330.000000
1.150000
GRASS_SPROUT
414.177734
385.385986
285.000000
0.750000
GRASS_SPROUT
413.881744
386.445282
315.000000
0.900000