TILE
69
50
FIELD_GRASS
0
GRASS_SPROUT
411.549500
302.770142
150.000000
1.200000
GRASS_SPROUT
412.127838
302.085388
240.000000
0.850000
GRASS_SPROUT
412.769897
301.361176
330.000000
1.150000
GRASS_SPROUT
413.888397
300.599945
165.000000
1.050000
GRASS_SPROUT
414.767944
300.227753
90.000000
1.200000
GRASS_SPROUT
415.593567
299.992188
195.000000
0.900000
GRASS_SPROUT
416.507477
299.810181
45.000000
1.000000
GRASS_SPROUT
416.350525
302.517639
105.000000
0.900000
GRASS_SPROUT
416.952148
301.720978
90.000000
0.750000
GRASS_SPROUT
415.053131
302.829285
165.000000
0.900000
GRASS_SPROUT
413.058960
302.386932
210.000000
1.050000
GRASS_SPROUT
413.568329
301.641907
195.000000
0.800000
GRASS_SPROUT
415.425690
300.748383
30.000000
0.800000
GRASS_SPROUT
414.615143
301.950958
225.000000
1.250000
GRASS_SPROUT
416.320496
300.962463
15.000000
1.050000
GRASS_SPROUT
415.534943
301.777496
315.000000
0.950000