TILE
60
53
FIELD_GRASS
0
GRASS_SPROUT
358.584656
315.826050
60.000000
0.750000
GRASS_SPROUT
358.037903
315.386200
225.000000
0.800000
GRASS_SPROUT
359.783447
315.314697
135.000000
0.800000
GRASS_SPROUT
360.422272
315.691833
225.000000
1.000000
GRASS_SPROUT
361.472229
316.009033
0.000000
1.150000
GRASS_SPROUT
362.375610
316.164825
345.000000
0.900000
GRASS_SPROUT
362.198181
320.658936
225.000000
0.950000
GRASS_SPROUT
361.108826
320.658936
30.000000
0.800000
GRASS_SPROUT
359.906219
320.658936
255.000000
1.250000
GRASS_SPROUT
358.554840
320.658936
90.000000
1.150000
GRASS_SPROUT
357.642029
320.658936
45.000000
0.750000
GRASS_SPROUT
362.434113
319.698273
165.000000
1.200000
GRASS_SPROUT
362.203766
318.803497
240.000000
0.850000
GRASS_SPROUT
362.072784
317.956238
60.000000
1.100000
GRASS_SPROUT
362.057343
317.109375
255.000000
1.000000
GRASS_SPROUT
361.204102
317.089905
330.000000
1.000000
GRASS_SPROUT
360.089783
317.085052
345.000000
0.900000
GRASS_SPROUT
359.335205
316.934906
150.000000
0.900000
GRASS_SPROUT
358.596039
316.629211
180.000000
0.850000
GRASS_SPROUT
357.859131
316.203094
285.000000
1.100000
GRASS_SPROUT
357.184540
315.371124
180.000000
0.950000
GRASS_SPROUT
357.187012
319.543976
45.000000
1.200000
GRASS_SPROUT
358.223877
319.549713
345.000000
0.850000
GRASS_SPROUT
359.356842
319.554382
315.000000
0.800000
GRASS_SPROUT
360.249725
319.557678
210.000000
1.050000
GRASS_SPROUT
361.218475
319.561371
255.000000
1.250000
GRASS_SPROUT
360.591888
318.745758
225.000000
1.100000
GRASS_SPROUT
359.593933
318.427307
0.000000
0.750000
GRASS_SPROUT
358.857483
318.107391
225.000000
1.250000
GRASS_SPROUT
357.845703
317.475708
165.000000
1.200000
GRASS_SPROUT
359.477112
316.266602
330.000000
0.800000