TILE
60
56
FIELD_GRASS
0
TRAILER
362.537872
338.613556
255.000000
1.300000
PINE TREE 1
362.908173
335.294220
270.000000
1.150000
GRASS_SPROUT
361.546539
335.193939
120.000000
1.250000
GRASS_SPROUT
360.568970
334.647003
90.000000
1.250000
GRASS_SPROUT
360.249237
333.684631
255.000000
0.950000
GRASS_SPROUT
362.842804
333.153534
0.000000
1.100000
GRASS_SPROUT
361.121887
333.703247
0.000000
1.100000
GRASS_SPROUT
361.901855
333.381073
315.000000
1.000000
GRASS_SPROUT
362.146118
334.229370
330.000000
1.150000
GRASS_SPROUT
359.725372
338.480713
240.000000
0.750000
GRASS_SPROUT
359.152679
337.948700
30.000000
1.200000
GRASS_SPROUT
358.229919
337.730682
225.000000
1.050000
GRASS_SPROUT
357.261627
337.675690
270.000000
1.200000
GRASS_SPROUT
357.702576
338.488800
345.000000
1.000000
GRASS_SPROUT
357.231079
336.624634
330.000000
1.250000
GRASS_SPROUT
357.892456
336.067719
180.000000
0.750000
GRASS_SPROUT
358.436646
335.525543
105.000000
1.150000
GRASS_SPROUT
359.008911
334.919098
255.000000
0.900000
GRASS_SPROUT
359.539276
334.240997
60.000000
1.200000
GRASS_SPROUT
359.820862
336.441650
285.000000
1.200000
GRASS_SPROUT
360.727051
335.838074
45.000000
1.150000
GRASS_SPROUT
358.919678
336.769165
300.000000
1.100000