TILE
2
48
FIELD_GRASS
0
PINE TREE 1
9.523213
286.230469
225.000000
1.100000
PINE TREE 1
11.624225
286.156891
300.000000
0.850000
PINE TREE 1
11.624225
287.600464
120.000000
1.100000
PINE TREE 1
12.075415
289.353302
120.000000
0.950000
PINE TREE 1
12.730171
290.563965
30.000000
0.850000
PINE TREE 1
9.385600
290.997528
255.000000
0.850000
PINE TREE 1
9.398975
289.576263
210.000000
0.850000
PINE TREE 1
9.550145
288.400452
240.000000
0.750000
PINE TREE 1
10.935723
290.061127
165.000000
0.850000
PINE TREE 1
13.581855
286.452881
195.000000
1.150000
PINE TREE 1
13.153475
288.363190
90.000000
0.950000
GRASS_SPROUT
14.360674
287.434906
60.000000
0.800000
GRASS_SPROUT
12.574499
285.629028
255.000000
0.950000
GRASS_SPROUT
14.863415
286.784332
0.000000
0.850000
GRASS_SPROUT
14.680477
290.108521
345.000000
0.750000
GRASS_SPROUT
14.183170
289.290894
165.000000
1.150000