TILE
2
41
FIELD_GRASS
0
GRASS_SPROUT
12.342212
248.415619
345.000000
0.750000
GRASS_SPROUT
12.059582
247.468643
15.000000
1.200000
GRASS_SPROUT
11.848040
246.212769
270.000000
0.950000
GRASS_SPROUT
11.826393
245.259995
225.000000
1.250000
GRASS_SPROUT
12.641265
244.733429
30.000000
1.100000
GRASS_SPROUT
13.491746
245.156113
300.000000
1.200000
GRASS_SPROUT
14.273836
245.363174
135.000000
0.750000
GRASS_SPROUT
14.271216
248.275085
135.000000
1.200000
GRASS_SPROUT
13.852430
246.854126
315.000000
1.050000
GRASS_SPROUT
13.402555
246.214951
180.000000
0.900000
GRASS_SPROUT
14.142588
244.541611
225.000000
0.850000
GRASS_SPROUT
14.077668
243.724442
90.000000
1.100000
GRASS_SPROUT
13.331123
243.536362
90.000000
0.750000
GRASS_SPROUT
12.571980
243.771088
315.000000
1.050000
GRASS_SPROUT
11.916635
244.138870
105.000000
0.750000
GRASS_SPROUT
11.640003
248.421356
315.000000
1.000000
GRASS_SPROUT
12.563869
246.163086
135.000000
0.750000