TILE
1
44
FIELD_GRASS
0
GRASS_SPROUT
7.983043
263.332031
75.000000
0.950000
GRASS_SPROUT
6.740840
263.371979
0.000000
1.150000
GRASS_SPROUT
5.664228
263.251770
225.000000
0.900000
GRASS_SPROUT
4.415034
262.884644
105.000000
1.150000
GRASS_SPROUT
3.216623
262.075623
315.000000
1.200000
GRASS_SPROUT
7.417468
262.366974
300.000000
1.050000
GRASS_SPROUT
6.505112
262.059418
30.000000
0.850000
GRASS_SPROUT
5.569785
262.008331
45.000000
1.050000
GRASS_SPROUT
4.347766
261.907471
15.000000
1.150000
GRASS_SPROUT
3.785168
261.135559
210.000000
1.200000
GRASS_SPROUT
8.678060
261.335022
345.000000
1.150000
GRASS_SPROUT
7.696624
261.487671
180.000000
0.900000