TILE
7
43
FIELD_GRASS
0
PINE TREE 1
43.618443
259.133026
165.000000
1.250000
GRASS_SPROUT
44.200249
257.844971
0.000000
1.200000
GRASS_SPROUT
43.244648
257.887665
0.000000
0.850000
GRASS_SPROUT
42.279907
258.224579
330.000000
1.150000
GRASS_SPROUT
41.560387
258.874420
225.000000
1.000000
GRASS_SPROUT
41.388454
259.866913
0.000000
1.250000
GRASS_SPROUT
41.816170
260.754028
255.000000
0.950000
GRASS_SPROUT
43.894184
260.890320
120.000000
0.750000
GRASS_SPROUT
44.495514
260.476898
240.000000
0.950000
GRASS_SPROUT
42.403320
259.775543
195.000000
1.200000
GRASS_SPROUT
43.172375
260.425995
45.000000
0.950000