TILE
6
47
FIELD_GRASS
0
PINE TREE 1
37.126389
284.965698
60.000000
0.950000
GRASS_SPROUT
33.028217
284.479370
285.000000
1.000000
GRASS_SPROUT
33.947460
284.217438
165.000000
1.100000
GRASS_SPROUT
34.719543
283.843109
210.000000
0.850000
GRASS_SPROUT
35.552952
284.217438
120.000000
0.750000
GRASS_SPROUT
36.293949
284.217438
195.000000
0.800000
GRASS_SPROUT
33.169979
283.518768
0.000000
1.100000
GRASS_SPROUT
35.152603
283.104340
105.000000
1.200000
GRASS_SPROUT
36.075344
282.868866
45.000000
1.050000
GRASS_SPROUT
36.887154
282.773590
180.000000
0.900000
GRASS_SPROUT
37.748489
282.773590
135.000000
1.000000
GRASS_SPROUT
34.440041
282.532684
45.000000
0.950000
GRASS_SPROUT
33.705341
282.821289
150.000000
0.750000
GRASS_SPROUT
38.710735
282.724396
165.000000
1.250000
GRASS_SPROUT
35.564198
281.982178
300.000000
1.200000
GRASS_SPROUT
36.502182
281.768677
75.000000
1.150000
GRASS_SPROUT
37.470768
281.811646
45.000000
1.200000
GRASS_SPROUT
38.710037
284.274292
240.000000
0.750000