TILE
98
94
FIELD_GRASS
0
PINE TREE 1
585.030823
565.135132
195.000000
0.900000
PINE TREE 1
585.061279
563.684753
90.000000
1.050000
GRASS_SPROUT
587.148071
565.620239
180.000000
0.750000
GRASS_SPROUT
586.612000
566.009399
330.000000
0.900000
GRASS_SPROUT
585.705200
566.587891
315.000000
1.200000
GRASS_SPROUT
587.720886
564.846069
30.000000
1.100000
GRASS_SPROUT
588.163025
564.073547
15.000000
0.950000
GRASS_SPROUT
587.934448
563.215881
30.000000
1.150000
GRASS_SPROUT
587.729614
562.257385
135.000000
1.200000
GRASS_SPROUT
586.929443
561.521912
315.000000
1.200000
GRASS_SPROUT
585.656860
561.138794
315.000000
0.850000
GRASS_SPROUT
585.702759
561.970337
0.000000
1.200000
GRASS_SPROUT
586.658508
562.449158
165.000000
0.850000
GRASS_SPROUT
586.177063
564.761658
225.000000
0.950000
GRASS_SPROUT
586.713013
564.098083
60.000000
1.050000