TILE
93
92
FIELD_GRASS
0
GRASS_SPROUT
557.212585
549.535645
225.000000
1.150000
GRASS_SPROUT
556.987976
550.777893
120.000000
1.150000
GRASS_SPROUT
556.775513
551.803589
15.000000
1.000000
GRASS_SPROUT
556.472412
552.610046
75.000000
1.150000
GRASS_SPROUT
555.550781
553.307800
0.000000
0.850000
GRASS_SPROUT
555.849243
551.576782
255.000000
1.200000
GRASS_SPROUT
555.041199
551.994629
240.000000
1.050000
GRASS_SPROUT
555.729309
550.740601
0.000000
0.900000
GRASS_SPROUT
555.837097
549.925049
270.000000
1.000000