TILE
58
77
FIELD_GRASS
0
PINE TREE 2
346.330170
459.026917
105.000000
1.100000
PINE TREE 2
346.730988
460.550873
315.000000
1.000000
PINE TREE 2
348.617126
461.137573
315.000000
1.050000
PINE TREE 2
350.286682
462.262756
90.000000
1.100000
PINE TREE 2
345.457336
461.442719
75.000000
0.950000
PINE TREE 2
347.750183
463.127960
195.000000
0.950000
PINE TREE 2
345.936188
463.501617
345.000000
1.200000
PINE TREE 2
349.195282
464.094482
60.000000
1.250000
PINE TREE 2
347.396667
464.967651
270.000000
0.900000
GRASS_SPROUT
349.513336
460.377350
15.000000
0.800000
GRASS_SPROUT
350.391937
460.255371
75.000000
1.250000
GRASS_SPROUT
348.926239
459.639343
315.000000
0.800000