TILE
54
78
FIELD_GRASS
0
PINE TREE 1
321.309814
466.028839
330.000000
0.900000
PINE TREE 1
326.623596
465.347717
60.000000
1.100000
PINE TREE 1
326.326904
468.630402
240.000000
1.050000
PINE TREE 1
324.303802
467.834656
180.000000
0.850000
PINE TREE 1
323.172577
467.197388
90.000000
0.750000
PINE TREE 1
325.890106
467.305389
135.000000
0.900000
PINE TREE 1
324.794098
466.303314
105.000000
1.200000
PINE TREE 1
323.697693
465.227173
75.000000
0.750000
PINE TREE 1
321.181061
469.444733
135.000000
0.900000
PINE TREE 1
322.714935
469.103149
300.000000
0.950000
GRASS_SPROUT
321.547058
470.815125
75.000000
1.050000
GRASS_SPROUT
323.497864
470.394440
225.000000
1.150000
GRASS_SPROUT
324.910583
470.265839
165.000000
1.000000
GRASS_SPROUT
326.124695
470.174164
345.000000
1.000000
GRASS_SPROUT
324.077728
469.381805
270.000000
0.750000
GRASS_SPROUT
324.894501
469.421173
30.000000
1.000000
GRASS_SPROUT
324.915070
468.611267
0.000000
0.850000