TILE
57
72
FIELD_GRASS
0
GRASS_SPROUT
344.778107
432.803040
315.000000
0.850000
GRASS_SPROUT
344.125031
433.128693
135.000000
0.900000
GRASS_SPROUT
343.230499
433.769775
75.000000
1.250000
GRASS_SPROUT
343.145142
434.730377
330.000000
1.150000
GRASS_SPROUT
344.831085
431.876251
345.000000
1.000000
GRASS_SPROUT
344.541473
430.509552
165.000000
1.100000
GRASS_SPROUT
343.617981
430.074036
315.000000
1.250000
GRASS_SPROUT
342.801392
429.830383
330.000000
0.800000
GRASS_SPROUT
341.971436
429.414337
90.000000
1.200000
GRASS_SPROUT
343.465332
429.072174
75.000000
1.200000
GRASS_SPROUT
343.493988
432.289673
240.000000
1.250000
GRASS_SPROUT
342.651794
432.755096
150.000000
0.800000
GRASS_SPROUT
341.934540
433.359344
285.000000
1.250000
GRASS_SPROUT
341.944244
432.323517
30.000000
1.150000
GRASS_SPROUT
341.576447
431.266266
240.000000
1.000000
GRASS_SPROUT
341.007904
430.548462
30.000000
1.200000
GRASS_SPROUT
340.410614
429.871307
60.000000
0.850000
GRASS_SPROUT
339.759857
429.372009
120.000000
1.150000
GRASS_SPROUT
342.612915
431.081177
150.000000
1.200000
GRASS_SPROUT
341.326416
434.646210
150.000000
1.000000
GRASS_SPROUT
340.501465
434.471802
165.000000
0.750000
GRASS_SPROUT
339.660217
434.151611
255.000000
1.150000