TILE
56
72
FIELD_GRASS
0
PINE TREE 1
335.439972
433.803650
270.000000
1.250000
GRASS_SPROUT
338.744507
433.933594
90.000000
0.850000
GRASS_SPROUT
337.980835
433.749023
30.000000
1.100000
GRASS_SPROUT
337.186951
433.410034
300.000000
0.750000
GRASS_SPROUT
336.528778
432.864685
330.000000
1.200000
GRASS_SPROUT
334.636993
432.664337
45.000000
1.100000
GRASS_SPROUT
335.742401
434.987885
15.000000
0.850000
GRASS_SPROUT
333.405304
434.818237
270.000000
0.950000
GRASS_SPROUT
333.751404
433.896881
105.000000
1.050000
GRASS_SPROUT
334.613464
434.987885
105.000000
1.150000
GRASS_SPROUT
333.355072
432.065704
225.000000
0.750000
GRASS_SPROUT
333.711121
432.576569
150.000000
0.750000
GRASS_SPROUT
333.727356
430.090027
300.000000
0.800000
GRASS_SPROUT
333.802826
431.116608
180.000000
0.900000
GRASS_SPROUT
334.139099
431.967468
150.000000
1.000000
GRASS_SPROUT
333.020935
433.303650
270.000000
1.150000
GRASS_SPROUT
338.538055
434.914825
0.000000
1.000000
GRASS_SPROUT
337.798157
434.568542
240.000000
0.950000