TILE
54
73
FIELD_GRASS
0
HOUSE 2
322.183685
438.362671
90.000000
1.300000
PINE TREE 1
321.583344
435.277344
15.000000
0.900000
GRASS_SPROUT
323.980652
435.040894
270.000000
1.100000
GRASS_SPROUT
323.753998
436.049774
90.000000
0.900000
GRASS_SPROUT
325.018951
436.508850
120.000000
1.200000
GRASS_SPROUT
323.003998
435.966736
15.000000
0.750000
GRASS_SPROUT
323.046814
435.220306
315.000000
1.100000
GRASS_SPROUT
325.965668
435.123657
285.000000
1.200000
GRASS_SPROUT
326.371033
435.817474
45.000000
0.750000
GRASS_SPROUT
326.152496
436.695313
60.000000
0.900000