TILE
50
78
FIELD_GRASS
0
PINE TREE 1
298.275055
466.384583
255.000000
1.050000
PINE TREE 1
299.502380
466.833923
345.000000
0.750000
PINE TREE 1
300.796936
466.503571
315.000000
0.900000
PINE TREE 1
301.812500
465.578278
45.000000
1.000000
PINE TREE 1
301.814240
467.909607
165.000000
0.800000
PINE TREE 1
300.133301
465.241608
135.000000
1.100000
PINE TREE 1
301.807007
470.110352
90.000000
1.200000
PINE TREE 1
300.357056
469.249207
270.000000
1.200000
PINE TREE 1
298.455048
468.191071
60.000000
1.250000
PINE TREE 1
302.962891
466.336945
165.000000
0.850000
PINE TREE 1
297.695526
470.281891
300.000000
1.250000
PINE TREE 1
299.004639
470.690582
270.000000
0.700000
GRASS_SPROUT
300.440643
470.597137
150.000000
1.000000