TILE
57
71
FIELD_GRASS
0
PINE TREE 1
341.224396
428.237976
195.000000
0.800000
GRASS_SPROUT
340.213776
428.178436
285.000000
0.950000
GRASS_SPROUT
340.201324
427.176208
330.000000
1.250000
GRASS_SPROUT
341.110748
426.876892
330.000000
0.850000
GRASS_SPROUT
342.296295
427.899017
210.000000
1.250000
GRASS_SPROUT
342.581696
428.721436
270.000000
0.750000
GRASS_SPROUT
344.275787
428.765747
225.000000
0.750000
GRASS_SPROUT
339.005310
428.809937
135.000000
1.100000
GRASS_SPROUT
339.257294
427.451691
195.000000
1.050000
GRASS_SPROUT
339.285614
426.305023
60.000000
1.050000
GRASS_SPROUT
340.452179
426.245850
225.000000
1.000000
GRASS_SPROUT
341.407867
426.096527
150.000000
1.150000
GRASS_SPROUT
342.440948
425.884247
30.000000
1.100000
GRASS_SPROUT
343.269440
425.699158
165.000000
0.950000
GRASS_SPROUT
344.203003
425.542664
15.000000
1.150000
GRASS_SPROUT
344.286713
426.422485
225.000000
1.050000
GRASS_SPROUT
343.295685
426.567657
180.000000
1.150000
GRASS_SPROUT
342.462219
426.852509
180.000000
0.900000
GRASS_SPROUT
343.119934
428.076019
105.000000
0.750000
GRASS_SPROUT
344.447876
428.126190
315.000000
0.800000
GRASS_SPROUT
344.409210
427.347687
150.000000
0.900000
GRASS_SPROUT
342.614960
424.956207
165.000000
1.100000
GRASS_SPROUT
344.569092
424.656616
240.000000
1.200000
GRASS_SPROUT
341.810760
425.350128
60.000000
0.800000
GRASS_SPROUT
343.479675
424.656616
120.000000
0.900000
GRASS_SPROUT
344.634552
423.776947
0.000000
1.000000
GRASS_SPROUT
343.863617
423.519287
90.000000
1.000000
GRASS_SPROUT
343.164459
423.776947
165.000000
0.850000