TILE
54
76
FIELD_GRASS
0
PINE TREE 2
325.911835
453.023438
180.000000
0.750000
PINE TREE 2
324.424988
453.865112
225.000000
1.150000
PINE TREE 2
322.792175
454.110199
300.000000
0.800000
PINE TREE 2
321.389496
454.106598
90.000000
1.050000
PINE TREE 2
325.961456
454.327637
255.000000
0.800000
PINE TREE 2
323.840240
455.801636
270.000000
1.200000
PINE TREE 2
326.042542
455.968536
75.000000
0.950000
PINE TREE 1
322.144379
457.998535
210.000000
0.750000
PINE TREE 1
323.203003
458.980438
165.000000
1.050000
PINE TREE 1
322.112396
455.845795
210.000000
1.150000
PINE TREE 1
324.954742
458.607941
240.000000
1.250000
PINE TREE 1
326.336273
457.792084
60.000000
0.750000