TILE
57
78
FIELD_GRASS
0
PINE TREE 2
339.948242
470.657288
240.000000
0.750000
PINE TREE 2
339.935608
469.182831
255.000000
1.100000
PINE TREE 2
339.926544
467.264587
270.000000
1.200000
PINE TREE 2
339.921722
465.262848
255.000000
1.200000
PINE TREE 2
344.224213
466.316345
120.000000
0.950000
PINE TREE 2
342.287567
466.078644
150.000000
0.800000
PINE TREE 2
344.487915
468.253235
105.000000
1.000000
PINE TREE 2
342.559845
468.078247
135.000000
0.800000
PINE TREE 2
341.620300
470.025238
195.000000
0.800000
PINE TREE 2
343.589569
470.389771
270.000000
0.850000
PINE TREE 2
343.018738
469.179138
210.000000
0.750000
PINE TREE 2
341.434784
467.698914
240.000000
0.750000