TILE
55
79
FIELD_GRASS
0
GRASS_SPROUT
332.334534
471.848724
225.000000
0.800000
GRASS_SPROUT
331.569855
472.423615
150.000000
1.000000
GRASS_SPROUT
330.080017
473.088715
270.000000
1.100000
GRASS_SPROUT
327.919159
473.838287
150.000000
0.750000
GRASS_SPROUT
327.623596
471.710541
90.000000
1.250000
GRASS_SPROUT
329.050690
471.141418
0.000000
1.050000
GRASS_SPROUT
330.142975
471.753387
255.000000
1.200000
GRASS_SPROUT
328.688354
472.298401
75.000000
1.200000
GRASS_SPROUT
328.745972
473.447937
105.000000
1.150000
GRASS_SPROUT
327.755981
472.705444
60.000000
0.950000
GRASS_SPROUT
331.570160
471.345337
240.000000
1.050000
GRASS_SPROUT
331.235382
474.382874
0.000000
0.800000
GRASS_SPROUT
329.812592
475.407654
285.000000
1.200000
GRASS_SPROUT
328.417450
476.258209
345.000000
1.050000
GRASS_SPROUT
327.598511
475.984528
315.000000
0.800000
GRASS_SPROUT
328.192871
474.884125
225.000000
1.250000
GRASS_SPROUT
329.593903
474.274841
225.000000
1.250000
GRASS_SPROUT
331.095612
473.221191
120.000000
0.750000
GRASS_SPROUT
331.021851
475.573242
60.000000
1.000000
GRASS_SPROUT
329.629089
476.939819
345.000000
0.800000
GRASS_SPROUT
332.063660
476.722229
270.000000
1.250000
GRASS_SPROUT
331.773621
474.815125
315.000000
0.900000
GRASS_SPROUT
332.526367
475.331818
285.000000
1.200000
GRASS_SPROUT
330.824951
476.506744
0.000000
0.900000
GRASS_SPROUT
330.531189
474.147278
195.000000
1.050000
GRASS_SPROUT
331.748718
473.609863
105.000000
1.150000
GRASS_SPROUT
332.476471
473.005951
270.000000
1.050000
GRASS_SPROUT
332.322052
474.235413
180.000000
0.850000