TILE
55
72
FIELD_GRASS
0
GRASS_SPROUT
332.068115
429.261688
330.000000
1.000000
GRASS_SPROUT
332.236633
430.089142
90.000000
0.800000
GRASS_SPROUT
332.564392
430.723053
330.000000
0.800000
GRASS_SPROUT
332.954285
431.395294
90.000000
0.900000
GRASS_SPROUT
332.865845
429.544678
330.000000
1.100000
GRASS_SPROUT
331.109222
429.384644
15.000000
1.250000
GRASS_SPROUT
331.389404
430.279449
315.000000
0.750000
GRASS_SPROUT
331.450958
431.151794
345.000000
1.050000
GRASS_SPROUT
327.352997
432.361633
0.000000
0.950000
GRASS_SPROUT
328.107330
431.959045
180.000000
1.150000
GRASS_SPROUT
328.191437
431.153992
345.000000
0.800000
GRASS_SPROUT
327.766327
430.339203
300.000000
1.050000
GRASS_SPROUT
327.132172
429.825958
345.000000
0.800000