TILE
50
70
FIELD_GRASS
0
PINE TREE 1
302.254089
417.086456
135.000000
0.750000
PINE TREE 1
300.540833
417.963989
30.000000
0.800000
PINE TREE 1
301.983551
419.125793
345.000000
1.150000
GRASS_SPROUT
299.665527
417.288177
120.000000
1.050000
GRASS_SPROUT
299.709595
418.632385
135.000000
1.150000
GRASS_SPROUT
299.652527
419.576172
315.000000
1.150000
GRASS_SPROUT
300.609161
419.732849
345.000000
1.050000
GRASS_SPROUT
299.023376
418.010071
195.000000
0.850000
GRASS_SPROUT
298.534546
417.331024
150.000000
1.050000
GRASS_SPROUT
300.783386
418.931396
105.000000
0.900000
GRASS_SPROUT
301.177673
420.517761
30.000000
1.150000
GRASS_SPROUT
301.945892
421.070404
165.000000
0.800000
GRASS_SPROUT
302.622925
421.380463
60.000000
0.900000
GRASS_SPROUT
302.186462
420.340820
15.000000
0.800000
GRASS_SPROUT
302.995575
418.039154
0.000000
0.750000
GRASS_SPROUT
301.988037
422.129547
120.000000
0.900000
GRASS_SPROUT
301.388702
421.715210
270.000000
0.800000
GRASS_SPROUT
300.578827
421.444550
210.000000
1.050000
GRASS_SPROUT
299.616211
421.007721
165.000000
1.100000
GRASS_SPROUT
300.654999
422.673889
345.000000
0.850000
GRASS_SPROUT
299.931915
422.203461
315.000000
1.200000
GRASS_SPROUT
298.794678
421.208069
135.000000
0.750000
GRASS_SPROUT
298.815308
420.430511
150.000000
1.150000
GRASS_SPROUT
298.495880
419.360016
255.000000
1.250000