TILE
32
49
FIELD_GRASS
0
PINE TREE 1
189.433701
291.385101
225.000000
0.950000
PINE TREE 1
190.496094
292.540314
330.000000
1.200000
PINE TREE 1
191.066360
294.134552
225.000000
0.850000
PINE TREE 1
191.291977
295.397461
105.000000
0.900000
PINE TREE 1
193.879013
295.525635
150.000000
0.950000
PINE TREE 1
193.008728
294.249451
30.000000
0.950000
PINE TREE 1
189.279678
295.316559
15.000000
0.750000
PINE TREE 1
189.881256
294.099091
45.000000
0.750000
GRASS_SPROUT
192.321106
291.694946
315.000000
1.200000
GRASS_SPROUT
194.938934
295.919678
15.000000
1.100000
GRASS_SPROUT
192.768280
295.803925
105.000000
0.900000
GRASS_SPROUT
190.620071
296.374573
165.000000
1.150000
GRASS_SPROUT
189.766556
296.816742
225.000000
1.000000
GRASS_SPROUT
191.760056
296.704529
270.000000
0.950000
GRASS_SPROUT
194.040527
296.657104
120.000000
1.050000