TILE
39
31
FIELD_GRASS
0
PINE TREE 1
235.731476
183.709198
300.000000
1.150000
GRASS_SPROUT
236.434052
186.952881
75.000000
1.150000
GRASS_SPROUT
235.340469
186.363220
300.000000
1.050000
GRASS_SPROUT
234.414536
185.708618
120.000000
1.000000
GRASS_SPROUT
233.844437
185.165024
90.000000
0.850000
GRASS_SPROUT
232.962067
184.131714
180.000000
1.050000
GRASS_SPROUT
232.168213
183.124908
135.000000
1.150000
GRASS_SPROUT
233.909134
184.264999
150.000000
0.950000
GRASS_SPROUT
234.455063
183.567657
315.000000
1.150000
GRASS_SPROUT
236.220551
185.073196
0.000000
1.000000
GRASS_SPROUT
233.586609
183.586777
210.000000
0.800000
GRASS_SPROUT
236.112442
185.884293
0.000000
0.900000
GRASS_SPROUT
235.449356
185.464203
15.000000
1.000000
GRASS_SPROUT
235.034592
184.857544
255.000000
0.800000
GRASS_SPROUT
236.898956
184.400208
315.000000
0.950000