TILE
37
33
FIELD_DIRT
16
PINE TREE 1
223.547089
199.120575
60.000000
1.200000
DEAD_TREE
220.361572
199.834122
75.000000
0.800000
GRASS_SPROUT
221.963364
199.868195
75.000000
1.150000
GRASS_SPROUT
219.015106
199.868195
60.000000
0.850000
GRASS_SPROUT
219.421997
198.849426
45.000000
1.100000
GRASS_SPROUT
220.974594
198.834686
75.000000
0.900000
GRASS_SPROUT
221.833115
198.639084
135.000000
1.250000
GRASS_SPROUT
221.769348
197.692657
225.000000
0.750000
GRASS_SPROUT
221.744354
196.961029
150.000000
0.900000
GRASS_SPROUT
221.257401
196.475204
210.000000
0.750000
GRASS_SPROUT
219.841629
196.341873
240.000000
1.250000
GRASS_SPROUT
221.843536
196.042526
30.000000
1.050000
GRASS_SPROUT
222.611282
196.269943
75.000000
0.900000
GRASS_SPROUT
223.490723
196.366104
30.000000
1.100000
GRASS_SPROUT
224.451309
196.366089
90.000000
0.850000
GRASS_SPROUT
222.627182
200.350601
210.000000
0.850000
GRASS_SPROUT
223.432816
200.517288
120.000000
0.850000
GRASS_SPROUT
224.087097
200.517288
165.000000
0.750000
GRASS_SPROUT
222.755325
198.034561
210.000000
1.200000
GRASS_SPROUT
223.685760
197.863022
285.000000
0.750000
GRASS_SPROUT
224.617798
197.863022
105.000000
1.200000
GRASS_SPROUT
219.968277
197.931091
195.000000
1.250000