TILE
63
80
FIELD_GRASS
0
PINE TREE 2
377.927734
477.175537
330.000000
0.900000
PINE TREE 2
377.656464
478.570923
225.000000
0.800000
PINE TREE 2
377.673279
480.261719
165.000000
1.250000
PINE TREE 2
377.870575
482.068176
30.000000
1.100000
PINE TREE 2
379.558289
482.511932
240.000000
1.000000
PINE TREE 2
375.729218
481.420593
195.000000
1.050000
PINE TREE 2
375.738495
479.723053
15.000000
0.950000
PINE TREE 2
375.738403
478.166168
90.000000
0.750000
GRASS_SPROUT
380.483948
477.289825
135.000000
0.800000
GRASS_SPROUT
379.907196
477.959076
285.000000
1.000000
GRASS_SPROUT
379.383484
478.629364
195.000000
1.000000
GRASS_SPROUT
380.777344
479.828857
105.000000
1.050000
GRASS_SPROUT
380.102570
480.175232
135.000000
0.750000
GRASS_SPROUT
379.536499
479.785339
105.000000
0.800000
GRASS_SPROUT
379.111237
477.778748
0.000000
1.000000
GRASS_SPROUT
379.340332
480.931610
105.000000
1.250000
GRASS_SPROUT
380.425720
480.802368
195.000000
0.750000