TILE
74
63
FIELD_GRASS
0
GRASS_SPROUT
441.211761
380.596161
330.000000
0.850000
GRASS_SPROUT
441.965118
380.137451
240.000000
1.000000
GRASS_SPROUT
442.743652
379.869751
120.000000
0.800000
GRASS_SPROUT
443.720367
379.869751
210.000000
0.750000
GRASS_SPROUT
444.790131
379.869751
330.000000
0.950000
GRASS_SPROUT
445.911041
379.802155
300.000000
1.250000
GRASS_SPROUT
444.795624
380.899139
135.000000
0.750000
GRASS_SPROUT
445.577911
380.719666
225.000000
1.000000
GRASS_SPROUT
442.260315
380.883118
270.000000
0.800000
GRASS_SPROUT
443.177429
380.883118
30.000000
1.250000
GRASS_SPROUT
446.376740
380.640594
285.000000
0.900000