TILE
72
69
FIELD_GRASS
0
GRASS_SPROUT
429.559631
413.078278
165.000000
1.150000
GRASS_SPROUT
430.639099
413.078278
45.000000
0.950000
GRASS_SPROUT
431.683014
413.078278
195.000000
1.100000
GRASS_SPROUT
432.612671
413.078278
315.000000
1.150000
GRASS_SPROUT
433.566559
413.078278
150.000000
0.750000
GRASS_SPROUT
434.538147
413.078278
135.000000
0.750000
GRASS_SPROUT
430.133728
416.573761
315.000000
1.100000
GRASS_SPROUT
431.038910
416.573761
45.000000
1.050000
GRASS_SPROUT
431.946075
416.573761
315.000000
1.050000
GRASS_SPROUT
432.865906
416.573761
225.000000
0.800000
GRASS_SPROUT
433.636292
416.573761
45.000000
1.100000
GRASS_SPROUT
434.621460
416.573761
300.000000
1.250000