TILE
75
66
FIELD_GRASS
0
GRASS_SPROUT
449.670502
393.472351
15.000000
1.000000
GRASS_SPROUT
450.115601
394.086639
345.000000
0.750000
GRASS_SPROUT
450.655548
394.542023
285.000000
1.000000
GRASS_SPROUT
451.400421
395.069824
45.000000
1.050000
GRASS_SPROUT
451.931702
395.661316
345.000000
0.900000
GRASS_SPROUT
452.372009
396.188477
30.000000
0.800000
GRASS_SPROUT
452.881592
396.923248
90.000000
1.050000
GRASS_SPROUT
449.493439
398.644104
270.000000
0.900000
GRASS_SPROUT
449.756226
397.865631
90.000000
0.900000
GRASS_SPROUT
449.899200
397.072815
195.000000
0.850000
GRASS_SPROUT
450.050598
396.188477
225.000000
1.000000
GRASS_SPROUT
448.690186
393.520538
270.000000
1.200000
GRASS_SPROUT
447.872253
393.179901
150.000000
0.850000
GRASS_SPROUT
448.403015
394.548248
330.000000
1.150000
GRASS_SPROUT
448.939514
395.328156
345.000000
1.200000
GRASS_SPROUT
449.096649
396.140320
165.000000
0.750000
GRASS_SPROUT
449.075287
396.939911
330.000000
0.750000
GRASS_SPROUT
448.858917
397.724823
75.000000
0.850000
GRASS_SPROUT
447.614288
393.987915
45.000000
1.200000
GRASS_SPROUT
451.791260
398.742432
195.000000
0.900000
GRASS_SPROUT
450.995728
398.935181
75.000000
1.050000
GRASS_SPROUT
450.990906
397.954651
195.000000
1.200000
GRASS_SPROUT
450.594635
395.532898
270.000000
1.000000
GRASS_SPROUT
451.948456
396.652222
210.000000
0.750000
GRASS_SPROUT
452.097839
397.676544
45.000000
1.050000
GRASS_SPROUT
451.277466
396.147766
315.000000
1.000000