TILE
72
60
FIELD_GRASS
0
GRASS_SPROUT
434.088776
358.587769
0.000000
0.800000
GRASS_SPROUT
433.005432
358.889587
120.000000
0.900000
GRASS_SPROUT
431.515106
358.914337
90.000000
0.800000
GRASS_SPROUT
430.671265
358.789917
300.000000
1.050000
GRASS_SPROUT
429.889771
358.381714
30.000000
1.050000
GRASS_SPROUT
429.375366
357.288910
90.000000
1.200000
GRASS_SPROUT
433.534332
357.317596
210.000000
0.850000
GRASS_SPROUT
432.299011
357.600311
330.000000
1.250000
GRASS_SPROUT
431.342010
357.431519
165.000000
1.000000
GRASS_SPROUT
430.443542
357.459839
210.000000
1.050000
GRASS_SPROUT
434.266632
357.431519
30.000000
0.850000