TILE
3
28
FIELD_GRASS
0
PINE TREE 1
20.815184
169.576126
60.000000
0.750000
GRASS_SPROUT
17.887327
170.906418
15.000000
1.100000
GRASS_SPROUT
17.347193
169.941101
0.000000
1.000000
GRASS_SPROUT
17.053898
169.035721
240.000000
0.900000
GRASS_SPROUT
17.353939
168.156509
90.000000
0.750000
GRASS_SPROUT
18.108276
167.673538
120.000000
0.900000
GRASS_SPROUT
19.112003
167.172729
180.000000
1.250000
GRASS_SPROUT
20.295250
167.087463
240.000000
1.100000
GRASS_SPROUT
19.159830
170.695709
45.000000
0.950000
GRASS_SPROUT
18.808947
169.927841
0.000000
0.750000
GRASS_SPROUT
18.496531
168.961578
195.000000
0.750000
GRASS_SPROUT
19.224672
169.109436
150.000000
0.850000
GRASS_SPROUT
19.841248
169.471786
180.000000
0.800000
GRASS_SPROUT
19.772663
170.132828
255.000000
0.800000
GRASS_SPROUT
19.703928
168.037384
30.000000
1.000000
GRASS_SPROUT
20.521917
168.195984
75.000000
0.900000