TILE
71
49
FIELD_GRASS
0
GRASS_SPROUT
423.855255
296.457367
255.000000
1.150000
GRASS_SPROUT
424.022064
295.257935
75.000000
1.000000
GRASS_SPROUT
423.642181
294.256836
300.000000
1.000000
GRASS_SPROUT
425.334930
296.455353
285.000000
1.250000
GRASS_SPROUT
424.742615
295.734192
120.000000
0.800000
GRASS_SPROUT
424.285492
293.574799
135.000000
1.200000
GRASS_SPROUT
424.563385
294.620544
105.000000
0.750000
GRASS_SPROUT
426.375702
296.019135
225.000000
0.950000
GRASS_SPROUT
427.329041
296.062439
210.000000
1.100000
GRASS_SPROUT
428.154022
295.912445
165.000000
0.950000
GRASS_SPROUT
428.982758
295.760254
180.000000
1.150000
GRASS_SPROUT
427.904968
296.724396
210.000000
1.050000
GRASS_SPROUT
424.158997
291.353210
0.000000
0.850000
GRASS_SPROUT
423.337738
291.914856
75.000000
1.000000
GRASS_SPROUT
425.006409
292.056152
345.000000
0.950000
GRASS_SPROUT
425.479614
293.175903
60.000000
1.200000
GRASS_SPROUT
425.130646
294.148590
300.000000
0.950000
GRASS_SPROUT
423.468994
292.989075
90.000000
0.850000
GRASS_SPROUT
424.286133
292.442535
270.000000
0.800000
GRASS_SPROUT
425.833832
293.943024
45.000000
0.800000
GRASS_SPROUT
426.592133
293.947662
180.000000
0.850000
GRASS_SPROUT
426.244232
294.591370
210.000000
0.800000
GRASS_SPROUT
425.687378
295.120422
165.000000
0.950000
GRASS_SPROUT
426.106598
291.433411
90.000000
1.100000
GRASS_SPROUT
427.105804
292.156036
315.000000
1.150000
GRASS_SPROUT
428.001892
293.302948
270.000000
1.100000
GRASS_SPROUT
428.224304
294.151581
210.000000
0.800000
GRASS_SPROUT
427.909088
294.940704
15.000000
1.250000
GRASS_SPROUT
428.584259
291.953827
345.000000
1.000000
GRASS_SPROUT
428.348541
292.647339
105.000000
0.750000
GRASS_SPROUT
427.103699
293.119293
180.000000
1.000000
GRASS_SPROUT
426.981415
295.200104
165.000000
1.000000
GRASS_SPROUT
428.832092
293.923706
285.000000
0.800000