TILE
71
48
FIELD_GRASS
0
GRASS_SPROUT
423.135681
286.928711
45.000000
1.200000
GRASS_SPROUT
424.257599
287.105927
0.000000
1.150000
GRASS_SPROUT
425.277008
287.192810
105.000000
1.100000
GRASS_SPROUT
426.332855
287.244110
150.000000
0.850000
GRASS_SPROUT
427.432648
287.295624
105.000000
1.250000
GRASS_SPROUT
428.585754
287.250122
330.000000
1.200000
GRASS_SPROUT
428.472809
290.570618
30.000000
0.950000
GRASS_SPROUT
427.515106
290.570618
105.000000
1.000000
GRASS_SPROUT
426.576813
290.570618
15.000000
1.100000
GRASS_SPROUT
425.716217
290.570618
45.000000
0.900000
GRASS_SPROUT
428.499786
289.578430
150.000000
0.800000
GRASS_SPROUT
427.650085
289.578400
75.000000
0.850000
GRASS_SPROUT
426.923981
289.578339
0.000000
0.900000
GRASS_SPROUT
425.963684
289.578247
225.000000
1.200000
GRASS_SPROUT
424.554749
290.240845
255.000000
1.150000
GRASS_SPROUT
423.017120
289.956573
120.000000
0.850000
GRASS_SPROUT
428.170990
288.941895
180.000000
0.750000
GRASS_SPROUT
425.221588
288.941895
60.000000
1.000000
GRASS_SPROUT
424.351013
288.941895
135.000000
1.000000
GRASS_SPROUT
423.401306
288.848755
240.000000
1.100000
GRASS_SPROUT
426.819550
288.564850
225.000000
1.250000
GRASS_SPROUT
425.867004
288.273987
30.000000
0.850000
GRASS_SPROUT
423.392456
287.808990
225.000000
1.000000
GRASS_SPROUT
423.130615
290.957428
210.000000
0.900000