TILE
71
41
FIELD_GRASS
0
GRASS_SPROUT
423.515686
244.305084
120.000000
1.000000
GRASS_SPROUT
424.394104
244.951126
150.000000
1.000000
GRASS_SPROUT
425.213196
245.603592
150.000000
1.100000
GRASS_SPROUT
425.965668
246.242844
0.000000
1.150000
GRASS_SPROUT
426.742249
246.931961
150.000000
0.900000
GRASS_SPROUT
427.506073
247.633011
30.000000
0.900000
GRASS_SPROUT
428.185547
248.271988
330.000000
1.250000
GRASS_SPROUT
423.308075
246.097290
120.000000
1.250000
GRASS_SPROUT
423.958679
246.728500
150.000000
0.900000
GRASS_SPROUT
424.518982
247.260666
165.000000
0.900000
GRASS_SPROUT
425.141693
247.870667
240.000000
1.050000
GRASS_SPROUT
425.602814
248.483047
0.000000
0.800000
GRASS_SPROUT
426.571655
248.228989
15.000000
1.200000
GRASS_SPROUT
426.081604
247.501480
90.000000
0.900000
GRASS_SPROUT
424.408356
248.580246
75.000000
1.250000
GRASS_SPROUT
423.471191
248.659317
270.000000
1.100000
GRASS_SPROUT
425.528839
247.041321
120.000000
0.800000
GRASS_SPROUT
424.739838
246.431473
15.000000
0.800000