TILE
77
45
FIELD_GRASS
0
GRASS_SPROUT
464.256439
271.365479
210.000000
1.150000
GRASS_SPROUT
463.309143
271.233582
120.000000
0.900000
GRASS_SPROUT
462.427307
271.233582
45.000000
0.850000
GRASS_SPROUT
461.469910
271.233582
285.000000
1.150000
GRASS_SPROUT
460.464935
271.167114
105.000000
1.250000
GRASS_SPROUT
459.141663
267.401489
105.000000
1.100000
GRASS_SPROUT
459.804230
268.225830
225.000000
0.900000
GRASS_SPROUT
459.670959
270.715820
105.000000
0.900000
GRASS_SPROUT
459.525726
269.154114
315.000000
1.250000
GRASS_SPROUT
460.368591
269.794495
45.000000
1.200000
GRASS_SPROUT
463.010590
272.696136
195.000000
1.100000
GRASS_SPROUT
462.000946
272.343719
30.000000
1.100000
GRASS_SPROUT
461.277466
270.263580
90.000000
1.050000
GRASS_SPROUT
462.140839
269.976959
345.000000
0.800000
GRASS_SPROUT
463.027191
269.976959
330.000000
0.850000
GRASS_SPROUT
463.913574
269.976959
135.000000
1.150000
GRASS_SPROUT
464.983704
269.904297
60.000000
1.250000
GRASS_SPROUT
461.489441
269.307648
120.000000
1.050000
GRASS_SPROUT
460.656006
268.841583
240.000000
0.900000