TILE
79
43
FIELD_GRASS
0
GRASS_SPROUT
471.183594
259.419586
75.000000
0.950000
GRASS_SPROUT
473.552216
255.275482
270.000000
1.100000
GRASS_SPROUT
473.957275
256.122253
0.000000
1.200000
GRASS_SPROUT
474.323334
256.982544
225.000000
0.850000
GRASS_SPROUT
474.122223
257.817291
165.000000
1.050000
GRASS_SPROUT
473.451691
258.567871
105.000000
0.850000
GRASS_SPROUT
472.631439
259.162415
45.000000
0.950000
GRASS_SPROUT
471.260071
256.473541
195.000000
1.050000
GRASS_SPROUT
471.345551
255.351349
345.000000
1.000000
GRASS_SPROUT
473.254547
257.723907
285.000000
1.050000
GRASS_SPROUT
472.649078
257.048859
120.000000
0.850000
GRASS_SPROUT
472.469940
256.122253
60.000000
1.100000