TILE
97
90
FIELD_GRASS
0
PINE TREE 2
582.504944
541.591736
105.000000
1.000000
GRASS_SPROUT
581.955444
542.734070
15.000000
1.250000
GRASS_SPROUT
581.286316
541.557190
45.000000
0.850000
GRASS_SPROUT
580.944092
540.782349
60.000000
1.050000
GRASS_SPROUT
580.747192
539.965088
315.000000
0.850000
GRASS_SPROUT
581.264038
539.376831
105.000000
0.900000
GRASS_SPROUT
582.142090
539.157288
120.000000
1.250000
GRASS_SPROUT
583.229187
539.376831
300.000000
0.900000
GRASS_SPROUT
583.783142
539.965088
120.000000
1.050000
GRASS_SPROUT
584.022095
540.732544
240.000000
0.950000
GRASS_SPROUT
584.125854
541.557190
255.000000
0.750000
GRASS_SPROUT
584.227417
542.292847
210.000000
1.100000