TILE
97
91
FIELD_GRASS
0
GRASS_SPROUT
582.956787
548.802246
150.000000
1.250000
GRASS_SPROUT
583.716431
548.024719
180.000000
1.250000
GRASS_SPROUT
584.470459
547.399536
330.000000
0.950000
GRASS_SPROUT
584.611633
548.176453
315.000000
0.950000
GRASS_SPROUT
582.630005
547.872681
30.000000
1.150000
GRASS_SPROUT
583.189697
546.926208
240.000000
1.150000
GRASS_SPROUT
583.394836
545.994934
210.000000
0.950000
GRASS_SPROUT
583.130737
545.153992
90.000000
1.150000
GRASS_SPROUT
582.779236
544.175781
255.000000
1.000000
GRASS_SPROUT
582.397034
543.412109
90.000000
0.750000
GRASS_SPROUT
584.542114
543.034790
165.000000
0.800000
GRASS_SPROUT
584.957153
543.658020
330.000000
1.050000
GRASS_SPROUT
584.878357
545.994934
60.000000
1.050000
GRASS_SPROUT
583.946350
545.190125
45.000000
0.800000
GRASS_SPROUT
583.558105
543.494568
240.000000
1.250000
GRASS_SPROUT
584.847290
544.711609
225.000000
0.850000