TILE
95
97
FIELD_GRASS
0
GRASS_SPROUT
567.329773
582.988770
30.000000
0.850000
GRASS_SPROUT
568.075195
583.286682
255.000000
1.100000
GRASS_SPROUT
568.988342
583.286682
210.000000
0.750000
GRASS_SPROUT
569.899353
583.286682
285.000000
1.200000
GRASS_SPROUT
570.797913
583.286682
75.000000
0.800000
GRASS_SPROUT
571.580322
583.286682
195.000000
1.150000
GRASS_SPROUT
571.631897
584.150879
285.000000
0.900000
GRASS_SPROUT
568.569763
584.579346
195.000000
1.250000
GRASS_SPROUT
567.308655
583.734070
270.000000
1.000000
GRASS_SPROUT
570.836365
584.467896
270.000000
1.150000
GRASS_SPROUT
569.453491
584.389771
210.000000
0.900000
GRASS_SPROUT
567.430237
582.047729
240.000000
1.150000
GRASS_SPROUT
568.388062
581.603027
15.000000
1.150000
GRASS_SPROUT
569.348816
581.270203
240.000000
0.850000
GRASS_SPROUT
570.238647
581.561890
45.000000
1.150000
GRASS_SPROUT
570.718140
582.284241
15.000000
1.000000
GRASS_SPROUT
569.070618
582.362122
60.000000
1.000000