TILE
90
95
FIELD_GRASS
0
GRASS_SPROUT
537.189087
571.791565
210.000000
1.150000
GRASS_SPROUT
538.441162
571.842529
345.000000
1.200000
GRASS_SPROUT
539.822937
571.324890
255.000000
0.950000
GRASS_SPROUT
540.428772
570.679749
240.000000
1.000000
GRASS_SPROUT
540.760498
570.007019
285.000000
0.850000
GRASS_SPROUT
538.904114
570.946045
330.000000
1.150000
GRASS_SPROUT
539.540833
570.307434
15.000000
1.100000
GRASS_SPROUT
540.005066
569.423767
195.000000
0.900000
GRASS_SPROUT
540.059937
568.397217
195.000000
1.050000
GRASS_SPROUT
539.919067
567.448181
15.000000
0.750000
GRASS_SPROUT
542.307312
567.130432
195.000000
1.100000
GRASS_SPROUT
542.029846
567.895081
105.000000
0.850000
GRASS_SPROUT
542.368958
568.578796
120.000000
0.750000
GRASS_SPROUT
541.436401
568.332031
0.000000
0.800000
GRASS_SPROUT
541.298706
569.183899
75.000000
0.950000
GRASS_SPROUT
541.295410
570.700806
105.000000
1.000000
GRASS_SPROUT
541.422791
571.393677
330.000000
0.750000
GRASS_SPROUT
541.631470
572.179077
240.000000
1.200000
GRASS_SPROUT
542.172974
569.474915
90.000000
1.250000
GRASS_SPROUT
542.227478
570.577209
120.000000
1.200000
GRASS_SPROUT
542.239685
571.490845
15.000000
0.900000
GRASS_SPROUT
542.468445
572.214417
210.000000
0.800000
GRASS_SPROUT
540.605530
567.569153
240.000000
0.800000
GRASS_SPROUT
539.613403
572.439880
105.000000
1.000000
GRASS_SPROUT
540.362427
571.972290
105.000000
0.850000