TILE
92
92
FIELD_GRASS
0
PINE TREE 2
553.665710
551.551270
240.000000
1.050000
GRASS_SPROUT
554.651184
553.641235
300.000000
1.250000
GRASS_SPROUT
553.548401
553.613831
315.000000
1.000000
GRASS_SPROUT
552.911987
553.222900
300.000000
0.750000
GRASS_SPROUT
552.227417
552.729309
105.000000
1.250000
GRASS_SPROUT
551.715515
551.835632
300.000000
1.250000
GRASS_SPROUT
551.501221
550.660339
210.000000
1.000000
GRASS_SPROUT
551.663757
549.785522
0.000000
0.800000
GRASS_SPROUT
552.419495
549.167664
15.000000
1.250000
GRASS_SPROUT
554.856812
550.835266
105.000000
1.150000
GRASS_SPROUT
553.508240
554.634705
240.000000
0.850000
GRASS_SPROUT
552.691711
554.360779
165.000000
1.100000
GRASS_SPROUT
551.900879
553.873840
135.000000
0.750000
GRASS_SPROUT
553.592712
552.738220
195.000000
1.000000
GRASS_SPROUT
554.184204
550.372620
345.000000
0.800000
GRASS_SPROUT
554.870850
549.619141
45.000000
0.800000
GRASS_SPROUT
553.417542
550.331726
345.000000
0.900000
GRASS_SPROUT
552.675476
550.740601
345.000000
1.050000
GRASS_SPROUT
553.809937
549.488708
195.000000
1.200000