TILE
93
94
FIELD_GRASS
0
GRASS_SPROUT
560.259827
566.392029
120.000000
0.800000
GRASS_SPROUT
560.884399
565.918762
15.000000
0.750000
GRASS_SPROUT
558.846619
566.481812
285.000000
1.200000
GRASS_SPROUT
559.094177
565.494080
225.000000
1.200000
GRASS_SPROUT
559.761169
564.590820
165.000000
1.250000
GRASS_SPROUT
560.487732
564.087158
210.000000
0.950000
GRASS_SPROUT
559.438599
563.809753
225.000000
0.850000
GRASS_SPROUT
560.110046
563.287720
180.000000
0.900000
GRASS_SPROUT
560.883423
562.704224
300.000000
0.750000