TILE
92
97
FIELD_GRASS
0
GRASS_SPROUT
554.755310
584.571411
150.000000
1.250000
GRASS_SPROUT
553.665588
584.064270
165.000000
0.900000
GRASS_SPROUT
553.161438
583.244568
315.000000
1.100000
GRASS_SPROUT
553.152954
582.327942
180.000000
0.750000
GRASS_SPROUT
553.441528
581.634888
15.000000
1.100000
GRASS_SPROUT
554.208862
580.606018
0.000000
1.150000
GRASS_SPROUT
554.315186
583.565247
0.000000
0.900000
GRASS_SPROUT
554.015625
582.857422
15.000000
0.900000
GRASS_SPROUT
554.427246
582.061829
210.000000
1.200000