TILE
90
94
FIELD_GRASS
0
GRASS_SPROUT
539.575317
566.471741
240.000000
1.200000
GRASS_SPROUT
539.152710
565.610535
15.000000
1.100000
GRASS_SPROUT
538.594482
564.494629
165.000000
1.100000
GRASS_SPROUT
538.140076
563.772339
45.000000
1.000000
GRASS_SPROUT
537.741943
563.121887
210.000000
0.750000
GRASS_SPROUT
537.668274
562.187378
0.000000
1.000000
GRASS_SPROUT
537.728455
561.310730
120.000000
0.850000
GRASS_SPROUT
542.785889
565.047180
300.000000
1.100000
GRASS_SPROUT
542.110535
564.567200
285.000000
0.750000
GRASS_SPROUT
541.566956
563.903320
210.000000
1.050000
GRASS_SPROUT
541.899902
563.093628
120.000000
1.100000
GRASS_SPROUT
542.498474
562.346252
120.000000
1.050000
GRASS_SPROUT
541.450378
561.344849
225.000000
1.150000
GRASS_SPROUT
540.555359
561.475342
90.000000
0.750000
GRASS_SPROUT
539.550720
561.668457
120.000000
0.800000
GRASS_SPROUT
538.754272
562.045532
105.000000
1.250000
GRASS_SPROUT
538.887512
561.146484
45.000000
0.850000
GRASS_SPROUT
540.644348
562.966797
150.000000
1.200000
GRASS_SPROUT
539.695251
563.304382
15.000000
0.850000
GRASS_SPROUT
541.836670
565.475281
45.000000
1.250000
GRASS_SPROUT
540.916565
564.437134
135.000000
0.900000
GRASS_SPROUT
540.343628
563.965271
0.000000
0.950000
GRASS_SPROUT
540.448425
565.028564
240.000000
0.950000
GRASS_SPROUT
540.531799
565.874939
330.000000
0.850000
GRASS_SPROUT
540.510742
566.648254
240.000000
1.050000
GRASS_SPROUT
541.320679
566.324646
315.000000
0.800000
GRASS_SPROUT
539.847595
562.400757
165.000000
1.150000
GRASS_SPROUT
538.895081
563.091492
225.000000
1.150000
GRASS_SPROUT
539.496460
564.566162
60.000000
0.850000