TILE
95
98
FIELD_GRASS
0
GRASS_SPROUT
571.260864
585.303711
255.000000
1.000000
GRASS_SPROUT
570.722900
586.329102
315.000000
0.850000
GRASS_SPROUT
570.227661
586.802490
120.000000
0.750000
GRASS_SPROUT
569.811890
587.303772
225.000000
0.800000
GRASS_SPROUT
569.110962
587.775146
225.000000
0.750000
GRASS_SPROUT
568.309814
588.082703
285.000000
0.850000
GRASS_SPROUT
567.232178
588.075867
30.000000
1.050000
GRASS_SPROUT
567.934326
586.105225
195.000000
1.100000
GRASS_SPROUT
567.833313
585.064087
105.000000
0.850000
GRASS_SPROUT
568.993652
585.616089
270.000000
1.150000
GRASS_SPROUT
568.993652
586.629395
240.000000
1.100000
GRASS_SPROUT
569.699951
585.135010
240.000000
0.900000
GRASS_SPROUT
569.704407
586.058105
300.000000
0.750000
GRASS_SPROUT
567.091125
585.049194
45.000000
1.000000
GRASS_SPROUT
567.727539
587.003601
285.000000
1.050000