TILE
93
95
FIELD_GRASS
0
GRASS_SPROUT
559.262939
572.520569
180.000000
1.150000
GRASS_SPROUT
560.060242
571.835388
135.000000
0.950000
GRASS_SPROUT
560.731750
571.172791
120.000000
1.150000
GRASS_SPROUT
555.419312
572.018066
60.000000
0.900000
GRASS_SPROUT
556.229309
571.987793
180.000000
0.800000
GRASS_SPROUT
557.124268
571.618591
90.000000
1.250000
GRASS_SPROUT
557.872437
571.042297
60.000000
0.750000
GRASS_SPROUT
558.288696
570.471741
105.000000
0.750000
GRASS_SPROUT
558.631287
569.801392
120.000000
0.750000
GRASS_SPROUT
558.911255
568.901062
225.000000
1.100000
GRASS_SPROUT
559.117676
568.100830
270.000000
0.900000
GRASS_SPROUT
559.481079
567.294312
225.000000
1.250000
GRASS_SPROUT
559.329712
570.158630
90.000000
1.100000
GRASS_SPROUT
560.066223
569.582092
300.000000
0.800000
GRASS_SPROUT
560.781799
568.901062
135.000000
1.100000
GRASS_SPROUT
560.243530
570.377197
15.000000
1.150000
GRASS_SPROUT
559.019348
571.212219
105.000000
0.750000
GRASS_SPROUT
558.053040
572.026367
225.000000
1.250000
GRASS_SPROUT
560.583435
568.023804
330.000000
0.900000
GRASS_SPROUT
560.587036
567.298767
315.000000
0.850000
GRASS_SPROUT
558.248779
568.200012
225.000000
1.100000
GRASS_SPROUT
557.837769
569.765076
135.000000
1.100000