TILE
29
76
FIELD_GRASS
0
PINE TREE 2
175.444168
458.160339
90.000000
1.000000
PINE TREE 2
175.340820
456.577911
120.000000
1.050000
PINE TREE 2
173.253113
458.235687
225.000000
0.900000
PINE TREE 2
172.773285
456.673157
45.000000
1.250000
PINE TREE 2
173.744644
455.104523
45.000000
0.850000
PINE TREE 2
174.878433
454.465912
45.000000
0.850000
PINE TREE 2
173.614197
453.595154
300.000000
0.900000
PINE TREE 2
171.723145
455.210754
330.000000
0.750000
PINE TREE 2
171.847244
453.179230
105.000000
1.100000
GRASS_SPROUT
171.389450
458.971405
300.000000
0.800000
GRASS_SPROUT
171.167648
458.245361
270.000000
1.050000