TILE
25
70
FIELD_GRASS
0
GRASS_SPROUT
147.630524
419.069397
330.000000
1.250000
GRASS_SPROUT
148.841171
418.528809
195.000000
0.950000
GRASS_SPROUT
149.575394
418.290222
150.000000
0.950000
GRASS_SPROUT
150.647232
417.924194
90.000000
0.900000
GRASS_SPROUT
151.416901
417.548004
45.000000
0.950000
GRASS_SPROUT
147.277313
417.282593
30.000000
0.850000
GRASS_SPROUT
147.982315
417.755188
300.000000
1.100000
GRASS_SPROUT
149.733139
417.251587
90.000000
1.150000
GRASS_SPROUT
148.856857
417.015259
210.000000
0.750000