TILE
26
74
FIELD_GRASS
0
PINE TREE 2
154.290146
445.193512
165.000000
0.900000
PINE TREE 2
155.405060
445.951477
240.000000
0.850000
PINE TREE 2
157.062836
446.546082
300.000000
1.200000
PINE TREE 2
158.972733
446.576324
150.000000
1.200000
PINE TREE 2
153.193878
446.163300
30.000000
1.000000
PINE TREE 2
157.871414
443.218079
120.000000
0.800000
PINE TREE 2
157.253052
444.753357
45.000000
1.200000
PINE TREE 2
155.779785
443.920044
150.000000
1.000000
PINE TREE 2
154.343063
441.886841
60.000000
1.000000
PINE TREE 2
153.219482
442.724731
180.000000
0.800000
PINE TREE 2
156.679932
442.811920
135.000000
0.850000
PINE TREE 2
158.641586
442.153137
345.000000
0.850000