TILE
52
47
FIELD_GRASS
0
GRASS_SPROUT
312.421265
279.001678
30.000000
0.900000
GRASS_SPROUT
311.467072
279.583038
45.000000
1.150000
GRASS_SPROUT
310.448425
279.977966
150.000000
1.100000
GRASS_SPROUT
309.129456
280.283142
255.000000
0.800000
GRASS_SPROUT
310.500641
284.729675
195.000000
1.100000
GRASS_SPROUT
311.553436
284.477753
195.000000
1.200000
GRASS_SPROUT
312.290955
284.221161
165.000000
0.750000
GRASS_SPROUT
313.079865
283.959747
30.000000
1.150000
GRASS_SPROUT
314.177704
283.738098
225.000000
1.200000
GRASS_SPROUT
314.571716
281.080536
105.000000
0.900000
GRASS_SPROUT
313.651245
281.083282
180.000000
1.200000
GRASS_SPROUT
312.718994
281.085236
270.000000
1.050000
GRASS_SPROUT
311.783569
281.086975
210.000000
0.850000
GRASS_SPROUT
311.209625
281.483887
135.000000
0.750000
GRASS_SPROUT
310.857483
282.307068
45.000000
0.850000
GRASS_SPROUT
310.641418
283.193054
105.000000
1.050000
GRASS_SPROUT
309.753662
284.009277
255.000000
0.950000
GRASS_SPROUT
312.198669
283.187225
165.000000
1.200000
GRASS_SPROUT
313.619598
282.566772
240.000000
1.150000
GRASS_SPROUT
314.384644
282.789185
270.000000
0.800000
GRASS_SPROUT
314.573792
281.954346
30.000000
0.900000
GRASS_SPROUT
312.144562
282.302338
210.000000
0.950000
GRASS_SPROUT
309.147461
282.025085
270.000000
1.200000
GRASS_SPROUT
310.107025
281.474304
150.000000
1.100000
GRASS_SPROUT
309.506653
282.954102
90.000000
1.150000
GRASS_SPROUT
309.989777
282.309143
45.000000
0.850000
GRASS_SPROUT
311.036957
280.708344
105.000000
1.200000
GRASS_SPROUT
312.910980
281.974091
180.000000
1.050000
GRASS_SPROUT
314.869507
280.192169
210.000000
1.250000
GRASS_SPROUT
313.918213
280.168671
240.000000
1.050000
GRASS_SPROUT
313.105042
280.370117
270.000000
0.850000
GRASS_SPROUT
314.304199
279.478058
90.000000
0.850000
GRASS_SPROUT
313.422516
279.424500
240.000000
0.750000