TILE
58
44
FIELD_GRASS
0
GRASS_SPROUT
350.758270
262.395935
75.000000
1.150000
GRASS_SPROUT
349.702362
262.505951
180.000000
1.050000
GRASS_SPROUT
348.819366
262.695923
30.000000
0.950000
GRASS_SPROUT
348.038788
262.882629
285.000000
0.850000
GRASS_SPROUT
347.364655
263.092194
195.000000
0.800000
GRASS_SPROUT
346.526276
263.373840
270.000000
1.200000
GRASS_SPROUT
345.994263
264.226288
240.000000
0.900000
GRASS_SPROUT
346.091553
262.171295
240.000000
1.250000
GRASS_SPROUT
346.091553
261.015228
240.000000
1.050000
GRASS_SPROUT
348.538818
261.272461
300.000000
1.250000
GRASS_SPROUT
347.939850
261.813812
225.000000
0.750000
GRASS_SPROUT
349.786224
261.537140
315.000000
1.200000
GRASS_SPROUT
350.723938
261.265594
60.000000
1.200000
GRASS_SPROUT
347.258789
262.231384
165.000000
1.150000
GRASS_SPROUT
346.981232
261.369659
255.000000
1.000000