TILE
51
42
FIELD_GRASS
0
PINE TREE 1
304.616943
254.641663
15.000000
0.900000
GRASS_SPROUT
305.135468
253.387009
240.000000
0.850000
GRASS_SPROUT
306.092621
252.899673
330.000000
0.950000
GRASS_SPROUT
307.307861
252.394257
255.000000
1.050000
GRASS_SPROUT
308.874023
251.914215
315.000000
0.850000
GRASS_SPROUT
308.007690
254.038391
30.000000
1.050000
GRASS_SPROUT
307.100159
254.292145
120.000000
1.100000
GRASS_SPROUT
308.561707
254.673141
30.000000
0.900000
GRASS_SPROUT
308.862793
252.918533
255.000000
1.100000
GRASS_SPROUT
307.346924
253.535172
165.000000
0.750000
GRASS_SPROUT
306.286285
253.695435
330.000000
1.050000
GRASS_SPROUT
305.555481
253.978607
225.000000
0.850000
GRASS_SPROUT
307.517120
254.961899
105.000000
0.750000
GRASS_SPROUT
303.778351
253.483719
300.000000
1.200000
GRASS_SPROUT
303.705688
251.728149
60.000000
0.950000
GRASS_SPROUT
304.592346
251.963684
210.000000
1.100000
GRASS_SPROUT
305.613098
252.050781
0.000000
1.250000
GRASS_SPROUT
306.435425
252.050781
135.000000
0.800000
GRASS_SPROUT
303.021942
252.278656
90.000000
1.050000