TILE
51
47
FIELD_GRASS
0
PINE TREE 1
305.275848
284.534149
195.000000
1.000000
GRASS_SPROUT
307.929474
280.490448
105.000000
1.150000
GRASS_SPROUT
306.995605
280.719025
0.000000
1.150000
GRASS_SPROUT
305.940735
281.122253
45.000000
1.100000
GRASS_SPROUT
305.217346
281.749573
270.000000
1.250000
GRASS_SPROUT
304.897827
282.840363
75.000000
0.800000
GRASS_SPROUT
304.151123
281.830719
195.000000
1.150000
GRASS_SPROUT
303.331146
282.719879
90.000000
0.950000
GRASS_SPROUT
308.280731
284.190186
285.000000
0.900000
GRASS_SPROUT
307.446777
284.668243
30.000000
1.150000
GRASS_SPROUT
308.750702
283.607605
225.000000
0.900000
GRASS_SPROUT
306.574036
284.472168
300.000000
1.050000
GRASS_SPROUT
305.717224
283.399170
75.000000
0.750000
GRASS_SPROUT
306.946838
283.328918
210.000000
1.100000
GRASS_SPROUT
307.687622
283.880188
285.000000
0.750000
GRASS_SPROUT
306.209198
282.719849
15.000000
0.900000
GRASS_SPROUT
306.773926
282.183502
60.000000
0.900000
GRASS_SPROUT
307.897095
282.030731
255.000000
1.250000