TILE
26
23
FIELD_GRASS
0
GRASS_SPROUT
153.280930
140.891525
150.000000
0.750000
GRASS_SPROUT
153.393539
140.126541
330.000000
1.050000
GRASS_SPROUT
153.971832
139.362885
90.000000
0.850000
GRASS_SPROUT
154.587250
138.900299
120.000000
0.750000
GRASS_SPROUT
155.488708
138.377426
225.000000
0.950000
GRASS_SPROUT
156.412003
138.063187
330.000000
1.050000
GRASS_SPROUT
157.263138
137.926376
225.000000
0.950000
GRASS_SPROUT
158.336624
137.926376
60.000000
1.150000
GRASS_SPROUT
153.037216
136.710922
345.000000
0.750000
GRASS_SPROUT
153.541489
136.111664
45.000000
0.900000
GRASS_SPROUT
154.595322
135.822647
240.000000
0.950000
GRASS_SPROUT
156.360626
135.050308
285.000000
0.850000
GRASS_SPROUT
153.754379
135.398895
255.000000
0.750000
GRASS_SPROUT
158.849854
135.710281
135.000000
1.000000
GRASS_SPROUT
157.565918
135.714340
180.000000
0.950000
GRASS_SPROUT
157.298889
137.042908
150.000000
1.200000
GRASS_SPROUT
155.901337
137.288284
180.000000
1.200000
GRASS_SPROUT
158.725845
136.637466
105.000000
1.250000
GRASS_SPROUT
156.212448
136.144836
210.000000
1.050000
GRASS_SPROUT
154.826492
137.446060
285.000000
1.000000
GRASS_SPROUT
154.079910
138.286087
255.000000
0.900000
GRASS_SPROUT
153.636688
137.624985
165.000000
1.050000
GRASS_SPROUT
154.651276
136.701660
45.000000
0.900000