TILE
23
28
FIELD_GRASS
0
PINE TREE 1
138.474243
166.226547
180.000000
1.250000
GRASS_SPROUT
140.645523
169.663727
45.000000
1.050000
GRASS_SPROUT
139.959076
170.179977
15.000000
0.800000
GRASS_SPROUT
139.321152
170.487961
75.000000
0.850000
GRASS_SPROUT
138.525253
170.788849
105.000000
1.250000
GRASS_SPROUT
136.501373
169.674866
240.000000
1.000000
GRASS_SPROUT
135.729645
169.950806
30.000000
0.850000
GRASS_SPROUT
135.258392
165.114166
15.000000
1.100000
GRASS_SPROUT
137.203995
165.267380
45.000000
0.950000
GRASS_SPROUT
137.595062
167.191391
30.000000
1.000000
GRASS_SPROUT
136.813934
168.631561
120.000000
1.250000
GRASS_SPROUT
135.166519
166.683197
90.000000
0.900000
GRASS_SPROUT
135.849777
166.478622
15.000000
0.750000
GRASS_SPROUT
136.607544
166.844666
150.000000
0.800000
GRASS_SPROUT
135.678436
168.815125
135.000000
1.150000
GRASS_SPROUT
135.894699
167.496643
315.000000
1.250000
GRASS_SPROUT
136.026581
165.772598
15.000000
0.900000
GRASS_SPROUT
138.532043
168.167358
255.000000
1.100000
GRASS_SPROUT
138.858627
169.000488
270.000000
0.800000
GRASS_SPROUT
138.275421
169.558472
225.000000
0.750000
GRASS_SPROUT
137.404526
169.922211
345.000000
1.050000
GRASS_SPROUT
139.951660
166.620804
120.000000
0.750000
GRASS_SPROUT
140.749084
166.390198
330.000000
0.950000
GRASS_SPROUT
140.096039
167.396622
315.000000
0.800000
GRASS_SPROUT
139.526215
168.248291
270.000000
0.950000
GRASS_SPROUT
140.657852
168.015167
195.000000
1.200000
GRASS_SPROUT
139.878510
169.179062
45.000000
1.200000
GRASS_SPROUT
139.783661
165.859421
330.000000
1.050000
GRASS_SPROUT
140.964905
165.488953
165.000000
1.000000
GRASS_SPROUT
139.241821
165.058746
300.000000
1.100000