TILE
25
27
FIELD_GRASS
0
GRASS_SPROUT
147.249603
160.072327
135.000000
1.200000
GRASS_SPROUT
147.918015
159.334396
105.000000
1.250000
GRASS_SPROUT
149.277664
159.348022
105.000000
1.250000
GRASS_SPROUT
152.090454
162.344299
330.000000
1.150000
GRASS_SPROUT
151.180298
162.200592
150.000000
1.050000
GRASS_SPROUT
150.227097
162.200592
150.000000
1.150000
GRASS_SPROUT
149.144318
162.164413
30.000000
0.850000
GRASS_SPROUT
148.320709
162.200592
270.000000
0.950000
GRASS_SPROUT
147.474243
162.451019
330.000000
1.150000
GRASS_SPROUT
152.682541
159.503342
345.000000
0.850000
GRASS_SPROUT
151.430038
159.979065
60.000000
1.150000
GRASS_SPROUT
148.343216
160.513794
210.000000
1.250000
GRASS_SPROUT
149.191101
160.244217
195.000000
0.750000
GRASS_SPROUT
150.155716
160.411118
240.000000
1.150000
GRASS_SPROUT
150.908722
160.721771
45.000000
0.850000
GRASS_SPROUT
148.755005
161.418900
165.000000
1.200000
GRASS_SPROUT
151.971619
160.958267
90.000000
0.750000