TILE
20
22
FIELD_GRASS
0
PINE TREE 2
117.085121
131.207458
315.000000
0.900000
GRASS_SPROUT
117.236710
129.840225
345.000000
1.150000
GRASS_SPROUT
118.214401
129.949982
240.000000
0.850000
GRASS_SPROUT
118.697517
130.451797
165.000000
0.800000
GRASS_SPROUT
119.623932
130.064087
180.000000
1.200000
GRASS_SPROUT
120.562195
130.328308
315.000000
1.000000
GRASS_SPROUT
121.404457
131.008957
195.000000
0.800000
GRASS_SPROUT
121.870888
131.834839
210.000000
0.800000
GRASS_SPROUT
122.203392
132.638077
255.000000
0.850000
GRASS_SPROUT
122.515923
133.896698
15.000000
1.150000
GRASS_SPROUT
117.044090
132.468872
60.000000
0.850000
GRASS_SPROUT
117.776733
133.104019
285.000000
1.200000
GRASS_SPROUT
118.390961
134.037399
180.000000
1.050000
GRASS_SPROUT
119.113312
131.272598
75.000000
1.200000
GRASS_SPROUT
118.698402
132.264191
75.000000
1.150000
GRASS_SPROUT
119.730606
132.180725
150.000000
1.150000
GRASS_SPROUT
119.976357
133.419662
270.000000
0.850000
GRASS_SPROUT
120.606552
134.016312
225.000000
1.000000
GRASS_SPROUT
121.590126
134.016312
330.000000
1.100000
GRASS_SPROUT
122.534134
131.581924
240.000000
0.800000
GRASS_SPROUT
120.139252
131.317215
315.000000
1.200000
GRASS_SPROUT
120.565369
132.714279
15.000000
1.000000
GRASS_SPROUT
121.001572
134.955978
150.000000
1.050000
GRASS_SPROUT
117.100990
134.305008
270.000000
1.050000
GRASS_SPROUT
119.144867
134.961044
60.000000
0.850000