TILE
20
26
FIELD_GRASS
0
GRASS_SPROUT
122.235313
156.329605
345.000000
0.750000
GRASS_SPROUT
121.630379
156.465408
105.000000
0.750000
GRASS_SPROUT
120.986092
156.659912
270.000000
0.750000
GRASS_SPROUT
120.119583
156.934204
30.000000
1.100000
GRASS_SPROUT
119.237259
157.203568
165.000000
0.950000
GRASS_SPROUT
118.429756
157.595200
120.000000
1.200000
GRASS_SPROUT
118.191902
158.596588
75.000000
1.100000
GRASS_SPROUT
117.019890
153.511948
345.000000
1.000000
GRASS_SPROUT
122.430252
155.259979
315.000000
0.850000
GRASS_SPROUT
120.918877
155.638489
195.000000
1.100000
GRASS_SPROUT
120.082695
155.808975
195.000000
0.900000
GRASS_SPROUT
119.023605
155.837723
315.000000
1.150000
GRASS_SPROUT
119.397827
154.685135
165.000000
0.850000
GRASS_SPROUT
119.939964
154.079681
270.000000
0.800000
GRASS_SPROUT
120.544273
153.511093
240.000000
1.250000
GRASS_SPROUT
122.111282
153.950592
345.000000
0.750000
GRASS_SPROUT
121.922920
154.625671
90.000000
0.950000
GRASS_SPROUT
120.745453
154.873459
120.000000
0.750000
GRASS_SPROUT
118.454285
153.683594
180.000000
1.050000
GRASS_SPROUT
117.664398
154.115173
135.000000
0.950000
GRASS_SPROUT
117.349113
157.083328
270.000000
1.050000
GRASS_SPROUT
118.016075
156.239426
165.000000
1.000000
GRASS_SPROUT
117.202316
155.343765
0.000000
1.150000
GRASS_SPROUT
117.164177
157.862381
345.000000
0.950000
GRASS_SPROUT
118.574524
154.982544
225.000000
1.000000