TILE
22
23
FIELD_GRASS
0
GRASS_SPROUT
134.203400
135.915848
330.000000
1.000000
GRASS_SPROUT
133.920319
136.723953
270.000000
0.850000
GRASS_SPROUT
133.721558
137.557556
270.000000
0.750000
GRASS_SPROUT
133.585205
138.502319
75.000000
1.150000
GRASS_SPROUT
133.191162
139.487076
90.000000
1.050000
GRASS_SPROUT
132.637833
140.454315
270.000000
1.150000
GRASS_SPROUT
134.943756
140.876358
195.000000
1.050000
GRASS_SPROUT
134.255920
140.241333
240.000000
0.850000
GRASS_SPROUT
134.143341
139.541519
0.000000
0.800000
GRASS_SPROUT
134.882111
137.187164
255.000000
1.200000
GRASS_SPROUT
134.579224
138.513062
150.000000
0.950000