TILE
23
27
FIELD_GRASS
0
GRASS_SPROUT
135.091949
162.727356
195.000000
1.250000
GRASS_SPROUT
135.550674
161.940094
0.000000
1.000000
GRASS_SPROUT
135.871094
161.171417
195.000000
1.000000
GRASS_SPROUT
136.034821
160.003250
210.000000
1.050000
GRASS_SPROUT
136.066788
159.106934
330.000000
0.900000
GRASS_SPROUT
139.195007
159.724457
90.000000
0.950000
GRASS_SPROUT
139.312027
160.543823
225.000000
1.050000
GRASS_SPROUT
139.547836
161.385773
345.000000
1.100000
GRASS_SPROUT
140.095413
162.175018
195.000000
1.100000
GRASS_SPROUT
140.677048
162.727356
120.000000
0.900000
GRASS_SPROUT
136.255478
164.401932
105.000000
1.200000
GRASS_SPROUT
140.295837
164.770859
105.000000
0.900000
GRASS_SPROUT
140.172745
163.811249
15.000000
1.200000
GRASS_SPROUT
138.914658
164.207687
195.000000
0.950000
GRASS_SPROUT
138.267288
163.804520
345.000000
0.800000
GRASS_SPROUT
137.368805
163.618149
315.000000
1.100000
GRASS_SPROUT
136.236298
163.060501
105.000000
1.050000
GRASS_SPROUT
136.571671
161.877579
75.000000
0.950000
GRASS_SPROUT
135.306061
163.627747
330.000000
1.050000
GRASS_SPROUT
138.760910
162.923752
45.000000
1.250000
GRASS_SPROUT
138.385361
164.654236
210.000000
0.750000
GRASS_SPROUT
137.762436
162.780853
120.000000
1.100000
GRASS_SPROUT
137.079239
161.193436
105.000000
0.800000
GRASS_SPROUT
137.187637
160.275070
195.000000
1.050000
GRASS_SPROUT
137.299149
159.228134
300.000000
1.100000
GRASS_SPROUT
137.821655
161.335114
180.000000
0.800000
GRASS_SPROUT
138.392883
160.269073
135.000000
1.000000
GRASS_SPROUT
138.522125
161.112152
240.000000
0.800000
GRASS_SPROUT
138.447281
161.928802
0.000000
0.900000
GRASS_SPROUT
138.263458
159.140488
120.000000
0.750000