TILE
46
11
FIELD_GRASS
0
GRASS_SPROUT
278.477356
64.224655
45.000000
1.250000
GRASS_SPROUT
277.757874
63.506069
255.000000
1.150000
GRASS_SPROUT
276.580841
63.786861
150.000000
1.050000
GRASS_SPROUT
275.653931
63.500782
15.000000
0.800000
GRASS_SPROUT
274.727234
63.242245
150.000000
0.900000
GRASS_SPROUT
273.914673
63.015553
120.000000
0.950000
GRASS_SPROUT
277.071747
64.436630
75.000000
0.850000
GRASS_SPROUT
277.483978
64.969337
255.000000
0.800000
GRASS_SPROUT
278.157013
65.415367
195.000000
0.950000
GRASS_SPROUT
278.901917
65.910660
90.000000
1.100000
GRASS_SPROUT
274.980377
63.989288
285.000000
1.050000
GRASS_SPROUT
275.802551
64.213646
285.000000
0.950000