TILE
5
96
FIELD_SAND
4
GRASS_SPROUT
27.198158
578.810669
165.000000
1.150000
GRASS_SPROUT
28.295540
578.810669
195.000000
0.750000
GRASS_SPROUT
29.253098
578.810669
300.000000
1.000000
GRASS_SPROUT
30.251781
578.810669
300.000000
1.100000
GRASS_SPROUT
31.333210
578.810669
75.000000
0.950000
GRASS_SPROUT
32.378517
578.810669
315.000000
0.950000
GRASS_SPROUT
31.698425
573.466553
15.000000
1.150000
GRASS_SPROUT
31.698425
574.457214
270.000000
0.900000
GRASS_SPROUT
31.698425
575.145813
165.000000
0.750000
GRASS_SPROUT
31.698425
575.772156
270.000000
0.800000
GRASS_SPROUT
32.249702
576.195007
90.000000
0.850000