TILE
89
35
FIELD_GRASS
0
PINE TREE 2
536.542297
208.330688
60.000000
0.850000
PINE TREE 2
536.902344
209.985306
120.000000
1.150000
GRASS_SPROUT
534.655273
211.807098
195.000000
1.250000
GRASS_SPROUT
534.707153
210.755478
15.000000
1.200000
GRASS_SPROUT
534.956238
209.706345
315.000000
0.950000
GRASS_SPROUT
534.821228
208.958466
135.000000
0.850000
GRASS_SPROUT
534.715881
208.173187
270.000000
0.750000
GRASS_SPROUT
534.252502
207.475937
90.000000
1.000000
GRASS_SPROUT
535.474365
209.138397
120.000000
0.800000
GRASS_SPROUT
535.863220
210.801163
15.000000
1.050000
GRASS_SPROUT
535.889404
211.894211
150.000000
1.000000
GRASS_SPROUT
535.467224
208.376266
210.000000
1.050000