TILE
85
30
FIELD_GRASS
0
GRASS_SPROUT
507.895203
177.029755
0.000000
1.200000
GRASS_SPROUT
507.009979
180.225571
270.000000
1.050000
GRASS_SPROUT
508.139771
179.467499
165.000000
0.800000
GRASS_SPROUT
509.335022
178.923172
0.000000
0.950000
GRASS_SPROUT
510.142822
178.661026
165.000000
1.050000
GRASS_SPROUT
511.100891
178.470505
120.000000
0.950000
GRASS_SPROUT
511.971863
178.238174
0.000000
1.050000
GRASS_SPROUT
512.923523
178.041382
105.000000
1.200000
GRASS_SPROUT
511.141388
177.638916
0.000000
1.000000
GRASS_SPROUT
509.942993
177.720383
345.000000
1.250000
GRASS_SPROUT
508.715546
178.001678
210.000000
1.250000
GRASS_SPROUT
507.513428
178.277176
285.000000
1.050000
GRASS_SPROUT
508.333008
178.774017
45.000000
0.800000
GRASS_SPROUT
508.932098
179.713837
180.000000
1.050000