TILE
87
34
FIELD_GRASS
0
PINE TREE 2
524.839844
204.653702
150.000000
0.750000
PINE TREE 2
523.293762
204.653702
255.000000
1.100000
PINE TREE 2
521.141235
204.653702
15.000000
1.150000
PINE TREE 2
519.332397
204.653702
15.000000
1.100000
PINE TREE 2
523.408508
202.801422
60.000000
1.100000
PINE TREE 2
521.594849
202.801422
315.000000
1.000000
PINE TREE 2
519.829712
202.801422
210.000000
1.100000
GRASS_SPROUT
522.776550
201.523712
300.000000
0.750000
GRASS_SPROUT
521.968750
201.623642
60.000000
1.150000
GRASS_SPROUT
520.878479
201.855865
0.000000
0.950000
GRASS_SPROUT
520.160950
201.437363
285.000000
1.050000
GRASS_SPROUT
523.983032
205.822708
165.000000
1.250000
GRASS_SPROUT
522.551025
206.600266
300.000000
1.200000
GRASS_SPROUT
521.118713
206.814011
345.000000
0.950000
GRASS_SPROUT
520.098938
205.746170
165.000000
1.050000
GRASS_SPROUT
519.660706
206.700119
165.000000
1.000000
GRASS_SPROUT
523.755066
206.772125
30.000000
1.150000
GRASS_SPROUT
522.527527
205.661316
315.000000
0.900000
GRASS_SPROUT
519.131042
206.076843
210.000000
1.000000