TILE
82
31
FIELD_GRASS
0
PINE TREE 2
491.827179
188.590988
330.000000
1.200000
PINE TREE 2
490.839417
187.051636
135.000000
1.200000
PINE TREE 2
489.674164
185.602646
45.000000
1.250000
PINE TREE 2
493.302338
188.027161
0.000000
0.850000
PINE TREE 2
492.678650
186.286118
330.000000
1.250000
PINE TREE 2
492.205933
184.159058
0.000000
1.150000
PINE TREE 2
494.425354
184.232559
225.000000
1.200000
PINE TREE 2
494.783173
186.000854
345.000000
0.750000
GRASS_SPROUT
493.337708
183.536804
195.000000
0.800000
GRASS_SPROUT
490.745575
184.742081
105.000000
1.050000
GRASS_SPROUT
490.135254
183.784195
150.000000
1.150000
GRASS_SPROUT
494.374115
187.500565
45.000000
0.950000