TILE
84
30
FIELD_GRASS
0
PINE TREE 2
501.077759
179.336349
60.000000
1.050000
PINE TREE 2
501.803650
182.587051
300.000000
1.050000
PINE TREE 2
501.896851
180.982864
45.000000
1.050000
PINE TREE 2
502.425995
178.433502
285.000000
1.100000
GRASS_SPROUT
505.619781
177.209335
300.000000
1.150000
GRASS_SPROUT
506.056000
177.971161
225.000000
0.950000
GRASS_SPROUT
506.454041
178.666458
300.000000
0.800000
GRASS_SPROUT
506.841003
179.227219
255.000000
0.850000
GRASS_SPROUT
504.750458
177.415695
45.000000
0.750000
GRASS_SPROUT
504.988983
178.208160
330.000000
1.050000
GRASS_SPROUT
504.556915
179.165146
330.000000
1.250000
GRASS_SPROUT
503.786316
179.779922
150.000000
1.050000
GRASS_SPROUT
503.399475
177.714111
15.000000
0.750000
GRASS_SPROUT
504.263306
180.376755
180.000000
0.850000
GRASS_SPROUT
504.383698
181.082565
165.000000
0.800000
GRASS_SPROUT
504.383698
181.915466
225.000000
1.100000
GRASS_SPROUT
503.375305
182.172501
15.000000
1.150000
GRASS_SPROUT
503.151215
181.055557
225.000000
0.750000
GRASS_SPROUT
503.711548
178.465607
255.000000
1.100000
GRASS_SPROUT
502.907654
179.553177
135.000000
0.950000
GRASS_SPROUT
505.076660
180.711365
195.000000
0.850000
GRASS_SPROUT
505.929108
180.302490
15.000000
0.850000
GRASS_SPROUT
505.234375
181.615204
60.000000
1.150000
GRASS_SPROUT
506.940338
177.172256
75.000000
1.150000
GRASS_SPROUT
504.697205
182.817795
135.000000
1.250000