TILE
81
35
FIELD_GRASS
0
PINE TREE 2
483.250183
208.695633
315.000000
1.250000
PINE TREE 2
485.618164
208.695633
330.000000
1.200000
PINE TREE 2
487.938904
208.695633
45.000000
1.100000
PINE TREE 2
487.126709
210.233398
210.000000
1.200000
PINE TREE 2
483.151428
211.629105
315.000000
1.100000
PINE TREE 2
484.856567
212.114349
180.000000
1.200000
PINE TREE 2
487.370514
212.505981
270.000000
1.000000
PINE TREE 2
488.719574
211.507019
300.000000
0.950000
PINE TREE 2
485.360046
210.429153
285.000000
0.950000
PINE TREE 2
488.950897
209.874329
285.000000
0.900000