TILE
17
21
FIELD_GRASS
0
GRASS_SPROUT
101.194016
126.017410
285.000000
0.900000
GRASS_SPROUT
101.660263
127.035599
120.000000
1.250000
GRASS_SPROUT
102.391060
128.090561
0.000000
0.950000
GRASS_SPROUT
102.937248
128.928360
60.000000
0.900000
GRASS_SPROUT
99.684212
127.781250
330.000000
1.000000
GRASS_SPROUT
99.694588
126.967567
90.000000
0.900000
GRASS_SPROUT
99.477463
126.242661
105.000000
0.850000
GRASS_SPROUT
99.363968
124.719421
45.000000
0.900000
GRASS_SPROUT
100.241074
125.038506
285.000000
1.000000
GRASS_SPROUT
100.258224
126.242661
105.000000
0.750000
GRASS_SPROUT
99.040558
128.264099
285.000000
0.850000
GRASS_SPROUT
100.210785
128.684494
135.000000
0.850000
GRASS_SPROUT
100.801689
128.302872
30.000000
0.900000
GRASS_SPROUT
100.652184
127.129982
285.000000
1.250000
STREETLIGHT_FLIPPED
104.818153
123.209076
180.000000
1.300000