TILE
10
27
FIELD_GRASS
0
GRASS_SPROUT
62.095867
164.732697
90.000000
0.900000
GRASS_SPROUT
61.216446
164.614319
165.000000
1.050000
GRASS_SPROUT
60.298012
164.343475
255.000000
1.100000
GRASS_SPROUT
59.493294
163.686142
60.000000
1.250000
GRASS_SPROUT
59.006115
162.853729
225.000000
1.100000
GRASS_SPROUT
58.871437
161.998520
315.000000
1.000000
GRASS_SPROUT
59.321831
161.200470
60.000000
1.000000
GRASS_SPROUT
59.618137
160.351318
0.000000
0.800000
GRASS_SPROUT
59.530609
159.311768
45.000000
1.150000
GRASS_SPROUT
61.136913
160.073532
210.000000
1.150000
GRASS_SPROUT
60.880573
161.121719
15.000000
1.200000
GRASS_SPROUT
60.740707
162.281036
165.000000
0.950000
GRASS_SPROUT
61.516762
163.043335
75.000000
1.100000
GRASS_SPROUT
61.971947
163.904251
255.000000
0.950000
GRASS_SPROUT
62.519527
160.372406
105.000000
0.750000
GRASS_SPROUT
61.956711
162.001968
0.000000
1.200000
GRASS_SPROUT
60.436058
163.347015
60.000000
1.250000
GRASS_SPROUT
59.748730
162.109375
150.000000
1.000000
GRASS_SPROUT
61.867905
159.145172
315.000000
0.800000