TILE
16
26
FIELD_GRASS
0
PINE TREE 1
96.260849
158.207809
330.000000
1.250000
GRASS_SPROUT
93.628487
156.930313
0.000000
1.150000
GRASS_SPROUT
94.683640
156.415482
75.000000
0.950000
GRASS_SPROUT
95.834007
156.061417
15.000000
1.100000
GRASS_SPROUT
96.599174
155.513214
105.000000
0.750000
GRASS_SPROUT
97.368706
155.372833
330.000000
0.800000
GRASS_SPROUT
98.480774
155.278503
165.000000
1.200000
GRASS_SPROUT
93.785591
158.216614
120.000000
0.850000
GRASS_SPROUT
94.445099
158.385162
330.000000
0.800000
GRASS_SPROUT
97.637726
158.021576
150.000000
0.850000
GRASS_SPROUT
98.452705
157.921722
225.000000
0.950000
GRASS_SPROUT
98.637558
156.693253
300.000000
1.250000
GRASS_SPROUT
95.690918
157.044098
330.000000
0.750000
GRASS_SPROUT
95.081947
157.100647
225.000000
0.750000
GRASS_SPROUT
94.669907
157.655365
165.000000
0.850000