TILE
17
23
FIELD_GRASS
0
GRASS_SPROUT
103.090004
135.346390
150.000000
1.000000
GRASS_SPROUT
102.443825
136.284576
135.000000
1.050000
GRASS_SPROUT
101.855164
137.118591
210.000000
1.150000
GRASS_SPROUT
100.966316
138.052551
315.000000
1.250000
GRASS_SPROUT
99.887016
138.975174
165.000000
1.150000
GRASS_SPROUT
103.472237
136.315720
255.000000
1.250000
GRASS_SPROUT
102.786659
137.134644
285.000000
0.850000
GRASS_SPROUT
102.160156
137.856033
30.000000
0.800000
GRASS_SPROUT
101.702713
135.145721
300.000000
1.250000
GRASS_SPROUT
99.006088
138.416962
75.000000
1.100000
GRASS_SPROUT
99.948486
137.488571
240.000000
0.800000
GRASS_SPROUT
100.861755
136.621735
285.000000
1.050000
GRASS_SPROUT
101.416283
136.078552
270.000000
0.800000
GRASS_SPROUT
99.463631
135.658264
345.000000
1.100000