TILE
66
13
FIELD_GRASS
0
PINE TREE 1
398.273590
75.754028
90.000000
1.200000
PINE TREE 1
397.374512
77.959282
270.000000
1.250000
PINE TREE 1
396.366943
76.138588
345.000000
1.250000
PINE TREE 1
398.535553
79.277489
60.000000
0.950000
PINE TREE 1
397.916534
80.525803
120.000000
0.750000
PINE TREE 1
396.681610
79.670860
195.000000
1.200000
PINE TREE 1
393.613342
78.373856
330.000000
0.900000
PINE TREE 1
393.805145
77.155411
30.000000
0.850000
PINE TREE 1
393.934662
75.767586
0.000000
0.950000
PINE TREE 1
393.565491
80.483994
75.000000
1.050000
PINE TREE 1
395.306946
78.482941
150.000000
1.200000
PINE TREE 1
394.983002
76.776764
15.000000
0.900000