TILE
66
19
FIELD_GRASS
0
PINE TREE 1
398.006317
111.725792
225.000000
1.100000
PINE TREE 1
397.905365
114.945099
120.000000
1.250000
PINE TREE 1
396.069733
114.937798
15.000000
0.950000
PINE TREE 1
394.758759
115.092857
180.000000
0.900000
PINE TREE 1
393.187439
115.817123
120.000000
1.200000
PINE TREE 1
398.984528
116.260216
60.000000
0.850000
PINE TREE 1
396.209808
112.348862
0.000000
1.250000
PINE TREE 1
394.357788
112.058807
255.000000
1.250000
PINE TREE 1
393.002899
111.201309
150.000000
1.000000
PINE TREE 1
393.583771
114.026016
15.000000
1.200000
PINE TREE 1
397.397583
113.196358
135.000000
0.800000
PINE TREE 1
395.342804
113.771416
0.000000
0.950000