TILE
63
12
FIELD_GRASS
0
PINE TREE 1
375.458984
69.752136
150.000000
1.200000
PINE TREE 1
376.241821
71.291237
270.000000
0.850000
PINE TREE 1
377.051666
72.430313
240.000000
0.800000
PINE TREE 1
377.917419
73.484123
30.000000
1.000000
PINE TREE 1
378.868744
74.548477
345.000000
0.900000
PINE TREE 1
375.026062
74.195305
0.000000
0.750000
PINE TREE 1
378.225098
72.136253
285.000000
0.900000
PINE TREE 1
376.674896
74.216476
45.000000
0.950000
GRASS_SPROUT
376.997742
70.566986
60.000000
0.950000
GRASS_SPROUT
377.081787
69.765633
300.000000
0.750000
GRASS_SPROUT
377.769440
71.121582
165.000000
1.150000
GRASS_SPROUT
378.131836
70.359352
30.000000
0.900000
GRASS_SPROUT
378.461151
69.737175
15.000000
0.850000