TILE
66
12
FIELD_GRASS
0
PINE TREE 1
398.273071
70.121201
150.000000
1.100000
PINE TREE 1
398.974091
71.708252
195.000000
1.250000
PINE TREE 1
398.089905
74.231125
240.000000
0.850000
PINE TREE 1
397.452942
72.666260
15.000000
1.000000
PINE TREE 1
397.022705
71.101028
90.000000
1.050000
PINE TREE 1
397.023560
69.430054
60.000000
0.750000
PINE TREE 1
395.043854
70.180199
30.000000
1.250000
PINE TREE 1
395.380951
71.638893
315.000000
0.850000
PINE TREE 1
395.686249
72.950775
135.000000
0.900000
PINE TREE 1
396.252686
74.078377
330.000000
0.800000
PINE TREE 1
393.539459
74.299095
255.000000
1.200000
PINE TREE 1
394.029449
72.639862
210.000000
1.050000
PINE TREE 1
395.026947
74.861115
150.000000
0.950000
GRASS_SPROUT
393.284149
69.356789
75.000000
1.000000
GRASS_SPROUT
393.279877
70.179634
180.000000
1.000000
GRASS_SPROUT
393.803253
70.677017
15.000000
0.750000
GRASS_SPROUT
393.423431
71.664909
255.000000
0.750000