TILE
65
12
FIELD_GRASS
0
GRASS_SPROUT
391.966522
69.812088
0.000000
1.200000
GRASS_SPROUT
392.009918
70.781090
45.000000
0.850000
GRASS_SPROUT
391.977203
71.744156
225.000000
1.000000
GRASS_SPROUT
391.773987
72.546402
270.000000
0.950000
GRASS_SPROUT
391.404419
73.296631
165.000000
0.900000
GRASS_SPROUT
391.026215
74.095497
345.000000
1.200000
GRASS_SPROUT
391.026215
74.990997
270.000000
0.900000
GRASS_SPROUT
390.055389
73.895370
105.000000
1.250000
GRASS_SPROUT
388.845276
74.213791
330.000000
1.150000
GRASS_SPROUT
388.013489
74.614525
75.000000
0.850000
GRASS_SPROUT
390.648010
72.834404
105.000000
1.050000
GRASS_SPROUT
391.158630
72.129486
30.000000
0.850000
GRASS_SPROUT
392.734253
72.266899
60.000000
1.250000
GRASS_SPROUT
391.256775
70.974800
315.000000
1.050000
GRASS_SPROUT
390.362274
71.969749
300.000000
1.100000
GRASS_SPROUT
389.819580
72.680313
285.000000
0.950000