TILE
61
15
FIELD_GRASS
0
GRASS_SPROUT
367.123383
87.630997
135.000000
1.250000
GRASS_SPROUT
366.353302
88.823395
105.000000
0.750000
GRASS_SPROUT
365.960571
89.331993
210.000000
0.800000
GRASS_SPROUT
365.576019
90.269127
300.000000
1.000000
GRASS_SPROUT
365.321350
91.607323
45.000000
0.950000
GRASS_SPROUT
365.258179
92.615273
135.000000
0.800000
GRASS_SPROUT
366.195282
90.780472
60.000000
1.000000
GRASS_SPROUT
365.954681
92.147728
195.000000
0.900000
GRASS_SPROUT
363.776611
87.869286
270.000000
1.050000
GRASS_SPROUT
364.613770
87.173775
255.000000
1.200000
GRASS_SPROUT
365.304718
88.274483
165.000000
1.000000
GRASS_SPROUT
363.444397
90.711052
240.000000
0.850000
GRASS_SPROUT
363.016785
92.274391
60.000000
0.850000
GRASS_SPROUT
364.247833
90.401825
45.000000
1.250000
GRASS_SPROUT
363.745483
92.208076
0.000000
0.750000
GRASS_SPROUT
366.315460
87.116264
345.000000
0.900000
GRASS_SPROUT
368.821289
87.363434
345.000000
0.800000
GRASS_SPROUT
368.757568
88.389099
30.000000
1.250000
GRASS_SPROUT
367.995941
92.173622
345.000000
1.200000
GRASS_SPROUT
367.996002
91.018074
315.000000
0.800000
GRASS_SPROUT
367.996033
90.197105
135.000000
0.800000
GRASS_SPROUT
368.103516
89.223007
345.000000
0.750000
GRASS_SPROUT
368.103516
87.042831
240.000000
1.100000
GRASS_SPROUT
367.095184
88.792221
45.000000
1.000000
GRASS_SPROUT
366.915161
89.619225
240.000000
0.750000
GRASS_SPROUT
366.906158
91.420677
270.000000
1.000000
GRASS_SPROUT
366.906158
92.246964
255.000000
0.900000