TILE
62
15
FIELD_GRASS
0
PINE TREE 1
372.197876
88.046257
240.000000
0.950000
PINE TREE 1
371.598358
89.545448
240.000000
0.950000
PINE TREE 1
371.174469
91.006454
90.000000
1.200000
PINE TREE 1
370.125214
88.120308
195.000000
1.000000
PINE TREE 1
369.147949
89.450623
75.000000
0.900000
PINE TREE 1
369.287964
91.025948
285.000000
0.900000
PINE TREE 1
369.320221
92.784195
60.000000
1.200000
GRASS_SPROUT
373.342194
92.629906
90.000000
0.850000
GRASS_SPROUT
371.881378
92.330688
345.000000
0.950000
GRASS_SPROUT
372.500732
91.750633
270.000000
1.150000
GRASS_SPROUT
373.140411
91.226624
240.000000
0.800000
GRASS_SPROUT
373.215851
90.378899
255.000000
1.050000
GRASS_SPROUT
373.090790
89.472023
180.000000
1.150000
GRASS_SPROUT
373.343170
88.111099
300.000000
0.850000
GRASS_SPROUT
374.125854
87.305481
240.000000
1.000000
GRASS_SPROUT
370.565002
92.193199
90.000000
1.200000