TILE
64
14
FIELD_GRASS
0
PINE TREE 1
386.051331
86.349663
45.000000
1.200000
PINE TREE 1
386.229797
82.935501
240.000000
1.150000
PINE TREE 1
385.116394
84.238991
300.000000
1.250000
PINE TREE 1
384.212952
85.732018
270.000000
1.150000
GRASS_SPROUT
382.401062
83.064888
15.000000
1.000000
GRASS_SPROUT
383.190430
82.725380
120.000000
0.950000
GRASS_SPROUT
383.985229
82.277153
135.000000
1.000000
GRASS_SPROUT
385.122040
81.710594
90.000000
0.850000
GRASS_SPROUT
385.922363
81.392487
330.000000
1.250000
GRASS_SPROUT
381.104156
82.332825
225.000000
1.250000
GRASS_SPROUT
382.267426
81.690872
270.000000
0.850000