TILE
65
17
FIELD_GRASS
0
PINE TREE 1
391.194641
104.049782
195.000000
1.250000
PINE TREE 1
390.496216
102.341171
270.000000
1.050000
PINE TREE 1
390.143982
100.482315
15.000000
1.150000
PINE TREE 1
391.805389
100.246521
285.000000
0.800000
PINE TREE 1
391.665039
101.614227
210.000000
0.750000
PINE TREE 1
387.541229
104.438118
150.000000
0.750000
PINE TREE 1
387.589142
102.948692
30.000000
0.750000
PINE TREE 1
387.615234
101.572487
90.000000
0.850000
PINE TREE 1
387.633575
100.029991
210.000000
1.150000
PINE TREE 1
389.022095
101.848267
225.000000
1.050000
PINE TREE 1
388.721954
103.309837
0.000000
0.900000