TILE
66
10
FIELD_GRASS
0
PINE TREE 1
397.907623
62.878834
315.000000
1.150000
PINE TREE 1
398.894501
61.170258
105.000000
1.100000
PINE TREE 1
393.525818
62.559864
210.000000
1.100000
PINE TREE 1
394.067352
60.788280
195.000000
1.000000
PINE TREE 1
394.802734
59.494061
285.000000
0.800000
PINE TREE 1
395.625946
58.351601
150.000000
1.050000
PINE TREE 1
397.980804
58.285839
195.000000
1.150000
PINE TREE 1
397.635803
60.113079
210.000000
1.100000
PINE TREE 1
395.416412
61.661152
120.000000
1.100000
PINE TREE 1
395.941528
60.313778
255.000000
0.900000
PINE TREE 1
394.022064
58.508324
135.000000
0.900000