TILE
61
16
FIELD_GRASS
0
GRASS_SPROUT
365.258179
93.602745
0.000000
1.100000
GRASS_SPROUT
365.258179
94.580360
195.000000
1.250000
GRASS_SPROUT
365.952362
93.014793
315.000000
0.850000
GRASS_SPROUT
363.387970
93.115486
285.000000
1.200000
GRASS_SPROUT
367.682526
93.974716
90.000000
0.950000
GRASS_SPROUT
367.304047
94.624405
120.000000
0.800000
GRASS_SPROUT
367.059418
95.273056
120.000000
0.750000
GRASS_SPROUT
367.027863
96.096588
135.000000
1.150000
GRASS_SPROUT
367.997314
93.150665
30.000000
0.800000
GRASS_SPROUT
366.906158
93.107048
30.000000
1.000000
GRASS_SPROUT
366.749237
93.951385
345.000000
1.050000
GRASS_SPROUT
366.454987
94.712631
90.000000
0.950000
GRASS_SPROUT
366.032501
95.495995
345.000000
0.750000
GRASS_SPROUT
365.531464
96.255783
210.000000
1.100000
GRASS_SPROUT
364.983124
96.981171
180.000000
1.050000
GRASS_SPROUT
364.376923
97.722885
240.000000
1.100000
GRASS_SPROUT
363.744171
98.452812
120.000000
1.200000
GRASS_SPROUT
368.009766
95.571350
300.000000
1.250000
GRASS_SPROUT
368.772919
94.951187
315.000000
1.000000
GRASS_SPROUT
366.892914
97.143265
345.000000
0.850000
GRASS_SPROUT
367.682556
96.934258
240.000000
0.800000
GRASS_SPROUT
365.663300
98.010178
270.000000
0.850000
GRASS_SPROUT
365.951263
97.348824
330.000000
0.900000
GRASS_SPROUT
368.498505
96.863808
165.000000
1.200000
GRASS_SPROUT
364.559723
95.282509
120.000000
0.800000
GRASS_SPROUT
363.737762
95.132820
330.000000
1.250000
GRASS_SPROUT
364.136475
94.347336
225.000000
0.900000
GRASS_SPROUT
363.406158
96.232170
240.000000
1.250000