TILE
64
11
FIELD_GRASS
0
GRASS_SPROUT
381.756592
63.585377
15.000000
0.900000
GRASS_SPROUT
382.632965
63.138588
90.000000
0.750000
GRASS_SPROUT
382.202087
66.103348
150.000000
0.800000
GRASS_SPROUT
383.341400
65.506683
195.000000
1.150000
GRASS_SPROUT
384.690735
65.147377
45.000000
0.750000
GRASS_SPROUT
385.752258
64.938202
90.000000
0.900000
GRASS_SPROUT
386.981384
64.779419
195.000000
1.200000
GRASS_SPROUT
383.351227
63.508102
0.000000
1.200000
GRASS_SPROUT
382.458099
64.240517
210.000000
1.200000
GRASS_SPROUT
381.154663
65.047211
195.000000
1.200000
GRASS_SPROUT
385.342377
63.308022
225.000000
1.200000
GRASS_SPROUT
384.615356
64.064087
240.000000
1.100000