TILE
64
18
FIELD_GRASS
0
PINE TREE 1
386.488190
110.956100
0.000000
1.200000
PINE TREE 1
383.188568
106.090401
0.000000
1.150000
PINE TREE 1
383.188568
107.944756
330.000000
1.100000
PINE TREE 1
383.188568
109.356277
75.000000
0.900000
PINE TREE 1
384.396912
110.217133
210.000000
0.900000
PINE TREE 1
385.081879
109.123848
330.000000
0.800000
PINE TREE 1
385.418243
107.753082
15.000000
1.200000
PINE TREE 1
385.418243
106.195618
195.000000
0.850000
PINE TREE 1
381.396118
107.384995
45.000000
0.750000
PINE TREE 1
381.307465
105.829063
285.000000
1.100000
PINE TREE 1
381.732483
108.817795
120.000000
1.200000