TILE
67
15
FIELD_GRASS
0
PINE TREE 1
404.729034
89.044159
255.000000
1.000000
PINE TREE 1
403.510437
90.442368
255.000000
1.100000
PINE TREE 1
402.155396
91.897629
240.000000
1.150000
PINE TREE 1
404.152893
87.584755
105.000000
1.150000
PINE TREE 1
400.042450
87.816696
45.000000
1.000000
PINE TREE 1
400.246948
89.264221
135.000000
0.750000
PINE TREE 1
400.438232
90.618210
30.000000
1.150000
PINE TREE 1
401.556610
88.360809
270.000000
1.000000
PINE TREE 1
402.911926
88.904442
150.000000
0.750000
PINE TREE 1
402.000732
89.965965
240.000000
1.150000
PINE TREE 1
399.005249
91.979004
345.000000
1.000000
GRASS_SPROUT
403.711639
92.576393
285.000000
1.000000
GRASS_SPROUT
403.798615
91.775665
30.000000
0.800000
GRASS_SPROUT
404.919586
90.116127
270.000000
0.900000
GRASS_SPROUT
404.676392
91.000198
315.000000
0.950000