TILE
65
11
FIELD_GRASS
0
GRASS_SPROUT
392.201050
63.275219
165.000000
1.200000
GRASS_SPROUT
388.162445
64.990761
345.000000
0.850000
GRASS_SPROUT
388.869568
65.095352
75.000000
0.800000
GRASS_SPROUT
389.846283
65.353729
240.000000
1.150000
GRASS_SPROUT
390.757507
65.956406
315.000000
1.200000
GRASS_SPROUT
391.570404
66.440628
300.000000
0.800000
GRASS_SPROUT
392.423035
66.676872
0.000000
0.800000
GRASS_SPROUT
391.347870
67.183426
165.000000
1.000000
GRASS_SPROUT
391.496033
67.975220
285.000000
0.950000
GRASS_SPROUT
391.694672
68.845123
75.000000
1.150000
GRASS_SPROUT
389.972809
63.273479
0.000000
0.950000
GRASS_SPROUT
389.375244
64.269203
165.000000
0.850000
GRASS_SPROUT
390.286591
64.141922
345.000000
0.950000
GRASS_SPROUT
391.170471
64.226631
330.000000
0.900000
GRASS_SPROUT
391.835480
64.713966
75.000000
0.800000
GRASS_SPROUT
392.470642
65.524704
150.000000
1.000000
GRASS_SPROUT
392.610596
64.482300
255.000000
1.050000
GRASS_SPROUT
387.135742
63.360901
210.000000
1.100000
GRASS_SPROUT
388.513184
63.081242
135.000000
0.850000
GRASS_SPROUT
388.565765
64.036629
120.000000
1.250000
GRASS_SPROUT
387.611359
64.131897
30.000000
0.850000
GRASS_SPROUT
392.549316
68.038918
165.000000
1.250000