TILE
65
10
FIELD_GRASS
0
PINE TREE 1
392.704376
60.587795
345.000000
0.950000
PINE TREE 1
390.952850
60.911846
135.000000
1.200000
PINE TREE 1
389.121063
61.068592
225.000000
0.850000
PINE TREE 1
387.699799
61.135166
300.000000
0.800000
PINE TREE 1
391.983276
59.200905
300.000000
1.250000
PINE TREE 1
390.083832
59.143471
300.000000
0.750000
PINE TREE 1
388.522400
59.061340
195.000000
1.000000
PINE TREE 1
387.284088
57.356449
120.000000
0.850000
PINE TREE 1
390.593597
57.167992
180.000000
1.000000
GRASS_SPROUT
388.615631
57.104256
45.000000
0.800000
GRASS_SPROUT
389.188141
57.788284
75.000000
1.150000
GRASS_SPROUT
391.929596
57.380936
225.000000
0.800000
GRASS_SPROUT
390.537476
58.179901
345.000000
0.750000
GRASS_SPROUT
387.058228
62.200985
315.000000
1.150000
GRASS_SPROUT
388.134338
62.200985
225.000000
1.050000
GRASS_SPROUT
389.137909
62.200985
240.000000
1.150000
GRASS_SPROUT
390.308441
62.345535
240.000000
1.250000
GRASS_SPROUT
391.430206
62.718002
225.000000
1.050000
GRASS_SPROUT
392.839874
61.645184
0.000000
0.850000