TILE
67
18
FIELD_GRASS
0
PINE TREE 1
402.465454
105.254166
240.000000
1.250000
PINE TREE 1
404.148895
105.950516
180.000000
1.150000
PINE TREE 1
399.886566
106.054108
180.000000
1.150000
PINE TREE 1
400.630035
107.612770
165.000000
1.200000
PINE TREE 1
402.352264
108.024513
75.000000
1.100000
PINE TREE 1
403.941650
108.264259
150.000000
0.900000
PINE TREE 1
401.738739
106.597481
285.000000
0.900000
PINE TREE 1
404.088470
109.703789
315.000000
1.150000
PINE TREE 1
399.730804
110.874664
270.000000
1.000000
PINE TREE 1
401.145172
109.520576
195.000000
1.200000
PINE TREE 1
399.664185
109.088120
105.000000
0.850000