TILE
63
14
FIELD_GRASS
0
PINE TREE 1
377.744812
81.388565
180.000000
1.250000
PINE TREE 1
376.260956
82.608582
285.000000
1.100000
PINE TREE 1
375.852234
84.391823
210.000000
1.200000
GRASS_SPROUT
379.082581
81.237236
165.000000
1.050000
GRASS_SPROUT
375.544342
86.066994
210.000000
0.800000
GRASS_SPROUT
376.356934
85.605026
300.000000
0.750000
GRASS_SPROUT
376.944214
85.240082
300.000000
0.850000
GRASS_SPROUT
377.875946
84.907249
330.000000
0.750000
GRASS_SPROUT
378.891266
84.695053
30.000000
1.050000
GRASS_SPROUT
379.728241
84.260681
135.000000
0.900000
GRASS_SPROUT
380.913635
83.721115
255.000000
1.100000
GRASS_SPROUT
377.863892
83.921867
15.000000
0.950000
GRASS_SPROUT
379.575806
83.219391
330.000000
0.950000
GRASS_SPROUT
378.765717
82.534569
300.000000
1.250000
GRASS_SPROUT
380.303833
81.604942
210.000000
0.800000