TILE
66
11
FIELD_GRASS
0
PINE TREE 1
398.228973
68.488373
60.000000
0.950000
PINE TREE 1
397.066956
68.143005
15.000000
0.750000
PINE TREE 1
397.092957
66.710945
240.000000
0.850000
PINE TREE 1
397.214966
64.768387
240.000000
1.200000
PINE TREE 1
395.711243
66.010086
90.000000
1.250000
PINE TREE 1
395.646362
68.440178
285.000000
1.100000
PINE TREE 1
398.744232
64.514984
315.000000
0.800000
PINE TREE 1
395.377991
64.333099
195.000000
0.850000
PINE TREE 1
396.075867
63.077850
300.000000
1.000000
PINE TREE 1
394.072327
64.607903
195.000000
1.050000
GRASS_SPROUT
393.292755
67.273628
330.000000
0.850000
GRASS_SPROUT
393.307343
68.479080
210.000000
0.750000
GRASS_SPROUT
393.840424
68.846542
105.000000
0.850000
GRASS_SPROUT
393.775421
66.415894
315.000000
1.150000
GRASS_SPROUT
393.207977
65.322922
90.000000
0.900000
GRASS_SPROUT
394.213104
67.287750
255.000000
0.900000