TILE
67
13
FIELD_GRASS
0
PINE TREE 1
402.215149
75.728790
180.000000
0.900000
PINE TREE 1
403.211914
76.786835
315.000000
1.150000
PINE TREE 1
404.591095
78.212265
135.000000
0.950000
PINE TREE 1
401.028442
76.278999
60.000000
0.900000
PINE TREE 1
401.158447
77.611290
0.000000
0.850000
PINE TREE 1
402.173859
78.743355
225.000000
1.200000
PINE TREE 1
403.668732
79.773476
30.000000
1.250000
PINE TREE 1
399.332611
78.021423
120.000000
1.150000
PINE TREE 1
401.907501
80.673019
330.000000
1.250000
PINE TREE 1
404.976349
80.524406
210.000000
0.850000
PINE TREE 1
399.376801
80.799835
195.000000
0.900000
PINE TREE 1
400.526581
79.310036
135.000000
1.200000