TILE
67
16
FIELD_GRASS
0
PINE TREE 1
400.792328
93.311050
210.000000
1.200000
PINE TREE 1
399.371948
94.758499
45.000000
1.200000
GRASS_SPROUT
404.542755
97.077644
180.000000
1.000000
GRASS_SPROUT
403.956482
96.116104
120.000000
1.150000
GRASS_SPROUT
403.452850
95.001854
45.000000
0.800000
GRASS_SPROUT
403.316498
93.831657
240.000000
0.950000
GRASS_SPROUT
402.505280
95.284256
105.000000
0.900000
GRASS_SPROUT
404.089966
94.552589
30.000000
0.950000
GRASS_SPROUT
404.351440
95.233528
345.000000
0.850000
GRASS_SPROUT
404.349121
93.538750
15.000000
1.200000
GRASS_SPROUT
404.846863
96.084312
285.000000
1.050000
GRASS_SPROUT
399.860107
96.733925
135.000000
1.200000
GRASS_SPROUT
400.595886
95.445717
180.000000
0.900000
GRASS_SPROUT
402.188751
93.157631
150.000000
0.750000
GRASS_SPROUT
402.066406
93.971130
255.000000
0.800000
GRASS_SPROUT
401.768768
94.786491
30.000000
0.800000
GRASS_SPROUT
401.116974
96.342262
30.000000
1.100000
GRASS_SPROUT
400.276093
97.954491
195.000000
0.950000
GRASS_SPROUT
399.411896
98.272881
270.000000
1.150000
GRASS_SPROUT
402.357727
98.736572
0.000000
0.900000
GRASS_SPROUT
402.616943
97.044113
315.000000
0.750000
GRASS_SPROUT
402.709961
96.276016
210.000000
1.150000
GRASS_SPROUT
403.524628
98.268257
30.000000
0.900000
GRASS_SPROUT
402.282928
98.017899
180.000000
0.800000
GRASS_SPROUT
404.398682
98.647141
270.000000
1.150000