TILE
64
16
FIELD_GRASS
0
PINE TREE 1
382.527161
94.135811
255.000000
0.800000
PINE TREE 1
382.451111
95.666344
270.000000
1.200000
PINE TREE 1
382.397919
97.563416
195.000000
1.200000
PINE TREE 1
385.423218
93.925308
240.000000
1.250000
PINE TREE 1
384.573975
95.436440
105.000000
1.100000
PINE TREE 1
384.573975
96.936195
285.000000
0.750000
PINE TREE 1
384.573975
98.070091
195.000000
0.750000
PINE TREE 1
385.925171
96.258926
315.000000
1.000000
PINE TREE 1
386.001526
97.991501
270.000000
1.100000