TILE
66
18
FIELD_GRASS
0
PINE TREE 1
397.257355
106.014572
225.000000
1.150000
PINE TREE 1
398.438690
107.110352
30.000000
1.150000
PINE TREE 1
398.033813
110.133804
75.000000
1.150000
PINE TREE 1
396.478516
109.070244
330.000000
1.150000
PINE TREE 1
395.371765
108.164650
315.000000
0.850000
PINE TREE 1
393.994354
106.929619
165.000000
1.250000
PINE TREE 1
395.581390
106.213951
30.000000
1.200000
PINE TREE 1
396.599091
107.569778
105.000000
1.000000
PINE TREE 1
393.093231
109.462875
60.000000
1.200000
PINE TREE 1
393.060059
107.972435
315.000000
0.750000
PINE TREE 1
395.225159
110.695534
255.000000
1.050000