TILE
62
14
FIELD_GRASS
0
PINE TREE 1
374.951599
83.139664
345.000000
0.850000
PINE TREE 1
373.621033
83.443100
60.000000
0.950000
PINE TREE 1
371.857941
83.655922
195.000000
1.200000
PINE TREE 1
374.816498
81.748207
90.000000
1.100000
PINE TREE 1
374.103424
85.551804
210.000000
1.150000
PINE TREE 1
373.037415
86.959709
330.000000
1.000000
PINE TREE 1
371.184509
85.654915
45.000000
0.800000
PINE TREE 1
370.392029
86.730186
135.000000
1.000000
PINE TREE 1
372.559723
85.051117
90.000000
1.000000
GRASS_SPROUT
372.279724
81.169579
105.000000
1.250000
GRASS_SPROUT
371.531952
81.993851
105.000000
1.200000
GRASS_SPROUT
370.874146
82.667519
75.000000
1.050000
GRASS_SPROUT
370.262360
83.357857
195.000000
1.100000
GRASS_SPROUT
371.101593
81.153481
180.000000
1.100000
GRASS_SPROUT
370.001068
84.315361
45.000000
0.950000
GRASS_SPROUT
370.001068
85.284615
345.000000
1.250000
GRASS_SPROUT
369.268372
81.141945
255.000000
0.750000
GRASS_SPROUT
369.318115
83.745621
75.000000
1.250000
GRASS_SPROUT
369.167450
85.600708
225.000000
0.850000
GRASS_SPROUT
374.800507
86.701591
60.000000
0.900000