TILE
69
18
FIELD_GRASS
0
PINE TREE 1
411.875275
106.665222
210.000000
0.950000
PINE TREE 1
413.272461
106.986832
45.000000
1.000000
PINE TREE 1
414.484711
107.572861
45.000000
0.800000
PINE TREE 1
415.678680
108.370178
210.000000
0.900000
PINE TREE 1
416.593353
109.271820
60.000000
0.900000
PINE TREE 1
411.928040
108.615562
90.000000
1.100000
PINE TREE 1
413.295837
108.631737
75.000000
0.850000
PINE TREE 1
414.149200
110.413834
75.000000
0.850000
PINE TREE 1
412.171326
110.365799
120.000000
1.200000
GRASS_SPROUT
411.228851
105.464531
30.000000
0.800000
GRASS_SPROUT
416.344666
105.466545
30.000000
0.900000
GRASS_SPROUT
415.733307
106.505669
285.000000
1.250000
GRASS_SPROUT
414.896484
106.386711
345.000000
0.800000
GRASS_SPROUT
415.430206
105.585129
270.000000
1.050000
GRASS_SPROUT
414.580841
109.586685
150.000000
0.750000
GRASS_SPROUT
414.593750
108.781364
300.000000
1.250000