TILE
35
72
FIELD_GRASS
0
PINE TREE 2
209.208817
433.420746
210.000000
1.150000
PINE TREE 2
210.406708
434.280304
255.000000
0.800000
GRASS_SPROUT
210.439514
432.892090
120.000000
1.150000
GRASS_SPROUT
211.395508
432.619049
75.000000
0.950000
GRASS_SPROUT
212.374985
432.282318
135.000000
1.250000
GRASS_SPROUT
212.180954
433.882935
300.000000
0.900000
GRASS_SPROUT
207.222977
433.928772
285.000000
1.250000
GRASS_SPROUT
209.230850
434.808472
285.000000
1.000000
GRASS_SPROUT
207.707550
432.961334
315.000000
1.250000