TILE
34
75
FIELD_GRASS
0
PINE TREE 2
201.582932
447.280762
150.000000
1.250000
PINE TREE 2
205.972183
447.142242
180.000000
1.150000
PINE TREE 2
206.806961
450.606323
75.000000
1.100000
PINE TREE 2
204.998108
451.154602
30.000000
1.150000
PINE TREE 2
203.880234
449.602356
210.000000
0.950000
PINE TREE 2
202.023972
450.534393
240.000000
1.100000
PINE TREE 2
201.402939
452.576996
75.000000
1.250000
PINE TREE 2
203.040726
452.775238
285.000000
0.750000
PINE TREE 2
204.736389
452.864838
195.000000
1.150000
PINE TREE 2
203.364380
448.141846
225.000000
1.100000
PINE TREE 2
204.957306
448.526093
135.000000
0.750000
PINE TREE 2
206.411652
448.867462
270.000000
1.100000