TILE
33
73
FIELD_GRASS
0
PINE TREE 2
195.722534
440.376343
120.000000
1.200000
PINE TREE 2
196.546921
438.646240
195.000000
1.100000
PINE TREE 2
197.686264
437.065430
315.000000
0.950000
PINE TREE 2
198.963776
435.560822
90.000000
1.250000
PINE TREE 2
199.357208
437.768677
315.000000
1.250000
PINE TREE 2
200.135345
439.996857
270.000000
0.950000
PINE TREE 2
198.126144
440.565308
225.000000
1.200000
GRASS_SPROUT
197.439560
435.324524
0.000000
0.800000
GRASS_SPROUT
196.906326
435.703583
135.000000
0.750000
GRASS_SPROUT
196.006287
435.765564
255.000000
1.000000
GRASS_SPROUT
196.065521
437.464905
225.000000
1.050000
GRASS_SPROUT
195.257294
436.986237
45.000000
1.200000