TILE
31
75
FIELD_GRASS
0
GRASS_SPROUT
183.466415
449.632416
180.000000
0.800000
GRASS_SPROUT
184.353378
449.942261
45.000000
1.250000
GRASS_SPROUT
185.272018
450.268066
75.000000
0.850000
GRASS_SPROUT
186.081772
450.512024
195.000000
0.800000
GRASS_SPROUT
186.960266
450.679443
330.000000
1.150000
GRASS_SPROUT
187.967087
450.797394
345.000000
1.150000
GRASS_SPROUT
188.849625
450.937164
90.000000
1.050000
GRASS_SPROUT
183.633163
451.559937
225.000000
1.150000
GRASS_SPROUT
184.759018
451.982697
255.000000
1.150000
GRASS_SPROUT
185.881866
452.137085
330.000000
1.100000
GRASS_SPROUT
186.977997
452.253265
0.000000
1.150000
GRASS_SPROUT
188.133194
452.291656
45.000000
1.200000
GRASS_SPROUT
184.769592
450.980804
30.000000
1.250000
GRASS_SPROUT
185.851028
451.211121
270.000000
1.000000
GRASS_SPROUT
183.190933
452.582153
345.000000
1.000000