TILE
39
71
FIELD_GRASS
0
PINE TREE 2
231.115021
425.463928
345.000000
0.950000
PINE TREE 2
232.795837
424.479462
135.000000
0.750000
PINE TREE 2
235.164017
423.346069
0.000000
0.900000
PINE TREE 2
236.812042
423.317017
285.000000
1.200000
PINE TREE 2
234.419052
424.354401
330.000000
0.750000
PINE TREE 2
236.993134
425.323914
0.000000
1.150000
PINE TREE 2
232.278824
426.179657
60.000000
0.750000
PINE TREE 2
233.584442
426.999847
255.000000
1.150000
PINE TREE 2
235.807007
426.777405
300.000000
1.250000
PINE TREE 2
232.119370
428.044403
270.000000
0.950000
PINE TREE 2
234.857605
428.807343
270.000000
0.900000
PINE TREE 2
236.216476
428.273834
345.000000
0.800000