TILE
31
73
FIELD_GRASS
0
GRASS_SPROUT
188.516846
436.070862
135.000000
0.850000
GRASS_SPROUT
187.020737
435.827301
225.000000
1.000000
GRASS_SPROUT
185.779999
435.492493
255.000000
0.950000
GRASS_SPROUT
184.674774
435.064667
0.000000
1.150000
GRASS_SPROUT
183.030121
436.200897
240.000000
0.800000
GRASS_SPROUT
183.604462
436.916077
180.000000
1.150000
GRASS_SPROUT
184.997559
436.985413
180.000000
1.000000
GRASS_SPROUT
186.063293
436.985413
330.000000
1.150000
GRASS_SPROUT
187.116699
436.985413
345.000000
0.750000
GRASS_SPROUT
188.186722
436.985382
120.000000
0.900000
GRASS_SPROUT
183.863724
436.017059
285.000000
0.750000
GRASS_SPROUT
184.494308
436.017059
135.000000
0.800000