TILE
47
76
FIELD_GRASS
0
PINE TREE 1
284.937683
455.041901
300.000000
1.250000
PINE TREE 1
284.535187
456.730469
15.000000
1.050000
PINE TREE 1
284.320251
458.376434
90.000000
1.200000
PINE TREE 1
281.507324
457.083466
60.000000
1.100000
PINE TREE 1
282.424896
454.898804
330.000000
1.100000
PINE TREE 1
283.084198
453.625671
150.000000
0.850000
PINE TREE 1
283.106232
456.539581
60.000000
1.000000
PINE TREE 1
279.565521
458.194550
75.000000
1.150000
PINE TREE 1
279.182922
453.788422
210.000000
0.750000
PINE TREE 1
280.843750
455.467102
150.000000
1.250000