TILE
46
76
FIELD_GRASS
0
PINE TREE 1
278.197083
458.760712
240.000000
0.750000
PINE TREE 1
276.726685
458.809723
45.000000
1.000000
PINE TREE 1
277.517273
457.563263
15.000000
1.100000
PINE TREE 1
278.357910
455.986115
225.000000
0.850000
PINE TREE 1
278.842468
454.863007
285.000000
0.800000
PINE TREE 1
275.715149
454.800629
105.000000
1.250000
PINE TREE 1
274.678070
456.399078
120.000000
1.050000
PINE TREE 1
274.151123
457.735687
60.000000
0.750000
PINE TREE 1
273.922363
454.614410
15.000000
0.900000