TILE
44
79
FIELD_GRASS
0
GRASS_SPROUT
266.478546
475.028229
105.000000
1.050000
GRASS_SPROUT
265.311676
475.191162
105.000000
1.100000
GRASS_SPROUT
264.158569
475.231567
225.000000
0.850000
GRASS_SPROUT
262.961914
475.028229
240.000000
0.950000
GRASS_SPROUT
262.105988
474.738312
105.000000
0.800000
GRASS_SPROUT
261.399506
474.270020
270.000000
0.750000
GRASS_SPROUT
261.332825
475.751312
285.000000
1.250000
GRASS_SPROUT
261.822449
476.499207
225.000000
0.850000
GRASS_SPROUT
264.765442
476.345215
30.000000
1.200000
GRASS_SPROUT
263.502625
475.912292
225.000000
0.800000
GRASS_SPROUT
262.558044
475.751312
165.000000
0.850000
GRASS_SPROUT
265.816193
475.832031
30.000000
0.900000
GRASS_SPROUT
266.547394
475.912292
45.000000
0.850000