TILE
46
71
FIELD_GRASS
0
PINE TREE 2
273.519135
423.455811
195.000000
1.100000
PINE TREE 2
278.499603
423.214203
315.000000
1.000000
PINE TREE 2
274.540588
425.013824
90.000000
0.950000
PINE TREE 2
276.846863
425.222870
165.000000
1.050000
PINE TREE 2
278.622986
424.739319
225.000000
0.800000
PINE TREE 2
278.319580
426.169220
60.000000
0.950000
PINE TREE 2
275.172211
426.359436
300.000000
1.000000
PINE TREE 2
277.163330
428.625183
225.000000
1.050000
PINE TREE 2
275.495270
428.962494
15.000000
1.150000
PINE TREE 2
276.757019
427.157776
60.000000
0.950000
PINE TREE 2
273.524841
426.664978
60.000000
0.950000