TILE
40
70
FIELD_GRASS
0
PINE TREE 2
242.450195
422.268402
30.000000
1.150000
PINE TREE 2
242.439438
419.340729
330.000000
1.250000
PINE TREE 2
242.706238
417.568878
120.000000
1.000000
PINE TREE 2
241.050278
418.130829
0.000000
1.200000
PINE TREE 2
238.767960
417.525909
315.000000
1.000000
PINE TREE 2
239.173889
419.019958
195.000000
0.800000
PINE TREE 2
239.375183
420.476868
225.000000
1.150000
PINE TREE 2
241.102631
421.160126
120.000000
1.100000
PINE TREE 2
237.871231
421.336975
345.000000
1.150000
PINE TREE 2
237.988358
419.629761
0.000000
0.950000