TILE
40
77
FIELD_GRASS
0
PINE TREE 1
242.193268
463.385803
180.000000
0.800000
PINE TREE 1
240.766296
463.540833
0.000000
1.200000
PINE TREE 1
238.825912
463.657745
270.000000
0.900000
PINE TREE 1
237.343826
463.707642
15.000000
1.000000
PINE TREE 1
242.834427
464.498779
300.000000
0.900000
PINE TREE 1
242.916245
461.512756
120.000000
1.200000
PINE TREE 1
241.021698
461.778656
300.000000
1.150000
PINE TREE 1
239.028046
461.844208
15.000000
1.250000
GRASS_SPROUT
237.655243
459.398438
345.000000
1.200000
GRASS_SPROUT
238.650940
459.426514
300.000000
0.900000
GRASS_SPROUT
239.430954
459.426514
150.000000
0.800000
GRASS_SPROUT
240.296143
459.370270
105.000000
1.100000
GRASS_SPROUT
241.198395
459.370270
255.000000
1.050000