TILE
42
71
FIELD_GRASS
0
GRASS_SPROUT
249.263580
426.764191
105.000000
1.050000
GRASS_SPROUT
249.523499
423.281342
315.000000
1.000000
GRASS_SPROUT
249.857224
427.982208
300.000000
1.200000
GRASS_SPROUT
250.783386
428.572052
45.000000
1.150000
GRASS_SPROUT
251.108109
427.647064
150.000000
1.000000
GRASS_SPROUT
252.098526
428.050934
180.000000
0.950000
GRASS_SPROUT
253.312393
428.588806
30.000000
1.050000
GRASS_SPROUT
254.255890
428.767456
225.000000
1.200000
GRASS_SPROUT
249.288666
425.673645
120.000000
1.150000
GRASS_SPROUT
250.700150
423.498718
165.000000
1.200000
GRASS_SPROUT
250.191223
424.895081
75.000000
1.050000
GRASS_SPROUT
252.807220
423.306519
225.000000
0.900000
GRASS_SPROUT
252.807892
424.156586
165.000000
1.100000
GRASS_SPROUT
252.945221
425.563171
180.000000
1.000000
GRASS_SPROUT
253.258453
426.600525
255.000000
1.200000
GRASS_SPROUT
253.520844
427.694794
285.000000
1.000000
GRASS_SPROUT
252.746033
427.294434
60.000000
0.950000
GRASS_SPROUT
252.210388
426.564941
210.000000
1.100000
GRASS_SPROUT
251.463776
425.753418
150.000000
1.150000
GRASS_SPROUT
251.090729
424.886902
90.000000
0.850000
GRASS_SPROUT
250.141632
426.633087
105.000000
1.000000
GRASS_SPROUT
251.484985
424.113007
180.000000
1.250000
GRASS_SPROUT
254.071167
427.065399
135.000000
0.950000
GRASS_SPROUT
254.468628
427.669006
60.000000
0.850000
GRASS_SPROUT
253.930283
425.853668
165.000000
1.200000
GRASS_SPROUT
253.604034
424.972412
105.000000
0.950000
GRASS_SPROUT
254.744446
426.348877
120.000000
1.050000