TILE
42
77
FIELD_GRASS
0
PINE TREE 1
252.724228
464.107117
135.000000
1.150000
PINE TREE 1
250.647903
464.197937
30.000000
1.050000
PINE TREE 1
249.169983
464.127747
120.000000
0.750000
PINE TREE 1
253.712677
460.917236
135.000000
1.100000
PINE TREE 1
252.083435
460.980408
210.000000
1.150000
PINE TREE 1
250.381927
460.963318
165.000000
0.950000
PINE TREE 1
249.010559
460.955994
120.000000
0.800000
PINE TREE 1
249.811874
462.190063
240.000000
0.950000
PINE TREE 1
251.787140
462.569916
60.000000
1.100000
PINE TREE 1
253.546539
462.632446
285.000000
1.150000
PINE TREE 1
254.904953
459.094696
300.000000
1.250000
PINE TREE 1
254.233658
464.841675
240.000000
0.800000