TILE
41
72
FIELD_GRASS
0
PINE TREE 2
248.846664
431.530090
255.000000
1.050000
PINE TREE 2
248.123245
429.611450
225.000000
1.200000
PINE TREE 2
246.381561
430.193512
150.000000
1.050000
PINE TREE 2
244.966461
429.656677
150.000000
0.850000
PINE TREE 2
243.588852
433.479584
240.000000
0.900000
PINE TREE 2
244.597641
431.448975
60.000000
0.950000
PINE TREE 2
245.152939
433.391785
135.000000
0.950000
PINE TREE 2
246.357834
433.964478
315.000000
0.800000
PINE TREE 2
244.050919
434.761841
255.000000
0.850000
PINE TREE 2
247.337997
432.845398
300.000000
1.100000
PINE TREE 2
246.068466
431.815918
75.000000
0.950000
PINE TREE 2
247.679749
434.249878
240.000000
0.750000
PINE TREE 2
248.987137
434.004303
105.000000
0.850000