TILE
47
71
FIELD_GRASS
0
PINE TREE 2
284.258331
425.198364
240.000000
0.850000
PINE TREE 2
283.529327
426.792236
30.000000
1.050000
PINE TREE 2
283.129517
428.621002
120.000000
1.250000
PINE TREE 2
282.112335
423.811310
300.000000
0.850000
PINE TREE 2
281.572845
425.300232
45.000000
0.850000
PINE TREE 2
279.989868
424.135468
195.000000
0.900000
PINE TREE 2
279.806793
426.863678
0.000000
1.150000
PINE TREE 2
281.398132
427.503082
150.000000
1.050000
PINE TREE 2
279.436981
428.913361
180.000000
1.250000
GRASS_SPROUT
284.385284
427.849731
45.000000
1.100000
GRASS_SPROUT
284.753174
427.115021
105.000000
0.800000