TILE
47
79
FIELD_GRASS
0
PINE TREE 1
280.697052
472.767426
240.000000
0.850000
PINE TREE 1
280.694855
474.144440
15.000000
1.100000
PINE TREE 1
280.693237
476.041809
165.000000
1.200000
PINE TREE 1
284.415344
476.337921
240.000000
0.800000
PINE TREE 1
283.434906
475.341583
0.000000
1.050000
PINE TREE 1
282.500275
474.117859
0.000000
0.850000
PINE TREE 1
279.331177
473.189331
75.000000
1.150000
PINE TREE 1
282.582214
476.300629
165.000000
0.700000
PINE TREE 1
279.749420
471.847046
300.000000
0.850000