TILE
48
75
FIELD_GRASS
0
PINE TREE 1
289.380676
447.775055
345.000000
1.000000
PINE TREE 1
289.345764
449.408447
75.000000
1.100000
PINE TREE 1
289.275879
451.043854
75.000000
1.150000
PINE TREE 1
287.685974
452.285370
75.000000
1.250000
PINE TREE 1
285.358368
449.502441
135.000000
1.200000
PINE TREE 1
286.097412
447.806793
90.000000
1.100000
PINE TREE 1
287.418152
447.175934
345.000000
0.950000
PINE TREE 1
287.447754
448.523560
255.000000
0.950000
PINE TREE 1
286.991638
449.882538
165.000000
0.900000
PINE TREE 1
285.628876
451.638794
225.000000
1.200000
GRASS_SPROUT
290.488892
451.570862
105.000000
0.900000
GRASS_SPROUT
290.459015
450.602814
285.000000
1.050000
GRASS_SPROUT
290.694305
449.830750
90.000000
0.750000
GRASS_SPROUT
289.472992
452.464325
45.000000
1.000000
GRASS_SPROUT
290.930084
448.654480
180.000000
1.150000
GRASS_SPROUT
290.637817
447.035950
345.000000
0.850000