TILE
48
71
FIELD_GRASS
0
PINE TREE 2
286.260986
423.511902
300.000000
0.750000
PINE TREE 2
285.201874
424.253387
120.000000
0.750000
GRASS_SPROUT
289.099304
426.051056
240.000000
1.100000
GRASS_SPROUT
288.917480
427.033508
75.000000
0.850000
GRASS_SPROUT
288.809814
427.901215
90.000000
1.200000
GRASS_SPROUT
288.648163
428.927460
120.000000
1.100000
GRASS_SPROUT
286.788452
428.890869
0.000000
1.250000
GRASS_SPROUT
286.914398
427.875946
225.000000
1.250000
GRASS_SPROUT
285.923431
427.958984
165.000000
1.100000
GRASS_SPROUT
286.535126
426.622742
285.000000
0.900000
GRASS_SPROUT
286.921570
425.774658
45.000000
0.950000
GRASS_SPROUT
285.839630
426.964539
60.000000
1.000000
GRASS_SPROUT
286.037537
426.070770
30.000000
0.850000
GRASS_SPROUT
286.642426
424.843506
165.000000
1.100000
GRASS_SPROUT
285.158020
426.196442
150.000000
0.750000
GRASS_SPROUT
286.020050
425.314301
90.000000
0.850000
GRASS_SPROUT
287.403107
424.288086
255.000000
1.050000
GRASS_SPROUT
287.751831
425.780731
270.000000
0.950000
GRASS_SPROUT
288.655548
425.204193
180.000000
1.200000
GRASS_SPROUT
289.425690
424.600616
195.000000
1.100000
GRASS_SPROUT
289.626251
423.764069
45.000000
0.950000
GRASS_SPROUT
287.732147
426.827301
315.000000
1.050000
GRASS_SPROUT
290.015564
425.506622
240.000000
1.050000
GRASS_SPROUT
290.036621
427.729370
195.000000
1.250000
GRASS_SPROUT
290.098724
426.517029
15.000000
1.250000