TILE
49
74
FIELD_GRASS
0
PINE TREE 2
296.745605
446.486938
225.000000
0.950000
GRASS_SPROUT
291.716003
441.606628
300.000000
0.800000
GRASS_SPROUT
291.716003
442.326294
225.000000
0.900000
GRASS_SPROUT
291.716003
443.475098
345.000000
0.750000
GRASS_SPROUT
291.716003
444.139984
240.000000
0.750000
GRASS_SPROUT
291.716003
445.273163
240.000000
1.150000
GRASS_SPROUT
291.716003
446.424744
15.000000
0.750000
GRASS_SPROUT
294.171356
441.343842
240.000000
0.850000
GRASS_SPROUT
292.871063
441.465820
345.000000
1.250000
GRASS_SPROUT
292.487823
442.976746
0.000000
1.100000
GRASS_SPROUT
293.318909
443.667572
165.000000
1.200000
GRASS_SPROUT
293.484894
445.010437
105.000000
1.000000
GRASS_SPROUT
293.493439
445.912231
345.000000
0.800000
GRASS_SPROUT
292.778290
445.021088
45.000000
0.750000
GRASS_SPROUT
292.586456
444.320648
315.000000
1.000000
GRASS_SPROUT
293.909882
442.319458
0.000000
1.200000
GRASS_SPROUT
295.379669
442.600098
75.000000
1.200000
GRASS_SPROUT
295.636047
443.774231
345.000000
1.100000
GRASS_SPROUT
295.669037
441.087524
150.000000
1.150000
GRASS_SPROUT
296.162811
441.982666
300.000000
0.950000
GRASS_SPROUT
296.819672
442.294647
300.000000
0.750000
GRASS_SPROUT
296.960999
441.280640
135.000000
0.800000
GRASS_SPROUT
295.810089
445.382324
120.000000
1.250000
GRASS_SPROUT
295.099945
446.409698
105.000000
1.200000
GRASS_SPROUT
295.067719
444.457275
195.000000
1.050000
GRASS_SPROUT
292.493774
446.047424
285.000000
1.250000