TILE
41
78
FIELD_GRASS
0
PINE TREE 1
247.261230
468.873627
165.000000
1.200000
PINE TREE 1
245.412811
469.323761
240.000000
1.050000
PINE TREE 1
244.002151
469.460785
90.000000
0.850000
PINE TREE 1
247.143982
467.364868
240.000000
0.950000
PINE TREE 1
248.412323
466.718872
210.000000
0.850000
PINE TREE 1
245.400604
467.730316
300.000000
1.100000
PINE TREE 1
243.701523
465.867188
105.000000
0.950000
PINE TREE 1
245.312820
465.797119
255.000000
1.250000
PINE TREE 1
246.941788
465.719421
225.000000
1.050000
PINE TREE 1
243.674118
467.900116
195.000000
1.150000
PINE TREE 1
246.182465
470.347260
195.000000
0.750000