TILE
85
94
FIELD_GRASS
0
GRASS_SPROUT
508.051758
563.875183
150.000000
1.150000
GRASS_SPROUT
509.240936
563.875183
180.000000
0.900000
GRASS_SPROUT
510.249146
563.966125
285.000000
0.850000
GRASS_SPROUT
511.563599
564.766052
105.000000
1.200000
GRASS_SPROUT
512.435059
565.450989
45.000000
0.750000
GRASS_SPROUT
507.884644
565.153381
180.000000
1.200000
GRASS_SPROUT
509.277832
564.987976
315.000000
1.000000
GRASS_SPROUT
510.431854
565.397766
165.000000
1.150000
GRASS_SPROUT
510.023895
566.740112
150.000000
1.000000
GRASS_SPROUT
507.542938
565.951294
300.000000
0.950000
GRASS_SPROUT
508.184204
566.593506
270.000000
1.200000
GRASS_SPROUT
507.151520
566.885071
90.000000
0.800000
GRASS_SPROUT
509.049530
566.066956
30.000000
1.250000
GRASS_SPROUT
511.214539
566.776489
315.000000
1.100000