TILE
85
95
FIELD_GRASS
0
GRASS_SPROUT
512.957397
568.595154
15.000000
0.800000
GRASS_SPROUT
512.164734
568.960754
285.000000
1.200000
GRASS_SPROUT
511.222382
569.255066
225.000000
0.900000
GRASS_SPROUT
510.273895
569.524719
300.000000
1.050000
GRASS_SPROUT
509.472626
569.752563
60.000000
0.950000
GRASS_SPROUT
507.958374
570.448242
150.000000
1.100000
GRASS_SPROUT
507.085938
570.807190
225.000000
0.900000
GRASS_SPROUT
508.730835
567.653748
270.000000
0.800000
GRASS_SPROUT
507.730621
568.053711
330.000000
0.900000
GRASS_SPROUT
510.065918
567.788513
105.000000
0.900000
GRASS_SPROUT
508.964417
568.440979
195.000000
1.250000
GRASS_SPROUT
512.130310
567.310181
345.000000
1.050000
GRASS_SPROUT
508.509613
569.560852
60.000000
1.050000
GRASS_SPROUT
507.259003
569.929749
240.000000
1.050000
GRASS_SPROUT
510.771973
567.888672
90.000000
0.750000
GRASS_SPROUT
510.374939
568.541077
270.000000
1.100000
GRASS_SPROUT
508.162231
571.421204
180.000000
1.050000
GRASS_SPROUT
508.162231
572.276001
270.000000
0.950000
GRASS_SPROUT
509.063782
572.824097
60.000000
1.050000
GRASS_SPROUT
509.909302
572.376465
0.000000
1.000000
GRASS_SPROUT
510.899475
571.382568
240.000000
1.050000
GRASS_SPROUT
511.793060
571.023621
30.000000
1.250000
GRASS_SPROUT
509.132721
571.802979
300.000000
0.800000
GRASS_SPROUT
509.865326
570.629028
45.000000
1.150000
GRASS_SPROUT
511.603668
569.907288
195.000000
0.900000
GRASS_SPROUT
509.845856
571.507629
165.000000
1.000000
GRASS_SPROUT
507.460449
572.140198
195.000000
0.800000
GRASS_SPROUT
511.649139
571.994629
330.000000
0.950000
GRASS_SPROUT
512.411011
572.336243
135.000000
0.800000
GRASS_SPROUT
510.879700
572.837036
75.000000
1.150000