TILE
86
94
FIELD_GRASS
0
GRASS_SPROUT
513.354553
566.193726
90.000000
0.850000
GRASS_SPROUT
514.165161
566.830505
15.000000
1.000000
GRASS_SPROUT
514.457886
565.873779
15.000000
1.100000
GRASS_SPROUT
515.492981
565.550842
0.000000
1.150000
GRASS_SPROUT
516.699890
565.220032
60.000000
1.050000
GRASS_SPROUT
518.029785
565.093872
315.000000
1.000000
GRASS_SPROUT
513.167053
565.051575
60.000000
1.150000
GRASS_SPROUT
514.203796
565.136047
60.000000
0.750000
GRASS_SPROUT
515.708496
566.797974
150.000000
1.000000
GRASS_SPROUT
517.995361
565.913574
60.000000
0.950000
GRASS_SPROUT
517.328247
566.725525
195.000000
1.050000
GRASS_SPROUT
513.083618
566.812805
60.000000
0.800000