TILE
80
97
FIELD_GRASS
0
GRASS_SPROUT
479.354218
584.320679
270.000000
1.250000
GRASS_SPROUT
479.684113
583.076843
285.000000
1.200000
GRASS_SPROUT
480.398254
582.133545
120.000000
1.000000
GRASS_SPROUT
481.591278
581.236694
315.000000
1.150000
GRASS_SPROUT
481.636261
584.969727
15.000000
0.800000
GRASS_SPROUT
480.638062
584.649780
45.000000
1.200000
GRASS_SPROUT
481.221863
583.905884
330.000000
0.900000
GRASS_SPROUT
482.348480
583.844177
195.000000
1.250000
GRASS_SPROUT
480.769562
583.167419
165.000000
1.200000
GRASS_SPROUT
482.904419
582.938171
345.000000
1.250000
GRASS_SPROUT
481.597137
582.390503
225.000000
1.250000