TILE
83
99
FIELD_GRASS
0
GRASS_SPROUT
500.452667
596.242737
90.000000
0.800000
GRASS_SPROUT
499.651825
596.242737
285.000000
1.000000
GRASS_SPROUT
498.594879
596.242737
285.000000
1.200000
GRASS_SPROUT
497.466583
596.242737
315.000000
0.850000
GRASS_SPROUT
496.388306
596.242737
255.000000
0.950000
GRASS_SPROUT
495.345245
596.242737
45.000000
0.950000
GRASS_SPROUT
495.034851
593.202942
135.000000
1.200000
GRASS_SPROUT
495.717194
593.933594
345.000000
1.150000
GRASS_SPROUT
497.175018
594.406555
150.000000
1.050000
GRASS_SPROUT
499.179901
594.280762
75.000000
0.950000
GRASS_SPROUT
498.174133
594.225098
255.000000
1.050000
GRASS_SPROUT
495.090393
594.727844
270.000000
0.850000
GRASS_SPROUT
495.751068
595.031555
180.000000
0.950000
GRASS_SPROUT
496.499207
595.001526
285.000000
0.850000
GRASS_SPROUT
497.806244
595.121155
285.000000
1.200000
GRASS_SPROUT
498.008240
593.135620
75.000000
0.850000
GRASS_SPROUT
498.112122
592.289673
120.000000
0.900000
GRASS_SPROUT
498.625732
591.419373
255.000000
0.900000
GRASS_SPROUT
496.287201
592.805420
120.000000
1.250000
GRASS_SPROUT
495.246552
592.133118
270.000000
1.200000
GRASS_SPROUT
495.239594
591.116150
30.000000
1.000000
GRASS_SPROUT
496.812347
591.139343
15.000000
0.800000
GRASS_SPROUT
497.124847
592.312195
270.000000
0.750000
GRASS_SPROUT
496.052460
591.408081
165.000000
0.850000
GRASS_SPROUT
497.400269
591.447632
165.000000
0.850000
GRASS_SPROUT
500.731415
592.751160
285.000000
0.850000
GRASS_SPROUT
500.701904
594.427856
195.000000
0.850000
GRASS_SPROUT
499.874115
594.570679
195.000000
0.750000
GRASS_SPROUT
499.483551
591.228943
255.000000
1.250000
GRASS_SPROUT
500.611603
591.387878
330.000000
1.050000
GRASS_SPROUT
500.675201
593.550781
240.000000
1.150000
GRASS_SPROUT
499.726257
593.550842
90.000000
1.000000
GRASS_SPROUT
498.890228
593.318604
150.000000
1.000000
GRASS_SPROUT
500.055511
595.148499
255.000000
0.750000
GRASS_SPROUT
499.433014
592.178040
45.000000
1.100000