TILE
81
98
FIELD_GRASS
0
GRASS_SPROUT
488.522827
589.855103
120.000000
1.250000
GRASS_SPROUT
487.301910
590.058228
180.000000
0.800000
GRASS_SPROUT
486.520599
590.113953
90.000000
1.050000
GRASS_SPROUT
485.029114
590.197449
165.000000
0.900000
GRASS_SPROUT
483.459381
589.864868
195.000000
1.250000
GRASS_SPROUT
488.747925
587.055725
300.000000
1.050000
GRASS_SPROUT
487.662781
587.057434
195.000000
1.000000
GRASS_SPROUT
486.712982
587.058472
165.000000
0.800000
GRASS_SPROUT
485.744232
587.059265
240.000000
0.800000
GRASS_SPROUT
484.660126
587.059937
195.000000
0.750000
GRASS_SPROUT
483.780640
587.060364
210.000000
0.950000
GRASS_SPROUT
484.787903
589.202881
30.000000
1.250000
GRASS_SPROUT
486.409058
589.066223
225.000000
1.200000
GRASS_SPROUT
483.332214
587.682556
105.000000
0.750000
GRASS_SPROUT
484.952362
588.203125
285.000000
1.150000
GRASS_SPROUT
483.602173
588.526917
45.000000
1.250000
GRASS_SPROUT
483.556122
586.094666
15.000000
1.200000
GRASS_SPROUT
484.384460
585.510437
0.000000
1.000000
GRASS_SPROUT
485.185730
585.422546
225.000000
0.750000
GRASS_SPROUT
486.049805
585.533386
0.000000
0.950000
GRASS_SPROUT
488.937653
585.942932
0.000000
1.150000
GRASS_SPROUT
487.827301
585.668884
60.000000
1.150000
GRASS_SPROUT
487.138794
586.370239
285.000000
1.100000
GRASS_SPROUT
488.341156
588.101379
15.000000
1.150000
GRASS_SPROUT
486.503693
588.213867
60.000000
0.850000
GRASS_SPROUT
487.366455
589.041626
270.000000
0.850000