TILE
86
99
FIELD_GRASS
0
GRASS_SPROUT
518.438965
596.242737
195.000000
1.050000
GRASS_SPROUT
517.369019
596.242737
195.000000
1.000000
GRASS_SPROUT
516.331787
596.242737
345.000000
1.050000
GRASS_SPROUT
515.317505
596.242737
225.000000
1.000000
GRASS_SPROUT
514.412964
596.242737
210.000000
1.250000
GRASS_SPROUT
513.477173
596.242737
105.000000
1.050000
GRASS_SPROUT
513.608765
594.828308
180.000000
0.900000
GRASS_SPROUT
514.698792
594.828308
210.000000
0.950000
GRASS_SPROUT
515.750122
594.828308
45.000000
1.250000
GRASS_SPROUT
516.774292
594.828308
345.000000
1.200000
GRASS_SPROUT
517.654419
594.828308
75.000000
0.950000
GRASS_SPROUT
518.718933
594.828308
210.000000
0.900000
GRASS_SPROUT
513.850342
592.824524
30.000000
0.800000
GRASS_SPROUT
514.856201
592.824524
180.000000
1.000000
GRASS_SPROUT
515.755371
592.824524
345.000000
0.850000
GRASS_SPROUT
516.711487
592.824524
300.000000
0.950000
GRASS_SPROUT
517.758606
592.824524
150.000000
1.150000
GRASS_SPROUT
518.684143
592.824524
225.000000
1.150000
GRASS_SPROUT
518.664551
593.786804
285.000000
0.800000
GRASS_SPROUT
517.585754
593.786804
135.000000
1.000000
GRASS_SPROUT
516.542297
593.786804
15.000000
1.100000
GRASS_SPROUT
515.755981
593.786804
30.000000
0.750000
GRASS_SPROUT
514.737366
593.786804
270.000000
0.950000
GRASS_SPROUT
513.613098
593.786804
120.000000
1.000000
GRASS_SPROUT
513.760803
591.124146
45.000000
1.150000
GRASS_SPROUT
514.969360
591.044128
345.000000
0.900000
GRASS_SPROUT
518.199524
592.013000
120.000000
0.750000
GRASS_SPROUT
517.551392
591.893738
45.000000
0.750000
GRASS_SPROUT
516.806152
591.863708
45.000000
1.100000
GRASS_SPROUT
515.693420
591.923645
150.000000
1.050000
GRASS_SPROUT
514.559448
592.013000
120.000000
1.050000
GRASS_SPROUT
513.757385
592.013000
45.000000
0.850000