TILE
13
1
FIELD_SAND
16
GRASS_SPROUT
75.218552
8.330268
45.000000
1.050000
GRASS_SPROUT
76.121246
7.900253
345.000000
1.250000
GRASS_SPROUT
77.003998
7.051901
75.000000
1.100000
GRASS_SPROUT
77.470032
6.036220
15.000000
0.750000
GRASS_SPROUT
77.279945
5.224685
120.000000
1.050000
GRASS_SPROUT
76.569252
5.041176
30.000000
0.750000
GRASS_SPROUT
75.577820
4.817462
210.000000
1.150000
GRASS_SPROUT
79.137444
8.739973
135.000000
0.750000
GRASS_SPROUT
79.511009
8.081144
255.000000
0.850000
GRASS_SPROUT
80.162613
7.634658
165.000000
1.000000
GRASS_SPROUT
80.936172
7.496680
195.000000
0.950000
GRASS_SPROUT
80.443001
8.869904
270.000000
1.150000
GRASS_SPROUT
80.895714
5.128303
75.000000
1.000000