TILE
36
49
FIELD_GRASS
0
PINE TREE 1
217.882278
291.106354
90.000000
1.250000
PINE TREE 1
216.083176
291.339874
15.000000
1.100000
PINE TREE 1
214.657120
291.440643
0.000000
0.800000
PINE TREE 1
213.161057
291.505890
225.000000
1.050000
PINE TREE 1
214.278687
295.745636
180.000000
1.100000
PINE TREE 1
213.598907
293.646149
195.000000
1.250000
PINE TREE 1
215.575577
293.611145
345.000000
1.000000
PINE TREE 1
217.223175
293.644348
180.000000
1.050000
PINE TREE 1
218.568420
292.462646
315.000000
0.800000
PINE TREE 1
216.067215
296.357727
60.000000
1.000000
PINE TREE 1
218.129791
295.827515
315.000000
1.100000
PINE TREE 1
216.473145
294.871277
150.000000
0.900000