TILE
44
74
FIELD_GRASS
0
PINE TREE 1
266.314819
445.859619
75.000000
1.250000
PINE TREE 1
266.679474
443.901794
210.000000
1.100000
PINE TREE 1
264.180908
446.916840
180.000000
1.150000
GRASS_SPROUT
265.213501
443.864899
15.000000
1.100000
GRASS_SPROUT
265.418549
442.825256
225.000000
1.150000
GRASS_SPROUT
265.954834
442.015900
120.000000
1.200000
GRASS_SPROUT
266.654633
441.323395
300.000000
0.750000
GRASS_SPROUT
264.565002
442.432007
225.000000
1.100000
GRASS_SPROUT
263.749603
442.769043
180.000000
1.050000
GRASS_SPROUT
262.819305
442.988922
15.000000
1.100000
GRASS_SPROUT
261.825317
442.879456
0.000000
0.900000
GRASS_SPROUT
261.056519
442.657654
345.000000
1.000000
GRASS_SPROUT
264.564026
444.728699
90.000000
1.050000
GRASS_SPROUT
263.703705
445.140991
30.000000
0.750000
GRASS_SPROUT
262.829620
445.456512
60.000000
0.850000
GRASS_SPROUT
262.197449
444.956604
240.000000
0.900000
GRASS_SPROUT
263.208405
444.632904
195.000000
0.850000
GRASS_SPROUT
261.385498
444.548462
30.000000
1.000000
GRASS_SPROUT
262.606445
446.230103
255.000000
1.100000
GRASS_SPROUT
263.021240
446.921570
0.000000
0.850000
GRASS_SPROUT
261.960724
443.821655
75.000000
1.250000
GRASS_SPROUT
263.694855
443.723419
195.000000
1.250000
GRASS_SPROUT
261.661591
445.567505
330.000000
1.100000