TILE
40
76
FIELD_GRASS
0
GRASS_SPROUT
237.168320
458.245087
105.000000
1.000000
GRASS_SPROUT
238.106659
457.441376
345.000000
0.750000
GRASS_SPROUT
238.597687
457.001465
270.000000
0.750000
GRASS_SPROUT
239.391403
456.365509
45.000000
0.900000
GRASS_SPROUT
240.188828
455.657990
255.000000
0.750000
GRASS_SPROUT
240.798721
455.269592
135.000000
1.050000
GRASS_SPROUT
239.846130
454.950500
90.000000
0.750000
GRASS_SPROUT
238.966110
455.111023
180.000000
1.200000
GRASS_SPROUT
238.054779
455.230133
270.000000
0.800000
GRASS_SPROUT
237.264038
455.190552
165.000000
1.150000