TILE
48
73
FIELD_GRASS
0
GRASS_SPROUT
290.666229
435.985687
105.000000
0.850000
GRASS_SPROUT
290.666229
436.944031
285.000000
1.150000
GRASS_SPROUT
290.666229
437.882904
30.000000
1.050000
GRASS_SPROUT
290.666229
438.717712
315.000000
0.900000
GRASS_SPROUT
287.123901
435.412323
120.000000
0.750000
GRASS_SPROUT
286.583588
436.060852
240.000000
1.100000
GRASS_SPROUT
288.878387
435.700470
90.000000
1.000000
GRASS_SPROUT
288.368439
436.689606
315.000000
0.900000
GRASS_SPROUT
288.991211
437.240234
165.000000
0.900000
GRASS_SPROUT
288.571472
438.396027
45.000000
1.050000
GRASS_SPROUT
289.492035
438.430481
210.000000
1.200000
GRASS_SPROUT
289.858185
437.595184
30.000000
1.050000
GRASS_SPROUT
289.577057
436.426575
60.000000
1.250000
GRASS_SPROUT
285.488831
436.029175
240.000000
1.250000
GRASS_SPROUT
285.792694
437.021667
345.000000
1.150000
GRASS_SPROUT
286.700562
437.559540
120.000000
1.250000
GRASS_SPROUT
287.544586
437.949860
225.000000
0.800000
GRASS_SPROUT
289.610870
439.408417
135.000000
1.000000