TILE
45
74
FIELD_GRASS
0
PINE TREE 1
272.159424
446.887848
300.000000
1.250000
PINE TREE 1
268.151215
445.712677
15.000000
1.250000
PINE TREE 1
269.024811
444.512512
180.000000
0.850000
PINE TREE 1
269.731323
443.339294
210.000000
0.900000
PINE TREE 1
270.443481
442.032654
345.000000
1.200000
PINE TREE 1
270.110443
445.308746
120.000000
0.750000
PINE TREE 1
270.535828
446.499268
165.000000
1.000000
PINE TREE 1
267.864990
442.511688
270.000000
1.100000
PINE TREE 1
271.851807
442.585388
225.000000
0.850000
PINE TREE 1
271.055298
443.935822
135.000000
1.050000
PINE TREE 1
272.745331
443.584290
120.000000
0.950000
GRASS_SPROUT
269.337646
442.397766
180.000000
0.800000