TILE
49
76
FIELD_GRASS
0
PINE TREE 1
295.898315
458.312408
210.000000
1.100000
PINE TREE 1
294.633820
457.583282
165.000000
0.900000
PINE TREE 1
294.468201
456.245789
315.000000
0.900000
PINE TREE 1
295.729431
456.780640
330.000000
0.800000
PINE TREE 1
295.909943
454.672485
30.000000
0.950000
PINE TREE 1
293.059784
458.176178
195.000000
1.000000
GRASS_SPROUT
294.206604
453.284668
300.000000
1.150000
GRASS_SPROUT
294.086487
454.218811
240.000000
0.800000
GRASS_SPROUT
293.179413
453.798676
105.000000
1.200000
GRASS_SPROUT
292.192749
453.798645
105.000000
0.750000
GRASS_SPROUT
291.335236
453.541962
315.000000
1.000000
GRASS_SPROUT
291.304718
454.571594
240.000000
1.250000
GRASS_SPROUT
293.358673
455.025726
255.000000
1.200000
GRASS_SPROUT
292.927307
456.166016
45.000000
0.950000
GRASS_SPROUT
295.214264
453.729492
120.000000
1.150000
GRASS_SPROUT
292.153931
456.703918
225.000000
1.150000
GRASS_SPROUT
292.257904
455.530823
195.000000
0.800000
GRASS_SPROUT
291.543030
455.736328
165.000000
1.000000