TILE
49
47
FIELD_GRASS
0
PINE TREE 1
293.458405
281.123352
135.000000
0.800000
GRASS_SPROUT
295.790955
283.377502
165.000000
0.850000
GRASS_SPROUT
294.762390
283.501526
210.000000
0.750000
GRASS_SPROUT
293.692139
283.685181
315.000000
1.100000
GRASS_SPROUT
292.284149
283.806000
30.000000
1.000000
GRASS_SPROUT
291.110199
283.715485
345.000000
1.000000
GRASS_SPROUT
296.713196
281.708954
45.000000
1.000000
GRASS_SPROUT
295.704773
281.886353
315.000000
1.050000
GRASS_SPROUT
294.873810
281.956604
105.000000
1.000000
GRASS_SPROUT
294.015503
281.991577
195.000000
1.050000
GRASS_SPROUT
292.784943
282.026459
75.000000
1.050000
GRASS_SPROUT
291.599121
282.095947
255.000000
0.900000
GRASS_SPROUT
291.161285
280.589905
300.000000
0.750000
GRASS_SPROUT
292.111176
279.992432
135.000000
0.750000
GRASS_SPROUT
291.654877
281.118530
120.000000
1.000000
GRASS_SPROUT
293.143250
282.832916
240.000000
1.100000
GRASS_SPROUT
291.867310
283.066681
135.000000
1.100000
GRASS_SPROUT
291.361145
279.640503
315.000000
0.850000
GRASS_SPROUT
291.952881
279.254608
180.000000
0.750000
GRASS_SPROUT
292.680115
279.039032
135.000000
0.850000
GRASS_SPROUT
293.562531
279.743683
15.000000
1.200000
GRASS_SPROUT
292.623291
280.410461
240.000000
0.800000
GRASS_SPROUT
295.621918
279.640503
15.000000
0.950000
GRASS_SPROUT
296.703064
279.846039
315.000000
1.050000
GRASS_SPROUT
296.095245
280.440247
270.000000
1.050000
GRASS_SPROUT
294.921753
280.662811
330.000000
0.800000
GRASS_SPROUT
294.199249
280.408081
120.000000
1.050000