TILE
45
41
FIELD_GRASS
0
GRASS_SPROUT
270.395416
243.236420
225.000000
0.750000
GRASS_SPROUT
270.319153
244.093948
240.000000
1.250000
GRASS_SPROUT
270.631561
245.129623
0.000000
1.250000
GRASS_SPROUT
271.469757
245.808289
255.000000
1.250000
GRASS_SPROUT
272.324646
246.079315
45.000000
0.850000
GRASS_SPROUT
271.750366
243.292206
240.000000
0.950000
GRASS_SPROUT
271.750366
244.265305
195.000000
0.950000
GRASS_SPROUT
272.572113
245.060333
225.000000
0.800000
GRASS_SPROUT
272.765717
243.950836
195.000000
0.850000
GRASS_SPROUT
272.599976
243.018341
315.000000
0.950000