TILE
61
14
FIELD_GRASS
0
GRASS_SPROUT
368.907776
84.715042
60.000000
1.250000
GRASS_SPROUT
367.725708
84.716385
300.000000
0.800000
GRASS_SPROUT
366.769867
84.717270
0.000000
1.200000
GRASS_SPROUT
367.665955
85.477043
45.000000
0.900000
GRASS_SPROUT
367.334717
86.489182
30.000000
1.150000
GRASS_SPROUT
368.807373
81.801498
315.000000
0.900000
GRASS_SPROUT
368.307861
82.500351
315.000000
1.200000
GRASS_SPROUT
367.980621
83.523438
255.000000
1.100000
GRASS_SPROUT
367.095947
83.179291
30.000000
1.150000
GRASS_SPROUT
366.234772
83.763580
165.000000
0.900000
GRASS_SPROUT
365.407135
84.362823
210.000000
1.200000
GRASS_SPROUT
364.512177
84.898682
105.000000
1.000000
GRASS_SPROUT
363.686188
85.377205
0.000000
1.150000
GRASS_SPROUT
365.376617
86.596939
315.000000
1.100000
GRASS_SPROUT
363.650452
86.692245
225.000000
1.000000
GRASS_SPROUT
364.527405
86.014542
105.000000
1.200000
GRASS_SPROUT
365.429199
85.686989
30.000000
0.850000
GRASS_SPROUT
368.216919
86.187515
165.000000
0.800000
GRASS_SPROUT
368.921600
86.593361
0.000000
0.750000