TILE
68
19
FIELD_GRASS
0
PINE TREE 1
410.237091
111.722404
285.000000
1.250000
PINE TREE 1
407.461273
111.385178
345.000000
0.950000
PINE TREE 1
405.450195
112.974037
150.000000
1.250000
PINE TREE 1
407.321228
113.035004
300.000000
0.750000
PINE TREE 1
408.868469
113.112633
300.000000
1.200000
PINE TREE 1
407.474060
114.578926
30.000000
1.250000
PINE TREE 1
409.797424
114.831337
0.000000
0.850000
PINE TREE 1
410.965607
114.074020
120.000000
1.050000
PINE TREE 1
410.179352
116.385857
60.000000
0.750000
PINE TREE 1
409.023743
115.964226
30.000000
0.850000
PINE TREE 1
407.417023
116.758064
285.000000
0.850000
PINE TREE 1
406.130798
116.523087
45.000000
0.800000