TILE
60
16
FIELD_GRASS
0
PINE TREE 1
358.420074
93.120247
315.000000
1.000000
PINE TREE 1
357.585083
94.238853
300.000000
0.850000
PINE TREE 1
359.134735
98.704330
90.000000
0.850000
PINE TREE 1
359.505615
97.390068
180.000000
0.850000
PINE TREE 1
359.731171
96.014961
180.000000
0.950000
PINE TREE 1
359.887482
94.496040
240.000000
0.950000
PINE TREE 1
357.698639
97.748772
195.000000
0.800000
PINE TREE 1
357.842163
96.639450
345.000000
0.750000
PINE TREE 1
358.351715
95.520813
0.000000
0.900000
PINE TREE 1
360.413116
93.077278
300.000000
1.050000
GRASS_SPROUT
360.847260
94.035049
75.000000
0.750000
GRASS_SPROUT
361.001648
95.137573
240.000000
1.250000
GRASS_SPROUT
361.866913
93.800674
345.000000
1.050000
GRASS_SPROUT
362.405426
93.111961
195.000000
1.000000
GRASS_SPROUT
362.716370
93.771553
240.000000
0.750000
GRASS_SPROUT
362.652954
95.102646
75.000000
1.000000
GRASS_SPROUT
361.314209
96.257294
345.000000
1.050000
GRASS_SPROUT
360.937439
97.172729
75.000000
1.250000
GRASS_SPROUT
360.376984
98.318687
285.000000
1.100000
GRASS_SPROUT
362.673309
96.793098
240.000000
0.900000
GRASS_SPROUT
361.541168
98.179039
225.000000
0.750000
GRASS_SPROUT
362.390930
98.024178
300.000000
1.100000
GRASS_SPROUT
361.068481
98.998871
345.000000
1.200000