TILE
36
24
FIELD_GRASS
0
PINE TREE 1
214.753448
141.084747
285.000000
0.800000
GRASS_SPROUT
218.898392
144.810989
0.000000
0.950000
GRASS_SPROUT
217.997894
144.732224
150.000000
0.950000
GRASS_SPROUT
217.138138
144.967529
195.000000
1.050000
GRASS_SPROUT
216.090317
145.199905
225.000000
0.850000
GRASS_SPROUT
214.808517
145.429413
120.000000
1.250000
GRASS_SPROUT
213.787842
145.656097
255.000000
1.150000
GRASS_SPROUT
218.765732
142.070236
30.000000
1.100000
GRASS_SPROUT
218.002899
142.575653
315.000000
1.000000
GRASS_SPROUT
217.231064
143.102814
300.000000
1.250000
GRASS_SPROUT
216.210159
143.686295
75.000000
1.200000
GRASS_SPROUT
215.460129
144.024307
45.000000
0.750000
GRASS_SPROUT
214.670532
144.461609
300.000000
1.150000
GRASS_SPROUT
217.588654
141.678696
180.000000
1.100000
GRASS_SPROUT
218.628098
143.895767
255.000000
1.050000
GRASS_SPROUT
213.987442
146.870422
135.000000
1.050000
GRASS_SPROUT
214.865997
146.824814
255.000000
0.850000
GRASS_SPROUT
215.949478
146.407715
285.000000
1.150000
GRASS_SPROUT
216.892899
146.218414
60.000000
1.050000
GRASS_SPROUT
217.728531
146.915878
45.000000
0.750000
GRASS_SPROUT
218.769318
146.687119
210.000000
0.750000
GRASS_SPROUT
218.645462
146.050858
240.000000
0.850000
GRASS_SPROUT
217.831894
145.803101
180.000000
0.850000