TILE
36
27
FIELD_GRASS
0
PINE TREE 1
217.948517
164.144409
270.000000
1.000000
GRASS_SPROUT
215.365250
164.979492
180.000000
0.850000
GRASS_SPROUT
215.919098
164.441727
285.000000
0.950000
GRASS_SPROUT
216.732208
163.735107
225.000000
1.250000
GRASS_SPROUT
217.944336
162.987091
225.000000
1.050000
GRASS_SPROUT
218.947067
162.675476
270.000000
1.050000
GRASS_SPROUT
218.886673
164.910309
255.000000
1.150000
GRASS_SPROUT
218.345520
161.827591
180.000000
1.150000
GRASS_SPROUT
216.955566
161.685196
75.000000
1.100000
GRASS_SPROUT
215.961868
161.735580
285.000000
1.150000
GRASS_SPROUT
214.164246
161.919891
300.000000
1.100000
GRASS_SPROUT
213.050201
162.206482
165.000000
1.150000
GRASS_SPROUT
213.408844
163.890778
315.000000
1.150000
GRASS_SPROUT
214.690491
163.288208
45.000000
1.050000
GRASS_SPROUT
213.862808
164.569046
15.000000
0.800000
GRASS_SPROUT
213.193924
159.401978
345.000000
0.900000
GRASS_SPROUT
214.762665
159.604111
345.000000
1.000000
GRASS_SPROUT
214.111404
160.608307
60.000000
1.000000
GRASS_SPROUT
214.995880
160.608307
105.000000
0.850000
GRASS_SPROUT
216.778900
160.077133
0.000000
1.000000
GRASS_SPROUT
217.899033
159.803253
45.000000
1.150000
GRASS_SPROUT
215.690170
159.763657
255.000000
1.250000
GRASS_SPROUT
218.833664
161.046860
285.000000
1.000000