TILE
37
27
FIELD_GRASS
0
PINE TREE 1
219.878143
159.565155
60.000000
1.100000
GRASS_SPROUT
219.835953
162.675476
195.000000
1.000000
GRASS_SPROUT
224.459213
164.097382
15.000000
1.250000
GRASS_SPROUT
224.459213
162.963776
30.000000
1.050000
GRASS_SPROUT
224.459213
162.013321
105.000000
0.900000
GRASS_SPROUT
224.459213
161.219437
210.000000
1.000000
GRASS_SPROUT
224.459213
160.181046
90.000000
1.200000
GRASS_SPROUT
224.459213
159.261078
30.000000
0.750000
GRASS_SPROUT
222.155090
159.448700
285.000000
0.800000
GRASS_SPROUT
223.363907
160.014618
285.000000
0.900000
GRASS_SPROUT
223.243683
161.384079
30.000000
1.050000
GRASS_SPROUT
223.088181
162.463760
210.000000
0.900000
GRASS_SPROUT
222.837036
163.429031
180.000000
1.200000
GRASS_SPROUT
222.728882
164.431992
315.000000
0.850000
GRASS_SPROUT
221.893616
164.998184
225.000000
1.200000
GRASS_SPROUT
220.945068
164.599274
90.000000
0.900000
GRASS_SPROUT
220.360962
164.013275
105.000000
0.950000
GRASS_SPROUT
220.260254
160.974808
105.000000
1.000000
GRASS_SPROUT
220.549927
161.847137
165.000000
1.150000
GRASS_SPROUT
219.529938
161.847137
15.000000
0.850000
GRASS_SPROUT
221.502579
162.535019
210.000000
1.000000
GRASS_SPROUT
221.540924
163.305389
75.000000
0.850000
GRASS_SPROUT
220.990479
160.496277
225.000000
0.750000
GRASS_SPROUT
220.980011
159.882065
45.000000
0.750000
GRASS_SPROUT
221.502502
161.118515
195.000000
1.100000
GRASS_SPROUT
222.423325
160.608307
345.000000
1.100000