TILE
35
26
FIELD_GRASS
0
GRASS_SPROUT
211.151962
153.508606
135.000000
0.850000
GRASS_SPROUT
211.533310
154.364380
210.000000
1.250000
GRASS_SPROUT
211.920074
155.334793
240.000000
0.800000
GRASS_SPROUT
212.138580
156.009918
270.000000
0.750000
GRASS_SPROUT
212.210876
156.871445
315.000000
1.200000
GRASS_SPROUT
212.029984
157.947296
240.000000
1.150000
GRASS_SPROUT
211.568573
158.719879
300.000000
1.050000
GRASS_SPROUT
210.608444
158.945480
210.000000
1.200000
GRASS_SPROUT
212.303101
153.576050
300.000000
0.800000
GRASS_SPROUT
212.772141
155.249191
15.000000
1.100000
GRASS_SPROUT
212.750824
154.444611
225.000000
0.850000
GRASS_SPROUT
211.818710
153.082367
270.000000
0.900000