TILE
37
28
FIELD_GRASS
0
GRASS_SPROUT
219.807983
165.215790
120.000000
0.900000
GRASS_SPROUT
220.590225
165.724319
105.000000
1.100000
GRASS_SPROUT
221.197556
166.374130
330.000000
1.050000
GRASS_SPROUT
221.647522
166.955902
330.000000
0.750000
GRASS_SPROUT
222.417816
167.292938
255.000000
1.250000
GRASS_SPROUT
223.523499
167.181549
45.000000
1.250000
GRASS_SPROUT
224.278122
166.726257
120.000000
0.950000
GRASS_SPROUT
224.459213
166.011978
150.000000
0.800000
GRASS_SPROUT
224.459213
165.217285
255.000000
1.000000
GRASS_SPROUT
222.575729
165.740646
120.000000
0.950000
GRASS_SPROUT
223.464615
165.088959
45.000000
1.050000
GRASS_SPROUT
223.891754
165.678772
90.000000
0.750000
GRASS_SPROUT
223.526001
168.150833
225.000000
1.100000
GRASS_SPROUT
223.956543
168.806946
30.000000
0.850000
GRASS_SPROUT
224.545258
168.267700
165.000000
0.950000