TILE
93
88
FIELD_GRASS
0
GRASS_SPROUT
556.100403
529.513611
150.000000
0.750000
GRASS_SPROUT
556.990356
529.305847
90.000000
0.750000
GRASS_SPROUT
557.727539
529.095276
270.000000
0.850000
GRASS_SPROUT
558.508362
529.200928
330.000000
0.850000
GRASS_SPROUT
558.767517
530.020935
150.000000
1.050000
GRASS_SPROUT
558.698425
530.892639
315.000000
1.000000
GRASS_SPROUT
556.295288
530.277649
0.000000
1.050000
GRASS_SPROUT
557.861267
529.959961
345.000000
1.200000
GRASS_SPROUT
555.481567
530.963074
285.000000
1.150000