TILE
95
81
FIELD_GRASS
0
GRASS_SPROUT
568.102356
483.936279
180.000000
0.800000
GRASS_SPROUT
569.360901
483.759705
300.000000
1.150000
GRASS_SPROUT
570.497131
484.023956
345.000000
0.950000
GRASS_SPROUT
571.358704
484.370941
45.000000
0.800000
GRASS_SPROUT
572.153320
484.711914
90.000000
1.100000
GRASS_SPROUT
569.846924
488.410187
345.000000
1.200000
GRASS_SPROUT
569.145874
487.136414
30.000000
0.900000
GRASS_SPROUT
568.557861
486.601898
150.000000
0.950000
GRASS_SPROUT
567.810608
487.019226
270.000000
0.750000
GRASS_SPROUT
567.331970
487.600861
225.000000
0.750000
GRASS_SPROUT
568.261108
487.774902
255.000000
1.250000
GRASS_SPROUT
567.689392
488.568604
330.000000
0.950000
GRASS_SPROUT
567.480286
486.057861
345.000000
0.900000
GRASS_SPROUT
567.952576
485.211243
135.000000
0.950000
GRASS_SPROUT
568.716492
484.659485
45.000000
1.050000
GRASS_SPROUT
569.925354
484.528992
105.000000
0.850000
GRASS_SPROUT
570.709229
485.335510
285.000000
1.100000
GRASS_SPROUT
570.994812
486.135742
135.000000
0.800000
GRASS_SPROUT
569.776672
485.621033
150.000000
1.100000
GRASS_SPROUT
571.610901
486.926880
165.000000
0.850000
GRASS_SPROUT
571.921814
487.715210
285.000000
0.950000
GRASS_SPROUT
572.223206
488.465179
180.000000
0.800000
GRASS_SPROUT
570.897278
487.003448
120.000000
0.850000
GRASS_SPROUT
570.330200
486.226135
180.000000
0.850000
GRASS_SPROUT
572.115967
486.181183
165.000000
1.250000
GRASS_SPROUT
571.421814
488.403290
90.000000
1.100000
GRASS_SPROUT
570.200256
487.401428
75.000000
1.150000
GRASS_SPROUT
570.600281
488.077454
45.000000
0.750000