TILE
82
28
FIELD_GRASS
0
PINE TREE 2
490.759583
167.452927
15.000000
1.250000
GRASS_SPROUT
489.202637
166.085236
45.000000
0.800000
GRASS_SPROUT
489.789459
165.256866
135.000000
0.850000
GRASS_SPROUT
489.131989
168.671448
255.000000
1.250000
GRASS_SPROUT
491.306183
165.402649
75.000000
1.200000
GRASS_SPROUT
492.627930
165.482422
30.000000
1.100000
GRASS_SPROUT
494.123322
165.874252
180.000000
1.000000
GRASS_SPROUT
494.367493
167.089539
240.000000
0.750000
GRASS_SPROUT
494.364990
167.938049
90.000000
1.150000
GRASS_SPROUT
491.873077
170.464691
135.000000
0.900000
GRASS_SPROUT
492.115387
169.531357
240.000000
1.100000
GRASS_SPROUT
492.861633
168.133224
15.000000
1.150000
GRASS_SPROUT
493.405914
167.367447
180.000000
0.950000
GRASS_SPROUT
493.994293
169.075134
270.000000
0.950000
GRASS_SPROUT
493.659821
170.237106
315.000000
0.900000
GRASS_SPROUT
490.990814
170.519363
315.000000
1.050000
GRASS_SPROUT
489.943085
170.201050
0.000000
0.800000
GRASS_SPROUT
491.124329
169.265976
345.000000
1.000000
GRASS_SPROUT
490.169098
169.081161
255.000000
0.900000
GRASS_SPROUT
492.533813
166.860580
45.000000
1.000000
GRASS_SPROUT
494.757660
169.491028
180.000000
1.050000
GRASS_SPROUT
494.919006
170.538696
45.000000
1.100000