TILE
87
20
FIELD_GRASS
0
GRASS_SPROUT
524.765076
122.777390
195.000000
0.900000
GRASS_SPROUT
523.929504
122.403664
195.000000
1.200000
GRASS_SPROUT
524.410767
121.573975
45.000000
0.750000
GRASS_SPROUT
524.728271
117.095589
225.000000
1.250000
GRASS_SPROUT
523.346375
118.168739
30.000000
0.800000
GRASS_SPROUT
521.966431
119.256889
315.000000
1.200000
GRASS_SPROUT
521.251099
119.775803
90.000000
0.750000
GRASS_SPROUT
523.979553
119.639603
180.000000
1.100000
GRASS_SPROUT
523.087463
119.796165
225.000000
1.100000
GRASS_SPROUT
522.322327
120.210754
135.000000
0.900000
GRASS_SPROUT
521.549133
121.157921
285.000000
1.250000
GRASS_SPROUT
521.534241
122.175026
45.000000
1.150000
GRASS_SPROUT
522.702759
122.579765
30.000000
1.250000
GRASS_SPROUT
520.692749
122.701546
210.000000
1.150000
GRASS_SPROUT
522.998901
121.012497
300.000000
1.100000
GRASS_SPROUT
520.820068
118.956947
120.000000
1.150000
GRASS_SPROUT
520.810669
117.745964
135.000000
0.800000
GRASS_SPROUT
520.192505
118.256004
15.000000
1.150000
GRASS_SPROUT
519.964355
118.995514
135.000000
0.750000
GRASS_SPROUT
519.548279
120.153526
0.000000
1.050000
GRASS_SPROUT
519.477112
117.687057
150.000000
0.900000
GRASS_SPROUT
519.283691
118.592651
180.000000
1.150000
GRASS_SPROUT
521.473022
117.735855
165.000000
0.800000
GRASS_SPROUT
522.196289
117.735855
345.000000
1.000000
GRASS_SPROUT
520.705139
121.653419
0.000000
0.950000
GRASS_SPROUT
519.977112
121.403679
225.000000
0.950000
GRASS_SPROUT
520.555725
120.145882
225.000000
0.950000