TILE
85
27
FIELD_GRASS
0
GRASS_SPROUT
507.055756
161.664841
285.000000
1.150000
GRASS_SPROUT
507.870361
161.028580
255.000000
0.950000
GRASS_SPROUT
508.751587
160.645035
285.000000
1.100000
GRASS_SPROUT
509.655823
160.365234
195.000000
1.150000
GRASS_SPROUT
510.098297
161.296890
75.000000
0.950000
GRASS_SPROUT
509.832489
161.973328
240.000000
0.800000
GRASS_SPROUT
509.438843
162.571991
210.000000
0.800000
GRASS_SPROUT
509.006836
163.287781
195.000000
1.000000
GRASS_SPROUT
508.536377
163.925339
255.000000
0.750000
GRASS_SPROUT
508.117554
164.449844
0.000000
0.800000
GRASS_SPROUT
508.222961
159.154922
255.000000
1.100000
GRASS_SPROUT
511.636108
159.802246
270.000000
0.900000
GRASS_SPROUT
511.580231
160.625031
45.000000
1.000000
GRASS_SPROUT
511.574341
161.499649
165.000000
1.050000
GRASS_SPROUT
511.327362
162.369141
270.000000
1.200000
GRASS_SPROUT
510.834625
163.313187
135.000000
1.200000
GRASS_SPROUT
510.292114
164.118256
300.000000
0.800000
GRASS_SPROUT
509.743774
164.654099
45.000000
1.100000
GRASS_SPROUT
508.052216
163.125000
240.000000
1.200000
GRASS_SPROUT
508.093292
162.105103
150.000000
1.050000
GRASS_SPROUT
510.447357
160.135437
270.000000
0.900000