TILE
83
22
FIELD_GRASS
0
PINE TREE 2
497.448059
130.635757
0.000000
1.050000
GRASS_SPROUT
497.782623
132.757721
225.000000
1.050000
GRASS_SPROUT
496.827362
132.535477
165.000000
1.150000
GRASS_SPROUT
496.011749
131.900711
120.000000
1.250000
GRASS_SPROUT
495.931366
131.038986
60.000000
0.850000
GRASS_SPROUT
497.956940
129.401794
255.000000
1.250000
GRASS_SPROUT
498.738708
130.075912
60.000000
1.250000
GRASS_SPROUT
498.555359
131.038986
15.000000
0.950000
GRASS_SPROUT
495.552887
130.213333
300.000000
1.250000
GRASS_SPROUT
495.344666
129.218292
0.000000
1.100000
GRASS_SPROUT
495.031769
131.153000
90.000000
1.100000
GRASS_SPROUT
499.387543
131.167816
0.000000
1.100000
GRASS_SPROUT
499.316895
132.200409
225.000000
0.900000
GRASS_SPROUT
498.725769
132.789536
285.000000
1.100000