TILE
92
35
FIELD_GRASS
0
GRASS_SPROUT
552.842773
212.030701
345.000000
0.750000
GRASS_SPROUT
552.359619
211.000595
285.000000
0.950000
GRASS_SPROUT
551.925598
210.068237
195.000000
0.750000
GRASS_SPROUT
553.089966
212.978134
345.000000
1.250000
GRASS_SPROUT
551.575500
211.073212
210.000000
0.850000
GRASS_SPROUT
550.918030
209.958664
15.000000
1.100000
GRASS_SPROUT
550.546570
209.200836
165.000000
0.850000
GRASS_SPROUT
550.135925
208.561066
180.000000
0.800000
GRASS_SPROUT
554.156494
212.381744
135.000000
1.100000
GRASS_SPROUT
554.641174
211.036591
150.000000
0.850000
GRASS_SPROUT
553.701660
209.712143
0.000000
1.200000
GRASS_SPROUT
552.915710
208.857605
105.000000
1.050000
GRASS_SPROUT
554.648010
210.010773
90.000000
1.000000
GRASS_SPROUT
552.972290
210.346161
225.000000
1.050000
GRASS_SPROUT
551.696045
209.145813
15.000000
1.050000
GRASS_SPROUT
551.209167
208.195831
315.000000
0.800000
GRASS_SPROUT
549.521118
207.561508
210.000000
1.250000
GRASS_SPROUT
549.178589
208.793411
180.000000
1.050000
GRASS_SPROUT
552.845093
207.659790
165.000000
1.200000
GRASS_SPROUT
550.576843
207.783142
240.000000
1.050000
GRASS_SPROUT
553.946228
207.694244
210.000000
1.250000
GRASS_SPROUT
554.450073
208.553421
315.000000
1.150000
GRASS_SPROUT
551.884644
211.900772
225.000000
1.150000
GRASS_SPROUT
553.668640
211.105530
255.000000
1.250000