TILE
32
73
FIELD_GRASS
0
GRASS_SPROUT
194.886032
435.919189
270.000000
0.750000
GRASS_SPROUT
193.904785
436.040680
180.000000
1.100000
GRASS_SPROUT
192.487518
436.220520
180.000000
0.900000
GRASS_SPROUT
191.140976
436.220520
135.000000
0.750000
GRASS_SPROUT
190.154984
436.190765
270.000000
0.800000
GRASS_SPROUT
189.344589
436.130951
165.000000
1.200000
GRASS_SPROUT
189.727280
436.985382
135.000000
1.050000
GRASS_SPROUT
190.710709
437.142334
60.000000
1.250000
GRASS_SPROUT
191.677887
437.573975
345.000000
0.750000
GRASS_SPROUT
192.606018
438.064636
180.000000
0.800000
GRASS_SPROUT
193.456619
438.633423
180.000000
1.000000
GRASS_SPROUT
194.088974
439.252106
300.000000
0.750000
GRASS_SPROUT
192.293060
437.172028
90.000000
1.050000
GRASS_SPROUT
193.126160
437.037598
240.000000
1.000000
GRASS_SPROUT
193.912888
437.338013
210.000000
0.800000
GRASS_SPROUT
194.168610
438.073425
0.000000
0.750000
GRASS_SPROUT
194.715790
438.736481
315.000000
1.200000
GRASS_SPROUT
194.524887
437.581909
240.000000
0.750000