TILE
34
77
FIELD_GRASS
0
PINE TREE 2
205.673325
463.645630
150.000000
0.750000
PINE TREE 2
204.426041
462.676697
120.000000
1.250000
PINE TREE 2
203.311646
464.822479
345.000000
0.800000
PINE TREE 2
202.289001
463.942963
150.000000
0.950000
PINE TREE 2
205.794907
461.821808
345.000000
0.850000
PINE TREE 2
205.161102
460.513733
135.000000
0.900000
PINE TREE 2
206.665237
459.805359
120.000000
0.850000
PINE TREE 2
201.535828
461.033661
135.000000
1.000000
PINE TREE 2
201.158020
459.336426
150.000000
1.050000
PINE TREE 2
202.910126
461.984680
120.000000
0.950000
PINE TREE 2
203.581512
460.344727
15.000000
1.200000