TILE
30
75
FIELD_GRASS
0
PINE TREE 2
177.228821
448.323761
195.000000
0.800000
PINE TREE 2
177.228745
449.752472
90.000000
1.050000
PINE TREE 2
177.228683
451.650909
270.000000
0.900000
GRASS_SPROUT
180.652191
447.660767
330.000000
1.250000
GRASS_SPROUT
181.543167
448.415222
15.000000
0.850000
GRASS_SPROUT
182.176041
448.957184
90.000000
0.800000
GRASS_SPROUT
182.814728
449.286469
15.000000
0.850000
GRASS_SPROUT
178.850388
447.941833
225.000000
1.250000
GRASS_SPROUT
179.788147
448.600525
90.000000
1.050000
GRASS_SPROUT
180.258072
449.371552
60.000000
1.200000
GRASS_SPROUT
181.025589
450.202484
30.000000
0.900000
GRASS_SPROUT
181.884949
450.772095
30.000000
0.850000
GRASS_SPROUT
182.744278
451.154694
60.000000
0.750000
GRASS_SPROUT
179.440002
449.267975
165.000000
0.800000
GRASS_SPROUT
178.952850
450.058563
60.000000
1.050000
GRASS_SPROUT
178.695389
450.887177
75.000000
1.000000
GRASS_SPROUT
178.796478
452.134216
285.000000
0.900000
GRASS_SPROUT
178.853485
452.921600
330.000000
0.950000
GRASS_SPROUT
178.401031
449.158752
60.000000
0.900000
GRASS_SPROUT
177.992508
447.759613
120.000000
0.800000
GRASS_SPROUT
180.056412
450.492126
60.000000
0.850000
GRASS_SPROUT
180.660049
451.986450
150.000000
1.250000
GRASS_SPROUT
181.226273
452.884918
255.000000
1.050000
GRASS_SPROUT
179.785202
452.750854
75.000000
1.100000
GRASS_SPROUT
182.120895
452.189392
225.000000
1.000000