TILE
33
75
FIELD_GRASS
0
PINE TREE 2
195.494949
451.943176
120.000000
1.050000
PINE TREE 2
195.494904
450.479645
255.000000
0.800000
PINE TREE 2
195.494888
448.894897
15.000000
1.200000
PINE TREE 2
197.364685
448.458618
210.000000
1.150000
PINE TREE 2
196.775513
449.963531
225.000000
0.850000
PINE TREE 2
196.900482
451.316467
300.000000
0.750000
PINE TREE 2
199.174637
448.508606
105.000000
0.750000
PINE TREE 2
200.150208
447.871979
15.000000
0.750000
PINE TREE 2
198.509048
449.717102
195.000000
1.000000
PINE TREE 2
199.616226
451.158722
120.000000
1.250000
PINE TREE 2
200.756546
449.356812
105.000000
0.800000
PINE TREE 2
197.857819
452.312195
300.000000
0.900000