TILE
37
77
FIELD_GRASS
0
PINE TREE 2
223.914322
460.734772
30.000000
1.100000
PINE TREE 2
222.578125
462.073395
300.000000
1.150000
PINE TREE 2
221.222534
463.652435
180.000000
1.250000
PINE TREE 2
219.504196
464.356659
225.000000
1.150000
PINE TREE 2
219.734589
459.654114
180.000000
0.750000
PINE TREE 2
220.472717
460.534271
45.000000
0.750000
PINE TREE 2
219.775482
461.923828
345.000000
1.250000
PINE TREE 2
222.516571
459.535797
45.000000
1.100000
PINE TREE 1
223.313263
463.756897
255.000000
1.250000
PINE TREE 1
221.680664
460.738403
330.000000
0.900000
GRASS_SPROUT
223.815369
461.897308
270.000000
0.800000
GRASS_SPROUT
224.690262
464.151276
330.000000
1.000000
GRASS_SPROUT
224.141342
464.837830
285.000000
1.100000