TILE
36
73
FIELD_GRASS
0
PINE TREE 2
214.465225
437.703735
105.000000
1.000000
PINE TREE 2
216.170990
438.349884
75.000000
1.050000
PINE TREE 2
217.902206
438.401672
180.000000
0.850000
PINE TREE 2
217.876343
440.425781
135.000000
1.200000
PINE TREE 2
213.757477
440.491882
315.000000
0.800000
PINE TREE 2
213.407944
439.197693
195.000000
0.950000
PINE TREE 2
216.243744
439.897156
285.000000
1.000000
GRASS_SPROUT
218.073166
435.623016
120.000000
0.900000
GRASS_SPROUT
216.942642
435.735748
285.000000
1.200000
GRASS_SPROUT
215.944260
435.754852
330.000000
1.000000
GRASS_SPROUT
215.214020
435.768555
120.000000
0.750000
GRASS_SPROUT
213.989029
435.293121
120.000000
1.100000
GRASS_SPROUT
214.986908
435.140472
345.000000
0.750000
GRASS_SPROUT
216.335907
435.109680
30.000000
0.850000
GRASS_SPROUT
216.241287
436.752563
75.000000
1.050000
GRASS_SPROUT
217.173203
436.912262
150.000000
0.750000