TILE
34
76
FIELD_GRASS
0
PINE TREE 2
201.284119
456.661072
210.000000
0.950000
PINE TREE 2
203.345749
454.109985
150.000000
0.950000
PINE TREE 2
202.897659
455.403992
345.000000
0.750000
PINE TREE 2
202.986832
457.872467
240.000000
1.200000
PINE TREE 2
204.540131
455.591888
120.000000
1.250000
PINE TREE 2
204.859161
457.588745
165.000000
1.150000
PINE TREE 2
201.599457
455.208252
315.000000
0.950000
PINE TREE 2
206.373688
457.237976
285.000000
0.850000
PINE TREE 2
206.445435
455.572113
315.000000
1.250000
PINE TREE 2
205.702026
458.956146
90.000000
0.750000