TILE
37
76
FIELD_GRASS
0
PINE TREE 2
219.581406
457.127258
255.000000
1.000000
PINE TREE 2
221.468491
456.431732
45.000000
1.050000
PINE TREE 2
223.226410
456.015045
195.000000
0.800000
PINE TREE 2
224.709656
455.775879
300.000000
0.750000
PINE TREE 2
220.038574
453.054535
105.000000
1.150000
PINE TREE 2
220.948730
458.418671
135.000000
1.050000
PINE TREE 2
222.755249
457.741333
255.000000
1.100000
PINE TREE 2
224.289810
457.060242
180.000000
0.800000
PINE TREE 2
220.184387
455.562134
240.000000
0.950000
PINE TREE 2
222.296494
454.748535
90.000000
0.900000
PINE TREE 2
223.765884
454.126556
315.000000
0.950000
PINE TREE 1
224.195511
458.532135
60.000000
0.750000