TILE
35
73
FIELD_GRASS
0
PINE TREE 2
211.510132
435.186707
165.000000
0.900000
PINE TREE 2
212.948792
436.476318
30.000000
1.050000
PINE TREE 2
210.798553
439.294525
300.000000
1.200000
PINE TREE 2
210.615784
437.609833
135.000000
0.900000
PINE TREE 2
209.197922
436.410797
270.000000
1.250000
PINE TREE 2
207.482697
435.962219
180.000000
1.000000
PINE TREE 2
207.403961
438.939423
225.000000
0.800000
PINE TREE 2
208.813965
439.615875
90.000000
1.250000
PINE TREE 2
212.116974
438.242188
195.000000
0.950000