TILE
31
70
FIELD_GRASS
0
PINE TREE 2
183.629425
421.782379
120.000000
1.150000
PINE TREE 2
185.339432
421.185913
90.000000
1.000000
PINE TREE 2
187.218124
420.986542
30.000000
1.200000
PINE TREE 2
186.284363
422.575745
225.000000
1.150000
PINE TREE 2
188.154800
422.485168
120.000000
1.150000
PINE TREE 2
184.221252
419.186646
90.000000
0.900000
PINE TREE 2
185.434464
418.359070
120.000000
0.800000
PINE TREE 2
188.120117
419.086121
195.000000
0.950000
PINE TREE 2
186.569473
419.165833
195.000000
0.850000