TILE
38
71
FIELD_GRASS
0
PINE TREE 2
226.635834
428.479858
105.000000
0.850000
PINE TREE 2
226.802979
427.001831
75.000000
1.100000
PINE TREE 2
226.899918
425.038177
315.000000
0.950000
PINE TREE 2
226.975662
423.617859
240.000000
0.850000
PINE TREE 2
230.452133
423.795624
225.000000
1.200000
PINE TREE 2
229.420853
425.466461
150.000000
1.100000
PINE TREE 2
228.499435
427.287445
345.000000
1.100000
PINE TREE 2
228.449692
428.898682
0.000000
0.950000
PINE TREE 2
230.495270
427.880890
330.000000
0.950000
GRASS_SPROUT
225.394669
424.667175
300.000000
1.050000
GRASS_SPROUT
226.112350
424.043823
120.000000
0.750000
GRASS_SPROUT
225.681183
427.642303
0.000000
1.150000
GRASS_SPROUT
228.171387
425.028259
120.000000
1.100000
GRASS_SPROUT
225.141174
428.405518
255.000000
1.150000
GRASS_SPROUT
225.412964
426.423798
225.000000
0.850000