TILE
93
78
FIELD_GRASS
0
PINE TREE 2
555.902039
470.610046
315.000000
1.200000
GRASS_SPROUT
558.442383
470.816528
45.000000
1.150000
GRASS_SPROUT
559.396606
470.189545
135.000000
1.100000
GRASS_SPROUT
560.013733
469.306946
45.000000
1.000000
GRASS_SPROUT
560.442383
468.559357
225.000000
0.750000
GRASS_SPROUT
560.875183
467.413544
150.000000
1.100000
GRASS_SPROUT
560.863586
466.507416
210.000000
0.750000
GRASS_SPROUT
560.539673
465.603973
90.000000
1.200000
GRASS_SPROUT
560.500854
470.677429
180.000000
0.750000
GRASS_SPROUT
560.837891
470.057770
135.000000
0.900000
GRASS_SPROUT
556.450012
465.509033
255.000000
0.850000
GRASS_SPROUT
555.858154
465.841248
60.000000
0.800000
GRASS_SPROUT
555.247559
466.165070
30.000000
0.850000
GRASS_SPROUT
558.293213
465.434021
60.000000
1.250000
GRASS_SPROUT
555.618835
466.822449
135.000000
1.000000
GRASS_SPROUT
557.283203
466.515381
240.000000
1.200000
GRASS_SPROUT
559.488708
466.022156
45.000000
1.000000
GRASS_SPROUT
555.841919
467.573822
345.000000
0.900000
GRASS_SPROUT
555.081299
467.762360
15.000000
1.050000
GRASS_SPROUT
556.471313
467.110138
90.000000
0.850000
GRASS_SPROUT
556.662292
467.920563
270.000000
0.950000
GRASS_SPROUT
555.244446
468.509186
300.000000
0.800000
GRASS_SPROUT
556.541992
468.676239
15.000000
0.850000
GRASS_SPROUT
556.352234
469.342468
45.000000
0.750000
GRASS_SPROUT
558.400940
466.646606
150.000000
1.050000
GRASS_SPROUT
558.189026
468.434082
45.000000
1.200000
GRASS_SPROUT
557.278564
469.584320
240.000000
0.950000
GRASS_SPROUT
559.154541
467.699310
105.000000
1.250000
GRASS_SPROUT
558.758057
469.165131
240.000000
0.850000
GRASS_SPROUT
558.365417
469.956573
225.000000
0.750000
GRASS_SPROUT
560.069885
467.778595
315.000000
0.850000