TILE
92
17
FIELD_GRASS
0
PINE TREE 2
550.208191
100.156380
285.000000
1.050000
PINE TREE 2
551.748413
102.870674
60.000000
0.800000
GRASS_SPROUT
549.470032
102.657303
120.000000
1.000000
GRASS_SPROUT
549.962463
101.961288
330.000000
1.000000
GRASS_SPROUT
550.830688
101.627670
180.000000
1.200000
GRASS_SPROUT
550.674194
102.629143
75.000000
1.250000
GRASS_SPROUT
551.700806
100.465332
330.000000
0.750000
GRASS_SPROUT
552.509216
100.766556
315.000000
1.200000
GRASS_SPROUT
552.783875
101.596863
255.000000
0.950000
GRASS_SPROUT
552.905029
99.981651
180.000000
0.900000
GRASS_SPROUT
554.208618
103.106171
135.000000
0.900000
GRASS_SPROUT
553.729065
103.625092
165.000000
0.850000
GRASS_SPROUT
553.104736
104.119934
300.000000
1.050000
GRASS_SPROUT
552.554993
104.895012
15.000000
1.250000
GRASS_SPROUT
551.445984
104.573868
330.000000
1.050000
GRASS_SPROUT
550.462402
104.167923
330.000000
1.250000
GRASS_SPROUT
549.653259
103.808189
15.000000
0.800000
GRASS_SPROUT
553.895874
101.113022
255.000000
1.100000
GRASS_SPROUT
553.858276
99.954376
0.000000
1.250000
GRASS_SPROUT
553.409851
99.195648
90.000000
0.850000
GRASS_SPROUT
554.967102
99.799553
90.000000
1.250000
GRASS_SPROUT
552.158081
99.491631
60.000000
1.000000
GRASS_SPROUT
552.877319
102.371857
225.000000
0.900000
GRASS_SPROUT
553.551575
102.533279
75.000000
0.800000
GRASS_SPROUT
549.556274
101.261612
60.000000
1.000000
GRASS_SPROUT
554.145264
104.401672
240.000000
1.150000