TILE
91
11
FIELD_GRASS
0
PINE TREE 2
546.899719
66.378288
150.000000
1.150000
GRASS_SPROUT
545.633545
65.845825
315.000000
1.050000
GRASS_SPROUT
545.401001
65.087624
285.000000
0.900000
GRASS_SPROUT
546.056763
64.377182
345.000000
1.250000
GRASS_SPROUT
547.151367
64.377182
105.000000
1.250000
GRASS_SPROUT
548.135742
64.377182
315.000000
1.200000
GRASS_SPROUT
548.999207
65.334152
90.000000
0.900000
GRASS_SPROUT
548.282593
66.032036
195.000000
1.150000
GRASS_SPROUT
545.329468
66.681969
90.000000
1.150000
GRASS_SPROUT
545.354858
67.667992
120.000000
0.750000
GRASS_SPROUT
545.488037
68.382545
135.000000
0.750000
GRASS_SPROUT
546.301941
68.560616
255.000000
1.150000
GRASS_SPROUT
547.207581
68.280571
165.000000
1.100000
GRASS_SPROUT
548.108948
67.742645
75.000000
0.900000
GRASS_SPROUT
548.628906
66.984695
0.000000
0.750000
GRASS_SPROUT
546.688599
67.652672
135.000000
0.900000
GRASS_SPROUT
544.594299
68.729752
345.000000
1.150000
GRASS_SPROUT
543.743652
68.183861
180.000000
1.000000
GRASS_SPROUT
543.572693
67.299500
60.000000
1.250000
GRASS_SPROUT
543.676514
66.223961
150.000000
1.200000
GRASS_SPROUT
543.962463
65.381577
90.000000
1.000000
GRASS_SPROUT
544.662415
67.806656
15.000000
0.800000
GRASS_SPROUT
544.392761
66.784111
330.000000
0.950000
GRASS_SPROUT
544.309204
64.553940
75.000000
1.200000
GRASS_SPROUT
545.170105
64.198486
150.000000
1.000000
GRASS_SPROUT
544.814148
65.663857
225.000000
0.750000