TILE
97
12
FIELD_GRASS
0
PINE TREE 2
579.264587
69.539154
0.000000
1.000000
PINE TREE 2
584.678528
72.308212
180.000000
0.900000
PINE TREE 2
582.971619
72.581863
30.000000
0.900000
PINE TREE 2
581.475098
72.153351
210.000000
0.950000
PINE TREE 2
580.139160
71.413979
270.000000
1.000000
PINE TREE 2
579.895996
74.767059
105.000000
0.750000
PINE TREE 2
581.586243
74.584160
315.000000
0.800000
PINE TREE 2
584.282532
74.377502
165.000000
1.100000
PINE TREE 2
579.126770
72.395737
180.000000
0.750000
PINE TREE 2
580.221008
73.225761
180.000000
0.850000
GRASS_SPROUT
583.851501
70.286278
0.000000
1.200000
GRASS_SPROUT
583.046875
70.551361
120.000000
0.750000
GRASS_SPROUT
582.381042
70.349838
300.000000
0.950000
GRASS_SPROUT
581.697571
69.724342
285.000000
1.250000
GRASS_SPROUT
582.707886
69.378578
0.000000
1.050000
GRASS_SPROUT
584.782532
70.587944
210.000000
0.900000
GRASS_SPROUT
583.592834
71.567291
270.000000
1.200000
GRASS_SPROUT
582.417664
71.444489
255.000000
1.150000
GRASS_SPROUT
580.397522
69.698143
165.000000
0.950000
GRASS_SPROUT
579.945557
70.367699
165.000000
0.750000
GRASS_SPROUT
581.604004
73.346176
180.000000
0.800000
GRASS_SPROUT
582.841675
73.746300
60.000000
0.900000