TILE
92
18
FIELD_GRASS
0
GRASS_SPROUT
551.837036
105.818657
300.000000
1.250000
GRASS_SPROUT
550.981812
106.322525
45.000000
0.800000
GRASS_SPROUT
549.986938
106.458542
120.000000
0.950000
GRASS_SPROUT
549.334595
105.385185
135.000000
1.100000
GRASS_SPROUT
550.369019
105.307114
240.000000
0.850000
GRASS_SPROUT
554.551514
105.658440
270.000000
0.850000
GRASS_SPROUT
554.044739
105.201118
135.000000
0.850000
GRASS_SPROUT
553.534790
106.264389
45.000000
0.950000
GRASS_SPROUT
552.742310
106.127731
165.000000
0.750000
GRASS_SPROUT
554.564148
106.632568
285.000000
1.100000
GRASS_SPROUT
554.562439
107.913261
195.000000
1.150000
GRASS_SPROUT
552.897034
108.234245
75.000000
1.200000
GRASS_SPROUT
552.027832
108.176552
75.000000
0.900000
GRASS_SPROUT
550.986328
108.118568
150.000000
1.100000
GRASS_SPROUT
550.150146
108.118568
165.000000
0.900000
GRASS_SPROUT
549.199524
108.118568
345.000000
0.850000
GRASS_SPROUT
549.546265
110.584915
150.000000
1.000000
GRASS_SPROUT
550.270752
109.649185
195.000000
1.200000
GRASS_SPROUT
549.779785
107.384018
210.000000
1.150000
GRASS_SPROUT
549.196838
109.399559
315.000000
0.850000
GRASS_SPROUT
552.370117
107.334671
75.000000
1.200000
GRASS_SPROUT
551.148315
107.090485
0.000000
0.950000
GRASS_SPROUT
551.888550
108.919655
315.000000
0.900000
GRASS_SPROUT
551.526672
109.744171
285.000000
0.950000
GRASS_SPROUT
550.623230
110.719589
45.000000
1.100000
GRASS_SPROUT
552.726318
109.142357
0.000000
1.000000
GRASS_SPROUT
553.599182
110.666008
135.000000
0.900000
GRASS_SPROUT
554.344666
110.076508
315.000000
1.050000
GRASS_SPROUT
553.754395
108.589378
165.000000
1.050000
GRASS_SPROUT
552.710022
110.711853
30.000000
1.200000
GRASS_SPROUT
553.103699
109.856850
255.000000
0.950000