TILE
65
73
FIELD_DIRT
4
GRASS_SPROUT
391.748352
435.368835
195.000000
1.100000
GRASS_SPROUT
390.967926
435.577515
225.000000
0.900000
GRASS_SPROUT
390.291870
435.150604
285.000000
1.050000
GRASS_SPROUT
388.121460
435.589325
135.000000
0.900000
GRASS_SPROUT
388.882355
435.804962
240.000000
0.950000
GRASS_SPROUT
387.767975
436.332245
240.000000
1.000000
GRASS_SPROUT
387.921509
437.273590
225.000000
1.000000
GRASS_SPROUT
387.908234
438.176727
255.000000
1.150000
GRASS_SPROUT
388.925629
437.176117
195.000000
1.200000
GRASS_SPROUT
389.667145
436.436615
150.000000
1.250000
GRASS_SPROUT
391.751251
436.332245
45.000000
1.250000
GRASS_SPROUT
391.957794
437.248199
60.000000
0.800000
GRASS_SPROUT
391.715302
438.245361
150.000000
1.100000
GRASS_SPROUT
391.042999
439.305878
285.000000
1.100000
GRASS_SPROUT
390.219086
439.781616
60.000000
1.000000
GRASS_SPROUT
389.456604
439.914276
210.000000
0.850000
GRASS_SPROUT
388.832153
439.446411
15.000000
0.900000
GRASS_SPROUT
388.505493
438.799713
180.000000
0.900000
GRASS_SPROUT
387.849915
439.418121
75.000000
1.250000
GRASS_SPROUT
389.416077
438.751434
240.000000
1.200000
GRASS_SPROUT
390.015350
438.122528
15.000000
0.800000
GRASS_SPROUT
390.548279
437.642487
120.000000
0.750000
GRASS_SPROUT
390.538208
436.796631
120.000000
1.000000
GRASS_SPROUT
392.695038
440.736572
270.000000
1.000000