TILE
63
79
FIELD_GRASS
0
PINE TREE 2
375.550781
471.454926
0.000000
0.900000
PINE TREE 2
376.930237
471.558655
15.000000
0.750000
PINE TREE 2
378.131348
472.100220
60.000000
0.800000
PINE TREE 2
379.091370
473.410187
15.000000
1.200000
PINE TREE 2
379.481201
475.167999
120.000000
1.150000
PINE TREE 2
375.738373
476.512390
150.000000
1.200000
PINE TREE 2
375.707794
474.658142
315.000000
1.250000
PINE TREE 2
377.217773
475.549042
210.000000
0.900000
PINE TREE 2
377.714874
474.223114
60.000000
0.900000
PINE TREE 2
375.125610
472.940033
195.000000
0.950000
PINE TREE 2
376.859375
473.004913
255.000000
1.050000
GRASS_SPROUT
380.745575
472.418915
30.000000
1.000000
GRASS_SPROUT
380.763000
476.462158
0.000000
1.250000
GRASS_SPROUT
378.960297
476.499084
300.000000
1.200000
GRASS_SPROUT
379.852081
476.348633
180.000000
0.900000
GRASS_SPROUT
380.931519
473.952911
195.000000
1.050000