TILE
62
79
FIELD_GRASS
0
PINE TREE 2
369.512146
475.820709
135.000000
1.200000
PINE TREE 2
370.837860
474.536041
15.000000
1.250000
PINE TREE 2
371.345215
472.797760
225.000000
1.050000
PINE TREE 2
372.515533
471.856964
0.000000
0.900000
PINE TREE 2
373.954590
471.545349
120.000000
0.850000
PINE TREE 2
373.705536
474.730713
60.000000
1.250000
PINE TREE 2
374.119141
476.307678
45.000000
0.850000
PINE TREE 2
372.217743
475.813171
315.000000
0.900000
GRASS_SPROUT
369.117950
474.494751
0.000000
0.950000
GRASS_SPROUT
369.543182
473.494507
315.000000
1.000000
GRASS_SPROUT
369.030609
472.888641
240.000000
0.800000
GRASS_SPROUT
369.700897
472.421936
135.000000
1.150000
GRASS_SPROUT
369.562378
471.247375
225.000000
0.950000
GRASS_SPROUT
370.361511
471.469177
150.000000
0.750000