TILE
61
71
FIELD_GRASS
0
PINE TREE 1
363.036743
427.712097
15.000000
1.100000
GRASS_SPROUT
368.700623
424.475433
180.000000
1.150000
GRASS_SPROUT
367.841461
424.630676
195.000000
0.950000
GRASS_SPROUT
367.095947
424.852905
240.000000
0.950000
GRASS_SPROUT
366.225769
425.213562
90.000000
1.050000
GRASS_SPROUT
365.244659
425.576965
30.000000
1.250000
GRASS_SPROUT
364.321472
425.895325
255.000000
1.100000
GRASS_SPROUT
363.545624
426.137482
345.000000
0.850000
GRASS_SPROUT
364.299133
427.888733
330.000000
1.150000
GRASS_SPROUT
365.193359
427.281281
15.000000
0.750000
GRASS_SPROUT
366.040741
426.804260
150.000000
0.850000
GRASS_SPROUT
367.086609
426.341370
30.000000
1.200000
GRASS_SPROUT
368.063324
425.999695
30.000000
0.950000
GRASS_SPROUT
364.809814
428.687500
225.000000
1.200000
GRASS_SPROUT
363.673401
428.790161
210.000000
1.150000
GRASS_SPROUT
365.642639
428.359711
345.000000
0.900000
GRASS_SPROUT
365.933380
427.714233
45.000000
0.850000