TILE
62
70
FIELD_GRASS
0
GRASS_SPROUT
370.212006
422.415771
150.000000
1.150000
GRASS_SPROUT
370.009155
421.265472
315.000000
1.200000
GRASS_SPROUT
370.009155
420.222656
345.000000
1.100000
GRASS_SPROUT
370.133453
419.319763
120.000000
1.150000
GRASS_SPROUT
370.807831
418.606262
345.000000
1.250000
GRASS_SPROUT
371.974731
418.698517
60.000000
1.000000
GRASS_SPROUT
372.884338
418.698517
45.000000
1.200000
GRASS_SPROUT
374.133575
418.698517
225.000000
1.200000
GRASS_SPROUT
374.448303
422.831299
195.000000
1.250000
GRASS_SPROUT
373.340881
422.558716
240.000000
1.100000
GRASS_SPROUT
372.651398
421.703491
45.000000
0.950000
GRASS_SPROUT
372.189697
420.905457
15.000000
1.000000
GRASS_SPROUT
371.714630
419.972595
0.000000
1.050000
GRASS_SPROUT
372.365448
419.415710
210.000000
0.800000
GRASS_SPROUT
373.593536
419.371918
285.000000
0.950000
GRASS_SPROUT
374.750336
419.328033
45.000000
0.900000
GRASS_SPROUT
374.306183
421.291565
195.000000
1.200000
GRASS_SPROUT
374.784515
420.426788
60.000000
1.050000
GRASS_SPROUT
373.605835
420.467346
75.000000
1.200000
GRASS_SPROUT
371.606140
421.555206
0.000000
0.850000
GRASS_SPROUT
371.428528
422.593109
330.000000
1.250000