TILE
63
70
FIELD_GRASS
0
PINE TREE 1
376.389954
421.601135
180.000000
0.850000
GRASS_SPROUT
375.427338
418.698517
255.000000
1.150000
GRASS_SPROUT
376.358704
418.698517
135.000000
1.050000
GRASS_SPROUT
377.367584
418.698517
60.000000
0.800000
GRASS_SPROUT
378.199005
418.652466
120.000000
1.050000
GRASS_SPROUT
379.268311
418.606262
75.000000
1.200000
GRASS_SPROUT
380.334412
418.744415
30.000000
1.250000
GRASS_SPROUT
380.286499
419.846008
150.000000
1.150000
GRASS_SPROUT
379.712982
420.747803
75.000000
1.050000
GRASS_SPROUT
379.163208
421.253448
330.000000
0.800000
GRASS_SPROUT
378.496368
421.777008
60.000000
1.100000
GRASS_SPROUT
377.715546
422.066895
0.000000
0.950000
GRASS_SPROUT
376.537170
422.627411
165.000000
1.100000
GRASS_SPROUT
375.570007
422.864929
255.000000
1.200000
GRASS_SPROUT
376.150543
419.459351
195.000000
0.900000
GRASS_SPROUT
377.053986
419.589447
120.000000
0.750000
GRASS_SPROUT
377.762909
419.675507
180.000000
0.750000
GRASS_SPROUT
378.540771
419.888367
165.000000
1.000000
GRASS_SPROUT
378.465057
420.668274
210.000000
0.750000
GRASS_SPROUT
377.828827
421.022461
180.000000
0.900000
GRASS_SPROUT
375.141022
421.813599
30.000000
1.200000
GRASS_SPROUT
375.576447
420.056305
150.000000
0.850000
GRASS_SPROUT
376.687012
420.263367
105.000000
1.150000