TILE
63
74
FIELD_DIRT
4
GRASS_SPROUT
380.736145
442.091919
300.000000
1.200000
GRASS_SPROUT
379.851746
442.091217
315.000000
0.750000
GRASS_SPROUT
378.925018
442.090729
45.000000
0.900000
GRASS_SPROUT
378.063110
442.090424
75.000000
0.800000
GRASS_SPROUT
377.287170
442.090149
210.000000
0.900000
GRASS_SPROUT
376.527008
442.089905
240.000000
0.750000
GRASS_SPROUT
375.765137
442.089630
90.000000
1.100000
GRASS_SPROUT
375.193604
444.886108
150.000000
0.750000
GRASS_SPROUT
375.948853
444.599792
240.000000
1.200000
GRASS_SPROUT
376.620972
444.156433
75.000000
0.750000
GRASS_SPROUT
375.093567
443.789154
195.000000
1.150000
GRASS_SPROUT
376.220001
443.345703
150.000000
1.200000
GRASS_SPROUT
377.107727
443.632660
270.000000
1.000000
GRASS_SPROUT
377.947754
443.726807
180.000000
0.800000
GRASS_SPROUT
378.626556
443.664124
0.000000
0.850000
GRASS_SPROUT
379.536499
443.505981
45.000000
1.150000
GRASS_SPROUT
380.860046
443.474091
285.000000
1.000000
GRASS_SPROUT
377.325806
442.832977
15.000000
0.850000
GRASS_SPROUT
380.492920
445.049011
150.000000
1.200000
GRASS_SPROUT
379.521881
444.720306
255.000000
1.200000
GRASS_SPROUT
377.306763
444.605316
330.000000
1.150000
GRASS_SPROUT
378.122467
444.720306
270.000000
0.800000
GRASS_SPROUT
378.268585
442.869568
285.000000
0.750000
PINE TREE 1
376.687225
446.366974
90.000000
0.950000