TILE
61
42
FIELD_GRASS
0
GRASS_SPROUT
364.493408
253.960922
300.000000
0.850000
GRASS_SPROUT
365.056763
252.751785
330.000000
1.150000
GRASS_SPROUT
365.650055
251.640884
300.000000
1.250000
GRASS_SPROUT
366.187347
250.792191
45.000000
1.100000
GRASS_SPROUT
367.191406
249.473434
165.000000
1.250000
GRASS_SPROUT
368.987030
253.998001
150.000000
0.950000
GRASS_SPROUT
368.928070
254.893311
105.000000
1.000000
GRASS_SPROUT
367.646667
254.143677
210.000000
0.950000
GRASS_SPROUT
367.847321
253.145447
60.000000
1.100000
GRASS_SPROUT
367.847321
251.980713
105.000000
1.000000
GRASS_SPROUT
366.786652
254.104202
180.000000
0.800000
GRASS_SPROUT
366.334106
254.972839
270.000000
0.950000
GRASS_SPROUT
366.771759
253.005157
15.000000
1.050000
GRASS_SPROUT
368.335114
251.049561
270.000000
1.050000
GRASS_SPROUT
368.831055
250.085175
300.000000
0.750000
GRASS_SPROUT
368.421387
249.474274
0.000000
0.750000
GRASS_SPROUT
365.316498
253.794571
75.000000
1.000000
GRASS_SPROUT
366.583099
251.993866
285.000000
0.950000
GRASS_SPROUT
367.023529
251.318741
165.000000
0.800000