TILE
61
43
FIELD_GRASS
0
GRASS_SPROUT
363.358398
256.192444
120.000000
1.050000
GRASS_SPROUT
363.862610
255.364594
270.000000
1.150000
GRASS_SPROUT
368.701508
255.797699
180.000000
1.150000
GRASS_SPROUT
368.166656
256.656067
135.000000
0.900000
GRASS_SPROUT
367.397858
257.383514
75.000000
1.000000
GRASS_SPROUT
366.680237
257.769897
135.000000
0.950000
GRASS_SPROUT
366.288116
256.914978
345.000000
1.100000
GRASS_SPROUT
366.776459
255.930557
195.000000
1.150000
GRASS_SPROUT
367.186584
255.076035
105.000000
1.000000
GRASS_SPROUT
365.875183
255.787613
90.000000
1.100000
GRASS_SPROUT
363.165619
260.710266
270.000000
1.050000
GRASS_SPROUT
363.606476
259.975189
75.000000
0.950000
GRASS_SPROUT
364.191528
259.246521
330.000000
1.250000
GRASS_SPROUT
364.759460
258.330841
105.000000
1.250000
GRASS_SPROUT
364.521362
257.057037
15.000000
1.250000
GRASS_SPROUT
363.532257
257.695313
255.000000
1.050000
GRASS_SPROUT
363.125092
258.427307
285.000000
0.850000
GRASS_SPROUT
364.762299
255.149796
90.000000
1.150000
GRASS_SPROUT
368.215759
257.503693
120.000000
1.000000
GRASS_SPROUT
365.158936
260.618256
135.000000
1.150000
GRASS_SPROUT
365.526978
259.687164
315.000000
1.000000
GRASS_SPROUT
366.132874
258.891663
0.000000
1.250000