TILE
69
40
FIELD_GRASS
0
GRASS_SPROUT
412.036530
240.717697
210.000000
1.150000
GRASS_SPROUT
413.094299
240.834534
345.000000
1.050000
GRASS_SPROUT
414.284058
240.951035
285.000000
1.200000
GRASS_SPROUT
415.714813
241.235519
30.000000
0.950000
GRASS_SPROUT
416.614166
241.307083
300.000000
0.950000
GRASS_SPROUT
412.096832
242.386993
270.000000
1.250000
GRASS_SPROUT
414.220306
242.579208
45.000000
1.050000
GRASS_SPROUT
413.213501
242.843628
165.000000
1.250000
GRASS_SPROUT
411.158173
242.073547
180.000000
0.750000
GRASS_SPROUT
415.771576
242.348221
210.000000
1.050000
GRASS_SPROUT
416.754791
242.348221
240.000000
1.100000