TILE
47
80
FIELD_GRASS
0
PINE TREE 1
281.855713
477.267761
285.000000
0.850000
PINE TREE 1
283.020752
477.833405
315.000000
0.850000
PINE TREE 1
284.706970
478.180359
330.000000
1.150000
PINE TREE 1
282.775848
479.323425
180.000000
1.150000
PINE TREE 1
283.194672
480.987518
225.000000
1.150000
PINE TREE 1
282.631927
482.586029
30.000000
1.150000
PINE TREE 1
284.371918
482.611145
165.000000
1.200000
PINE TREE 1
280.681427
481.710052
120.000000
1.050000
PINE TREE 1
281.022186
480.389191
15.000000
0.800000
PINE TREE 1
279.525818
480.781128
0.000000
0.850000
PINE TREE 1
279.496216
479.123688
120.000000
1.200000
PINE TREE 1
279.479645
477.431396
180.000000
1.000000
PINE TREE 1
280.873505
478.226959
210.000000
0.900000