TILE
72
73
FIELD_GRASS
0
GRASS_SPROUT
429.435699
438.064789
315.000000
0.950000
GRASS_SPROUT
430.443024
438.064789
330.000000
0.850000
GRASS_SPROUT
431.392731
438.064789
300.000000
0.950000
GRASS_SPROUT
432.402557
438.064789
315.000000
0.900000
GRASS_SPROUT
433.245148
438.064789
30.000000
0.800000
GRASS_SPROUT
434.325012
438.064789
135.000000
1.000000
GRASS_SPROUT
429.001862
437.103973
210.000000
1.050000
GRASS_SPROUT
429.930878
437.103973
225.000000
1.250000
GRASS_SPROUT
430.928894
437.103973
285.000000
0.950000
GRASS_SPROUT
431.988586
437.103973
90.000000
1.000000
GRASS_SPROUT
432.973846
437.103973
225.000000
0.900000
GRASS_SPROUT
434.011139
437.103973
300.000000
1.200000
GRASS_SPROUT
429.532410
435.945129
255.000000
0.900000
GRASS_SPROUT
430.459839
435.945129
180.000000
0.900000
GRASS_SPROUT
431.452454
435.945129
180.000000
1.000000
GRASS_SPROUT
432.456848
435.945129
45.000000
1.200000
GRASS_SPROUT
433.444641
435.945129
210.000000
1.250000
GRASS_SPROUT
434.484314
435.945129
345.000000
1.150000