TILE
75
71
FIELD_GRASS
0
PINE TREE 1
447.062714
424.594421
45.000000
0.900000
GRASS_SPROUT
451.033447
423.077911
30.000000
1.100000
GRASS_SPROUT
451.033447
424.179901
270.000000
0.900000
GRASS_SPROUT
451.033447
425.193909
195.000000
1.250000
GRASS_SPROUT
451.033447
426.253387
0.000000
1.200000
GRASS_SPROUT
451.033447
427.228058
120.000000
1.000000
GRASS_SPROUT
451.033447
428.182953
345.000000
1.000000
GRASS_SPROUT
447.443359
428.091888
120.000000
1.000000
GRASS_SPROUT
448.251831
427.412720
285.000000
1.200000
GRASS_SPROUT
448.512207
426.611145
15.000000
0.850000
GRASS_SPROUT
449.322052
427.616058
135.000000
1.200000
GRASS_SPROUT
448.865356
428.475739
30.000000
1.150000
GRASS_SPROUT
449.412140
426.303345
165.000000
1.100000
GRASS_SPROUT
449.412140
425.171997
0.000000
1.200000
GRASS_SPROUT
449.415710
423.981995
135.000000
0.800000
GRASS_SPROUT
447.931122
423.262085
345.000000
1.250000
GRASS_SPROUT
448.325134
424.589539
105.000000
1.100000
GRASS_SPROUT
448.346924
425.553162
165.000000
1.150000
GRASS_SPROUT
450.085968
423.590302
300.000000
1.050000