TILE
70
70
FIELD_GRASS
0
GRASS_SPROUT
417.256195
422.981781
135.000000
1.050000
GRASS_SPROUT
417.255280
421.939301
285.000000
1.000000
GRASS_SPROUT
417.254486
421.059662
345.000000
0.900000
GRASS_SPROUT
417.253937
420.359497
255.000000
0.750000
GRASS_SPROUT
417.253937
419.478516
75.000000
0.800000
GRASS_SPROUT
417.253937
418.474701
165.000000
1.200000
GRASS_SPROUT
417.253937
417.441895
195.000000
1.150000
GRASS_SPROUT
421.249359
421.900940
105.000000
1.250000
GRASS_SPROUT
421.249359
420.955627
60.000000
0.900000
GRASS_SPROUT
421.249359
419.818695
300.000000
1.100000
GRASS_SPROUT
421.249359
418.859406
150.000000
0.850000
GRASS_SPROUT
421.249359
418.011963
330.000000
1.250000
GRASS_SPROUT
419.198639
417.287170
15.000000
1.200000
GRASS_SPROUT
419.227203
418.428345
270.000000
1.000000
GRASS_SPROUT
419.237762
419.538483
150.000000
1.200000
GRASS_SPROUT
419.251709
420.731079
165.000000
0.800000
GRASS_SPROUT
419.255188
421.353302
30.000000
0.750000
GRASS_SPROUT
419.258636
422.414612
285.000000
1.000000
GRASS_SPROUT
418.627075
421.834869
270.000000
1.100000
GRASS_SPROUT
418.589050
420.447968
15.000000
1.000000
GRASS_SPROUT
418.497559
418.941589
225.000000
1.100000
GRASS_SPROUT
419.986328
420.115723
270.000000
1.100000
GRASS_SPROUT
420.036560
421.206757
330.000000
1.200000
GRASS_SPROUT
420.242523
417.185242
195.000000
1.150000
GRASS_SPROUT
420.480896
418.740906
270.000000
0.950000
GRASS_SPROUT
418.282806
417.515045
195.000000
1.150000