TILE
70
21
FIELD_GRASS
0
GRASS_SPROUT
420.969513
128.706696
330.000000
0.850000
GRASS_SPROUT
421.751526
128.019348
60.000000
1.200000
GRASS_SPROUT
422.298859
127.339180
285.000000
0.900000
GRASS_SPROUT
422.874054
126.393280
30.000000
1.150000
GRASS_SPROUT
417.659912
128.805832
135.000000
1.050000
GRASS_SPROUT
418.973755
128.284363
150.000000
1.050000
GRASS_SPROUT
419.974426
127.994858
225.000000
1.100000
GRASS_SPROUT
421.085388
123.675369
15.000000
0.750000
GRASS_SPROUT
421.085388
124.276016
255.000000
0.750000
GRASS_SPROUT
417.851990
123.686523
240.000000
1.250000
GRASS_SPROUT
417.101013
124.869400
285.000000
1.000000
GRASS_SPROUT
418.833466
123.978859
150.000000
1.050000
GRASS_SPROUT
418.287354
124.847343
180.000000
0.850000
GRASS_SPROUT
417.983612
126.254707
30.000000
1.150000
GRASS_SPROUT
418.693512
125.413841
330.000000
0.750000
GRASS_SPROUT
418.952087
126.083122
0.000000
0.850000
GRASS_SPROUT
419.493408
125.693359
255.000000
0.800000
GRASS_SPROUT
420.260986
124.588966
15.000000
0.800000
GRASS_SPROUT
419.448059
126.602303
195.000000
0.800000
GRASS_SPROUT
420.699188
125.261284
60.000000
1.150000
GRASS_SPROUT
420.470612
126.215225
45.000000
1.100000
GRASS_SPROUT
422.014709
124.794983
105.000000
1.150000
GRASS_SPROUT
421.424774
126.041771
120.000000
0.950000
GRASS_SPROUT
420.991364
126.852982
195.000000
0.750000
GRASS_SPROUT
418.912933
127.397179
180.000000
0.900000