TILE
78
27
FIELD_GRASS
0
PINE TREE 2
467.122925
160.331497
15.000000
1.200000
PINE TREE 2
468.016144
161.853088
180.000000
1.150000
PINE TREE 2
469.132843
163.285828
120.000000
1.100000
PINE TREE 2
470.420227
164.742844
150.000000
1.150000
PINE TREE 2
466.282745
163.734024
105.000000
1.100000
PINE TREE 2
465.504425
159.375168
60.000000
1.000000
PINE TREE 2
465.830597
161.844543
150.000000
1.050000
PINE TREE 2
468.669586
159.226166
315.000000
1.250000
PINE TREE 2
469.460266
161.275848
90.000000
0.750000
GRASS_SPROUT
470.652893
159.301544
150.000000
1.150000
GRASS_SPROUT
470.226349
160.306091
240.000000
1.000000
GRASS_SPROUT
470.060791
162.318665
270.000000
0.750000
GRASS_SPROUT
470.449158
161.639893
90.000000
0.850000
GRASS_SPROUT
470.935699
163.023560
225.000000
1.150000
GRASS_SPROUT
467.513275
163.108337
120.000000
1.100000
GRASS_SPROUT
468.021454
164.266541
285.000000
1.100000