TILE
29
23
FIELD_GRASS
0
PINE TREE 2
173.817520
136.205811
90.000000
0.950000
GRASS_SPROUT
171.907730
140.448471
90.000000
1.000000
GRASS_SPROUT
172.594727
139.815918
315.000000
1.250000
GRASS_SPROUT
173.467346
139.399033
30.000000
1.100000
GRASS_SPROUT
174.507462
139.040771
150.000000
1.050000
GRASS_SPROUT
175.537277
138.857788
210.000000
1.250000
GRASS_SPROUT
176.394516
138.894592
225.000000
0.750000
GRASS_SPROUT
171.507111
137.880463
150.000000
1.050000
GRASS_SPROUT
172.495575
136.872482
15.000000
0.900000
GRASS_SPROUT
173.055145
137.839920
345.000000
0.900000
GRASS_SPROUT
172.281418
138.666580
315.000000
1.000000
GRASS_SPROUT
171.276581
139.079727
210.000000
0.950000
GRASS_SPROUT
171.568359
135.116913
0.000000
0.800000
GRASS_SPROUT
171.713150
136.111008
240.000000
1.250000
GRASS_SPROUT
171.712646
137.126099
225.000000
0.800000
GRASS_SPROUT
175.362808
135.886185
120.000000
1.250000
GRASS_SPROUT
176.456757
136.212326
300.000000
1.100000
GRASS_SPROUT
176.875946
137.132080
165.000000
1.250000
GRASS_SPROUT
176.047668
137.607849
240.000000
0.750000
GRASS_SPROUT
175.234833
137.246765
270.000000
1.250000
GRASS_SPROUT
174.361053
137.888107
135.000000
1.150000