TILE
19
51
FIELD_GRASS
0
GRASS_SPROUT
111.212997
303.083862
345.000000
1.000000
GRASS_SPROUT
112.247833
303.348511
75.000000
1.250000
GRASS_SPROUT
113.193443
303.556976
150.000000
1.000000
GRASS_SPROUT
113.926895
303.556976
105.000000
0.800000
GRASS_SPROUT
114.713348
303.505127
15.000000
1.150000
GRASS_SPROUT
115.625145
303.453094
240.000000
1.000000
GRASS_SPROUT
116.350403
303.348511
15.000000
0.750000
GRASS_SPROUT
111.549561
308.948273
105.000000
1.250000
GRASS_SPROUT
116.578773
308.194305
60.000000
0.750000
GRASS_SPROUT
114.128242
308.909393
75.000000
1.000000
GRASS_SPROUT
111.176613
307.766052
225.000000
1.100000
GRASS_SPROUT
111.578598
306.636688
75.000000
1.250000
GRASS_SPROUT
112.370583
307.230164
315.000000
1.200000
GRASS_SPROUT
111.832848
305.093964
270.000000
0.900000
GRASS_SPROUT
112.757988
305.194122
30.000000
1.200000
GRASS_SPROUT
113.922478
304.494598
15.000000
1.250000
GRASS_SPROUT
114.991913
304.677948
180.000000
1.050000
GRASS_SPROUT
115.998451
304.317688
285.000000
1.250000
GRASS_SPROUT
111.148567
304.284363
105.000000
1.050000
GRASS_SPROUT
116.463348
305.397888
180.000000
1.250000
GRASS_SPROUT
116.789795
306.715912
120.000000
0.750000
GRASS_SPROUT
116.152817
307.295074
75.000000
0.900000
GRASS_SPROUT
115.127014
307.697510
210.000000
0.800000
GRASS_SPROUT
114.913254
307.035645
165.000000
0.850000
GRASS_SPROUT
115.585548
306.133148
30.000000
1.250000
GRASS_SPROUT
114.311935
306.634521
90.000000
0.750000
GRASS_SPROUT
113.401695
307.009338
270.000000
1.250000
GRASS_SPROUT
113.882896
305.989838
345.000000
0.750000
GRASS_SPROUT
114.440063
305.518707
345.000000
0.850000
GRASS_SPROUT
115.877686
308.204315
75.000000
0.800000
GRASS_SPROUT
112.538124
308.360565
210.000000
1.250000
GRASS_SPROUT
113.568909
308.018799
45.000000
1.250000
GRASS_SPROUT
113.190788
308.885468
90.000000
0.800000