TILE
16
59
FIELD_GRASS
0
PINE TREE 1
98.734749
353.374908
75.000000
1.200000
PINE TREE 1
97.679657
354.428375
165.000000
0.750000
PINE TREE 1
96.604507
355.502533
225.000000
0.850000
PINE TREE 1
95.666313
356.440216
315.000000
0.850000
PINE TREE 1
93.368279
355.484711
105.000000
0.750000
PINE TREE 1
93.845161
351.092133
0.000000
0.900000
PINE TREE 1
94.014717
352.605865
285.000000
0.950000
PINE TREE 1
94.463814
354.645844
45.000000
1.150000
PINE TREE 1
93.941872
356.381378
195.000000
0.750000
PINE TREE 1
95.985703
353.932281
330.000000
1.150000
PINE TREE 1
95.505058
352.356415
315.000000
1.150000
PINE TREE 1
97.112587
352.675171
330.000000
1.150000
PINE TREE 1
98.271820
351.150848
30.000000
1.050000
GRASS_SPROUT
97.796196
355.557465
75.000000
1.150000
GRASS_SPROUT
98.314911
356.344696
285.000000
0.900000
GRASS_SPROUT
97.066025
356.533722
270.000000
1.200000