TILE
70
47
FIELD_GRASS
0
GRASS_SPROUT
417.033081
279.675873
210.000000
1.050000
GRASS_SPROUT
417.278534
280.882904
90.000000
1.200000
GRASS_SPROUT
417.593658
281.742310
60.000000
1.000000
GRASS_SPROUT
418.113495
282.823975
75.000000
1.150000
GRASS_SPROUT
418.662811
283.700623
165.000000
0.850000
GRASS_SPROUT
419.418762
284.741821
345.000000
0.950000
GRASS_SPROUT
417.505585
284.661316
330.000000
1.250000
GRASS_SPROUT
417.216766
283.743713
150.000000
1.100000
GRASS_SPROUT
417.292694
282.963867
225.000000
0.800000