TILE
72
83
FIELD_GRASS
0
GRASS_SPROUT
429.416565
500.606384
330.000000
1.200000
GRASS_SPROUT
429.483459
497.158356
30.000000
1.200000
GRASS_SPROUT
430.246033
497.517303
15.000000
0.800000
GRASS_SPROUT
429.674744
498.483856
135.000000
1.200000
GRASS_SPROUT
429.869385
495.759155
300.000000
1.250000
GRASS_SPROUT
430.834869
496.185699
150.000000
1.000000
GRASS_SPROUT
431.569458
496.878662
60.000000
1.150000
GRASS_SPROUT
430.512329
499.427094
105.000000
0.750000
GRASS_SPROUT
431.303192
499.731689
225.000000
1.250000
GRASS_SPROUT
431.214539
498.689575
60.000000
0.750000
GRASS_SPROUT
431.156708
497.817963
195.000000
1.000000
GRASS_SPROUT
432.236481
496.450104
60.000000
0.800000
GRASS_SPROUT
431.859009
495.859985
315.000000
0.900000
GRASS_SPROUT
431.077515
495.326233
75.000000
1.200000
GRASS_SPROUT
432.905731
495.542175
120.000000
1.000000
GRASS_SPROUT
433.765808
495.769165
330.000000
0.850000
GRASS_SPROUT
434.591003
495.843933
60.000000
0.950000
GRASS_SPROUT
434.562592
497.948792
75.000000
0.950000
GRASS_SPROUT
433.512817
498.393524
165.000000
0.900000
GRASS_SPROUT
432.563843
498.827454
120.000000
0.800000
GRASS_SPROUT
433.252472
497.273834
150.000000
1.250000
GRASS_SPROUT
434.334412
499.263550
195.000000
1.200000
GRASS_SPROUT
433.712250
500.034302
315.000000
0.950000
GRASS_SPROUT
433.714508
500.750671
135.000000
0.800000
GRASS_SPROUT
431.144714
500.613586
240.000000
0.900000
GRASS_SPROUT
431.849548
500.435699
315.000000
0.850000
GRASS_SPROUT
432.849121
499.805817
270.000000
1.200000
GRASS_SPROUT
431.923584
498.992859
135.000000
0.850000
GRASS_SPROUT
432.433685
497.799988
180.000000
1.050000
GRASS_SPROUT
434.006073
496.829041
30.000000
0.900000
GRASS_SPROUT
434.150116
495.078949
120.000000
1.100000