TILE
74
85
FIELD_GRASS
0
GRASS_SPROUT
446.228882
511.469055
105.000000
0.800000
GRASS_SPROUT
445.618408
511.205353
150.000000
0.850000
GRASS_SPROUT
444.541168
511.044556
270.000000
1.200000
GRASS_SPROUT
443.583374
510.990417
285.000000
1.150000
GRASS_SPROUT
442.451416
511.361450
120.000000
0.800000
GRASS_SPROUT
441.687653
511.868561
255.000000
0.800000
GRASS_SPROUT
442.100800
512.896179
15.000000
1.000000
GRASS_SPROUT
442.697113
511.974091
30.000000
0.850000
GRASS_SPROUT
443.666931
511.809174
165.000000
0.850000
GRASS_SPROUT
444.344604
512.496521
75.000000
0.850000
GRASS_SPROUT
445.198090
512.377747
0.000000
0.950000
GRASS_SPROUT
445.935455
512.808167
315.000000
0.950000