TILE
53
69
FIELD_GRASS
0
HOUSE 1
316.768250
416.977966
0.000000
1.300000
GRASS_SPROUT
320.686493
414.643494
285.000000
1.250000
GRASS_SPROUT
319.796936
414.205963
180.000000
1.000000
GRASS_SPROUT
320.494873
411.964661
150.000000
0.900000
GRASS_SPROUT
319.337433
413.021423
105.000000
1.150000
GRASS_SPROUT
318.431610
412.601074
210.000000
0.850000
GRASS_SPROUT
317.699005
412.444763
45.000000
0.750000
GRASS_SPROUT
316.965363
412.405396
255.000000
1.050000
GRASS_SPROUT
317.481476
413.282043
285.000000
1.200000
GRASS_SPROUT
318.293274
413.963806
240.000000
1.250000
GRASS_SPROUT
319.978943
415.380890
150.000000
1.200000
GRASS_SPROUT
320.092133
416.364166
210.000000
1.200000
GRASS_SPROUT
320.965027
416.421143
285.000000
0.950000