TILE
58
62
FIELD_GRASS
0
PINE TREE 2
347.286743
372.436096
210.000000
1.200000
GRASS_SPROUT
348.135529
374.593872
90.000000
1.000000
GRASS_SPROUT
347.446411
374.091766
0.000000
0.900000
GRASS_SPROUT
346.294769
371.528107
45.000000
1.050000
GRASS_SPROUT
346.574158
370.758179
30.000000
0.850000
GRASS_SPROUT
347.403839
370.491791
150.000000
1.200000
GRASS_SPROUT
348.330475
370.401855
165.000000
0.850000
GRASS_SPROUT
349.358612
370.845856
255.000000
1.250000
GRASS_SPROUT
349.854156
371.816254
285.000000
0.900000
GRASS_SPROUT
350.020172
372.568604
90.000000
0.950000
GRASS_SPROUT
350.104492
373.674927
270.000000
1.050000
GRASS_SPROUT
349.510406
374.495117
15.000000
1.200000
GRASS_SPROUT
346.677765
374.023285
60.000000
0.850000
GRASS_SPROUT
346.417267
373.389130
15.000000
0.850000
GRASS_SPROUT
345.989777
372.568604
255.000000
0.950000
GRASS_SPROUT
348.918671
372.873016
210.000000
1.250000
GRASS_SPROUT
348.628845
369.639679
285.000000
1.150000
GRASS_SPROUT
349.647949
369.787109
300.000000
1.250000
GRASS_SPROUT
350.465820
369.823700
315.000000
0.750000
GRASS_SPROUT
350.673676
370.499725
180.000000
0.900000
GRASS_SPROUT
350.503998
374.599976
225.000000
1.050000
GRASS_SPROUT
345.462921
373.260468
225.000000
1.000000
GRASS_SPROUT
346.353271
374.742218
300.000000
0.850000
GRASS_SPROUT
345.361084
374.490112
195.000000
1.100000
GRASS_SPROUT
345.452759
371.276306
45.000000
1.100000
STREETLIGHT
345.183044
369.278168
180.000000
1.250000