TILE
55
68
FIELD_GRASS
0
GRASS_SPROUT
329.734772
405.143005
345.000000
1.200000
GRASS_SPROUT
330.040070
406.040253
345.000000
1.000000
GRASS_SPROUT
330.713257
406.715393
15.000000
1.200000
GRASS_SPROUT
331.235474
407.721039
75.000000
1.250000
GRASS_SPROUT
331.635193
408.417847
30.000000
0.750000
GRASS_SPROUT
331.855316
409.045258
135.000000
0.750000
GRASS_SPROUT
331.874329
409.672119
150.000000
0.750000
GRASS_SPROUT
331.438141
410.208984
0.000000
0.800000
GRASS_SPROUT
330.548279
410.411194
15.000000
0.900000
GRASS_SPROUT
329.702209
410.525116
330.000000
1.150000
GRASS_SPROUT
329.096558
409.823761
150.000000
1.000000
GRASS_SPROUT
329.246613
408.883270
75.000000
0.850000
GRASS_SPROUT
329.889557
408.552643
210.000000
0.850000
GRASS_SPROUT
330.538055
409.045258
0.000000
1.050000
GRASS_SPROUT
330.285461
407.934174
300.000000
0.900000
GRASS_SPROUT
329.769653
407.209351
120.000000
0.800000
GRASS_SPROUT
329.175629
406.121490
105.000000
1.150000