TILE
50
65
FIELD_GRASS
0
PINE TREE 1
301.945465
387.354889
30.000000
0.800000
PINE TREE 1
300.659302
389.592468
15.000000
1.250000
PINE TREE 1
298.802155
392.185028
0.000000
0.950000
PINE TREE 1
297.597534
389.518311
315.000000
1.000000
PINE TREE 1
298.950195
390.449493
210.000000
0.850000
PINE TREE 1
297.208771
391.221893
0.000000
1.100000
PINE TREE 1
299.311157
387.613678
0.000000
0.850000
PINE TREE 1
297.300079
387.473816
45.000000
0.900000
GRASS_SPROUT
302.279541
388.347046
315.000000
0.850000
GRASS_SPROUT
302.279541
389.126556
30.000000
1.000000
GRASS_SPROUT
302.345398
390.079865
195.000000
1.050000
GRASS_SPROUT
302.377899
390.819916
345.000000
0.750000
GRASS_SPROUT
302.443268
391.422882
105.000000
0.750000
GRASS_SPROUT
301.139801
391.692657
120.000000
1.250000
GRASS_SPROUT
300.306488
391.856842
225.000000
0.800000
GRASS_SPROUT
298.755646
388.991638
45.000000
1.150000
GRASS_SPROUT
299.826447
390.958984
75.000000
0.950000
GRASS_SPROUT
297.876251
392.897217
315.000000
1.150000