TILE
47
81
FIELD_GRASS
0
PINE TREE 1
284.142517
484.229797
75.000000
1.100000
PINE TREE 1
283.428558
485.654358
150.000000
0.900000
PINE TREE 1
284.474274
486.743561
60.000000
0.850000
PINE TREE 1
283.207336
488.891785
225.000000
0.900000
PINE TREE 1
282.046417
487.624817
15.000000
1.050000
PINE TREE 1
282.262543
484.776794
240.000000
1.150000
PINE TREE 1
279.316162
484.822662
285.000000
1.250000
PINE TREE 1
280.286774
483.316467
240.000000
1.000000
PINE TREE 1
280.606964
485.552429
75.000000
0.850000
PINE TREE 1
280.093109
487.171448
45.000000
1.200000
PINE TREE 1
284.339813
488.089417
195.000000
1.000000
GRASS_SPROUT
282.748352
486.432831
300.000000
0.750000
GRASS_SPROUT
281.482269
486.676178
180.000000
0.850000