TILE
43
80
FIELD_GRASS
0
PINE TREE 1
256.855255
477.055817
120.000000
1.100000
PINE TREE 1
256.803589
478.749756
225.000000
0.900000
PINE TREE 1
256.763702
480.111145
30.000000
1.000000
PINE TREE 1
256.742676
481.775177
120.000000
1.100000
PINE TREE 1
255.474716
480.881012
60.000000
1.100000
GRASS_SPROUT
260.174408
482.794739
330.000000
0.950000
GRASS_SPROUT
258.969543
482.679535
30.000000
1.000000
GRASS_SPROUT
258.084564
482.550751
180.000000
1.050000
GRASS_SPROUT
260.577667
481.985809
60.000000
1.100000
GRASS_SPROUT
258.163147
477.604462
240.000000
1.150000
GRASS_SPROUT
258.263123
478.692322
255.000000
1.200000
GRASS_SPROUT
258.401459
479.697754
345.000000
1.150000
GRASS_SPROUT
259.344482
481.201843
60.000000
1.150000
GRASS_SPROUT
260.652008
480.734833
315.000000
1.250000
GRASS_SPROUT
258.391663
481.017242
240.000000
1.150000
GRASS_SPROUT
255.525330
477.738892
285.000000
1.150000
GRASS_SPROUT
255.975845
479.301941
0.000000
0.900000
GRASS_SPROUT
259.213837
478.148926
330.000000
1.100000
GRASS_SPROUT
260.993042
477.773621
255.000000
1.200000
GRASS_SPROUT
260.047455
479.603302
75.000000
1.000000
GRASS_SPROUT
260.285004
477.024261
105.000000
0.850000
GRASS_SPROUT
259.220612
477.024261
300.000000
1.200000