TILE
49
82
FIELD_GRASS
0
PINE TREE 1
294.117432
489.209839
345.000000
1.000000
PINE TREE 1
292.673615
489.308472
90.000000
1.000000
PINE TREE 1
291.103729
489.308380
45.000000
1.000000
PINE TREE 1
292.024963
491.399506
30.000000
1.050000
PINE TREE 1
293.480072
491.352936
255.000000
0.750000
PINE TREE 1
295.957642
490.939117
285.000000
1.150000
PINE TREE 1
295.637482
492.638641
315.000000
0.950000
PINE TREE 1
294.275665
492.389526
315.000000
0.950000
PINE TREE 1
294.382507
494.026245
330.000000
1.200000
PINE TREE 1
292.635986
493.319794
45.000000
1.250000
PINE TREE 1
291.677490
494.940491
75.000000
1.000000