TILE
43
81
FIELD_GRASS
0
PINE TREE 1
256.071136
483.262238
345.000000
1.050000
PINE TREE 1
255.058243
484.634003
15.000000
0.900000
GRASS_SPROUT
256.388184
484.642395
120.000000
1.050000
GRASS_SPROUT
257.233826
484.293365
15.000000
1.000000
GRASS_SPROUT
258.175293
484.032623
75.000000
1.200000
GRASS_SPROUT
259.076630
483.785187
270.000000
1.000000
GRASS_SPROUT
259.965179
483.532471
195.000000
0.850000
GRASS_SPROUT
260.739624
483.371796
90.000000
1.050000
GRASS_SPROUT
257.376404
483.168518
45.000000
0.750000