TILE
78
43
FIELD_GRASS
0
PINE TREE 2
470.809723
257.840698
90.000000
1.150000
GRASS_SPROUT
470.304688
259.761383
225.000000
0.900000
GRASS_SPROUT
469.264832
259.887238
225.000000
1.100000
GRASS_SPROUT
468.441376
259.356018
30.000000
0.750000
GRASS_SPROUT
467.812378
258.569275
330.000000
1.250000
GRASS_SPROUT
467.381256
257.693451
240.000000
1.000000
GRASS_SPROUT
467.641083
256.679657
195.000000
0.900000
GRASS_SPROUT
468.595978
255.426788
210.000000
0.850000
GRASS_SPROUT
467.892090
255.870407
75.000000
1.100000
GRASS_SPROUT
468.852325
256.086578
165.000000
0.800000
GRASS_SPROUT
468.899811
256.815216
270.000000
0.850000
GRASS_SPROUT
468.819672
257.629761
150.000000
1.000000
GRASS_SPROUT
469.857300
256.611328
195.000000
1.150000
GRASS_SPROUT
470.021729
258.911438
120.000000
1.150000
GRASS_SPROUT
469.547089
258.093109
0.000000
0.750000
GRASS_SPROUT
470.447906
255.978943
30.000000
0.850000