TILE
71
43
FIELD_GRASS
0
GRASS_SPROUT
428.644257
259.749054
270.000000
0.850000
GRASS_SPROUT
427.991974
260.456757
105.000000
1.200000
GRASS_SPROUT
425.880737
260.846436
105.000000
0.750000
GRASS_SPROUT
426.446442
260.270111
0.000000
1.150000
GRASS_SPROUT
427.162689
259.741089
120.000000
0.850000
GRASS_SPROUT
427.857117
259.228210
45.000000
1.250000
GRASS_SPROUT
428.859528
257.503357
30.000000
1.200000
GRASS_SPROUT
426.518219
259.102356
195.000000
0.750000
GRASS_SPROUT
426.938080
258.247345
225.000000
1.250000
GRASS_SPROUT
427.431122
257.388580
240.000000
0.750000
GRASS_SPROUT
427.739075
256.450165
15.000000
0.900000
GRASS_SPROUT
427.931671
255.636612
315.000000
0.750000
GRASS_SPROUT
428.865295
255.364273
240.000000
1.200000
GRASS_SPROUT
423.136139
257.678314
240.000000
1.150000
GRASS_SPROUT
424.187073
256.836975
90.000000
1.200000
GRASS_SPROUT
424.968842
256.234131
75.000000
0.750000
GRASS_SPROUT
425.819275
255.645721
105.000000
1.250000
GRASS_SPROUT
424.986359
255.239227
315.000000
1.050000
GRASS_SPROUT
423.834381
255.238129
105.000000
1.250000
GRASS_SPROUT
423.048767
259.063446
345.000000
0.800000
GRASS_SPROUT
424.788147
260.115417
210.000000
0.950000
GRASS_SPROUT
425.540192
259.777130
285.000000
1.000000
GRASS_SPROUT
425.994781
257.953674
15.000000
0.800000
GRASS_SPROUT
425.510590
258.486115
60.000000
0.800000
GRASS_SPROUT
423.582764
260.543243
300.000000
0.900000
GRASS_SPROUT
424.159760
259.429169
0.000000
1.200000
GRASS_SPROUT
424.635437
258.377594
225.000000
1.050000
GRASS_SPROUT
425.644592
257.159912
330.000000
1.150000
GRASS_SPROUT
426.854401
256.030792
120.000000
0.900000
GRASS_SPROUT
426.615967
256.933685
330.000000
1.200000
GRASS_SPROUT
426.509155
255.082565
270.000000
0.750000