TILE
70
41
FIELD_GRASS
0
GRASS_SPROUT
421.602997
243.135849
105.000000
0.900000
GRASS_SPROUT
422.566864
243.680359
255.000000
1.050000
GRASS_SPROUT
418.543396
243.066055
270.000000
0.900000
GRASS_SPROUT
419.360046
243.356750
195.000000
0.950000
GRASS_SPROUT
420.138397
243.428406
165.000000
0.800000
GRASS_SPROUT
418.672333
244.423706
345.000000
1.050000
GRASS_SPROUT
419.449310
244.587448
195.000000
0.750000
GRASS_SPROUT
420.130280
244.684647
150.000000
0.750000
GRASS_SPROUT
417.565125
243.676025
45.000000
1.100000
GRASS_SPROUT
420.938873
244.907578
60.000000
1.000000
GRASS_SPROUT
421.086365
245.822571
120.000000
0.750000
GRASS_SPROUT
421.095856
246.690063
15.000000
0.850000
GRASS_SPROUT
420.175476
246.690857
180.000000
0.850000
GRASS_SPROUT
419.425568
245.663788
300.000000
0.850000
GRASS_SPROUT
420.441193
245.422211
45.000000
0.750000
GRASS_SPROUT
421.775391
246.575562
315.000000
0.750000
GRASS_SPROUT
421.907562
245.313492
45.000000
0.900000
GRASS_SPROUT
422.330841
246.020966
0.000000
1.000000
GRASS_SPROUT
422.825623
246.979630
345.000000
1.150000
GRASS_SPROUT
422.735138
245.313492
30.000000
0.750000
GRASS_SPROUT
421.675873
244.001190
105.000000
1.200000
GRASS_SPROUT
422.397369
248.379196
60.000000
0.950000
GRASS_SPROUT
421.576782
247.833725
210.000000
1.150000
GRASS_SPROUT
420.853760
247.510757
300.000000
0.800000
GRASS_SPROUT
417.898041
247.801758
45.000000
1.150000
GRASS_SPROUT
417.616180
245.721954
285.000000
1.100000
GRASS_SPROUT
418.804474
247.209091
300.000000
1.250000
GRASS_SPROUT
419.358215
247.961594
45.000000
0.800000
GRASS_SPROUT
420.170715
248.354294
210.000000
1.000000