TILE
77
47
FIELD_GRASS
0
GRASS_SPROUT
461.212433
284.963043
165.000000
1.250000
GRASS_SPROUT
462.358215
284.303253
150.000000
1.100000
GRASS_SPROUT
463.507568
283.726593
165.000000
1.250000
GRASS_SPROUT
464.500580
283.246490
210.000000
0.750000
GRASS_SPROUT
464.947693
283.956024
0.000000
1.200000
GRASS_SPROUT
464.697388
284.837952
300.000000
0.750000
GRASS_SPROUT
463.523254
284.714142
60.000000
1.200000
GRASS_SPROUT
463.387848
282.790466
285.000000
1.000000
GRASS_SPROUT
462.767914
283.265228
30.000000
0.800000
GRASS_SPROUT
461.275879
284.040466
255.000000
1.050000
GRASS_SPROUT
462.052856
283.494232
45.000000
1.000000
GRASS_SPROUT
463.383423
281.930054
0.000000
1.050000
GRASS_SPROUT
463.731232
281.079315
45.000000
1.200000
GRASS_SPROUT
464.190094
279.920868
105.000000
0.950000
GRASS_SPROUT
464.319153
279.045776
15.000000
1.150000
GRASS_SPROUT
462.650635
282.469818
75.000000
0.950000