TILE
61
53
FIELD_GRASS
0
GRASS_SPROUT
363.449738
316.280487
195.000000
0.950000
GRASS_SPROUT
364.269928
316.395142
240.000000
1.000000
GRASS_SPROUT
365.118683
316.658783
120.000000
1.050000
GRASS_SPROUT
365.533722
317.488831
105.000000
1.250000
GRASS_SPROUT
365.351196
318.548431
60.000000
1.200000
GRASS_SPROUT
365.649261
319.575409
60.000000
0.800000
GRASS_SPROUT
365.686493
320.467896
45.000000
0.900000
GRASS_SPROUT
363.839935
320.968689
315.000000
0.850000
GRASS_SPROUT
363.854950
319.927551
315.000000
1.150000
GRASS_SPROUT
363.606567
318.859497
255.000000
1.000000
GRASS_SPROUT
363.103088
318.087372
285.000000
1.050000
GRASS_SPROUT
364.015198
317.778076
240.000000
1.050000
GRASS_SPROUT
364.949951
320.027069
60.000000
1.150000
GRASS_SPROUT
364.579041
319.325989
300.000000
0.750000
GRASS_SPROUT
363.073029
320.689667
315.000000
1.050000