TILE
64
55
FIELD_GRASS
0
PINE TREE 1
381.154968
332.926147
270.000000
1.150000
PINE TREE 1
382.701569
332.924225
60.000000
0.800000
PINE TREE 1
384.141113
332.923157
165.000000
0.750000
PINE TREE 1
385.618958
332.974548
165.000000
0.900000
PINE TREE 1
386.428619
331.761810
315.000000
1.100000
PINE TREE 1
384.468719
331.521027
300.000000
1.250000
GRASS_SPROUT
381.436768
330.810120
285.000000
0.950000
GRASS_SPROUT
382.369232
330.605682
45.000000
1.000000
GRASS_SPROUT
383.360321
330.292603
330.000000
1.100000
GRASS_SPROUT
384.292877
329.826172
210.000000
0.950000
GRASS_SPROUT
384.842072
329.342133
75.000000
0.800000
GRASS_SPROUT
385.341278
328.839417
240.000000
0.800000
GRASS_SPROUT
386.115723
328.110535
60.000000
1.250000
GRASS_SPROUT
386.990387
327.428284
30.000000
1.250000
GRASS_SPROUT
381.568817
331.814911
60.000000
0.950000
GRASS_SPROUT
382.779480
331.845947
225.000000
1.100000
GRASS_SPROUT
386.389069
330.350861
315.000000
1.100000
GRASS_SPROUT
386.852356
329.418915
285.000000
1.250000