TILE
52
37
FIELD_GRASS
0
PINE TREE 2
311.120056
222.441559
135.000000
1.100000
GRASS_SPROUT
313.233398
222.815201
180.000000
1.200000
GRASS_SPROUT
312.574829
223.543488
165.000000
0.950000
GRASS_SPROUT
311.888519
224.134460
285.000000
0.750000
GRASS_SPROUT
311.138428
224.660187
0.000000
0.800000
GRASS_SPROUT
310.282135
224.919479
75.000000
0.800000
GRASS_SPROUT
309.578308
224.859970
180.000000
0.800000
GRASS_SPROUT
309.192749
224.120392
225.000000
1.100000
GRASS_SPROUT
309.172974
223.105545
210.000000
1.000000
GRASS_SPROUT
309.917114
222.316696
225.000000
0.800000
GRASS_SPROUT
311.259949
223.675598
75.000000
0.800000
GRASS_SPROUT
309.984344
223.780914
345.000000
0.950000
GRASS_SPROUT
309.389740
221.630417
120.000000
1.100000
GRASS_SPROUT
310.316986
221.010223
90.000000
0.850000
GRASS_SPROUT
311.088165
220.688248
330.000000
0.750000
GRASS_SPROUT
312.110901
220.688248
120.000000
1.200000
GRASS_SPROUT
313.007477
221.045502
45.000000
1.000000
GRASS_SPROUT
313.932709
222.124374
135.000000
1.250000
GRASS_SPROUT
312.645508
224.270004
330.000000
0.850000
GRASS_SPROUT
312.036865
224.944672
285.000000
1.100000
GRASS_SPROUT
313.394226
223.777267
315.000000
1.100000
GRASS_SPROUT
313.969574
223.203156
105.000000
0.800000