TILE
58
38
FIELD_GRASS
0
GRASS_SPROUT
345.982666
230.615707
165.000000
0.850000
GRASS_SPROUT
345.700195
229.805923
315.000000
1.050000
GRASS_SPROUT
346.168549
226.164642
60.000000
1.000000
GRASS_SPROUT
346.761200
225.508301
90.000000
1.150000
GRASS_SPROUT
348.322083
225.357422
90.000000
0.800000
GRASS_SPROUT
349.052429
225.433090
180.000000
0.900000
GRASS_SPROUT
347.612091
226.201782
315.000000
1.250000
GRASS_SPROUT
345.828186
226.926376
270.000000
0.900000
GRASS_SPROUT
345.204956
225.545746
255.000000
0.800000
GRASS_SPROUT
350.162750
225.470749
150.000000
0.750000
GRASS_SPROUT
350.977142
225.319443
345.000000
1.250000
GRASS_SPROUT
349.967529
227.736572
90.000000
1.000000
GRASS_SPROUT
349.222260
228.137085
120.000000
1.000000
GRASS_SPROUT
348.409637
228.553543
135.000000
1.100000
GRASS_SPROUT
347.235901
228.983566
270.000000
0.900000
GRASS_SPROUT
345.500092
228.287552
60.000000
1.150000
GRASS_SPROUT
346.498962
227.984650
330.000000
0.750000
GRASS_SPROUT
347.682434
227.642181
105.000000
1.250000
GRASS_SPROUT
348.512115
227.419006
195.000000
0.750000
GRASS_SPROUT
348.691132
226.272629
330.000000
1.250000
GRASS_SPROUT
348.173798
230.074341
60.000000
1.100000
GRASS_SPROUT
347.491119
230.715576
90.000000
0.850000
GRASS_SPROUT
349.211823
230.840622
165.000000
0.900000
GRASS_SPROUT
350.804443
228.113312
75.000000
1.250000
GRASS_SPROUT
348.730957
229.344635
135.000000
0.900000
GRASS_SPROUT
349.923920
229.385178
240.000000
1.150000
GRASS_SPROUT
350.294312
230.183258
285.000000
0.850000
GRASS_SPROUT
350.826477
229.532303
75.000000
0.950000
GRASS_SPROUT
346.386475
229.108521
210.000000
1.050000
GRASS_SPROUT
346.471954
230.009293
45.000000
0.850000
GRASS_SPROUT
347.359863
229.828491
15.000000
0.750000
GRASS_SPROUT
349.890381
226.337875
330.000000
1.100000