TILE
57
38
FIELD_GRASS
0
GRASS_SPROUT
344.888763
230.159088
345.000000
0.850000
GRASS_SPROUT
343.817474
230.159088
345.000000
1.150000
GRASS_SPROUT
342.618195
230.159088
285.000000
0.850000
GRASS_SPROUT
341.776886
230.159088
15.000000
0.750000
GRASS_SPROUT
340.954529
230.159088
345.000000
0.850000
GRASS_SPROUT
340.058441
230.159088
225.000000
0.850000
GRASS_SPROUT
339.290222
230.159088
150.000000
0.950000
GRASS_SPROUT
339.771881
229.443161
330.000000
0.800000
GRASS_SPROUT
340.433044
229.028381
255.000000
0.900000
GRASS_SPROUT
341.036530
228.513550
45.000000
0.900000
GRASS_SPROUT
341.586700
227.979065
270.000000
0.950000
GRASS_SPROUT
342.158112
227.281601
90.000000
1.100000
GRASS_SPROUT
342.799225
226.499054
15.000000
0.900000
GRASS_SPROUT
343.546448
225.936310
0.000000
1.100000
GRASS_SPROUT
344.488861
225.352081
165.000000
0.900000
GRASS_SPROUT
344.593964
227.946030
45.000000
1.000000
GRASS_SPROUT
343.886078
228.324158
210.000000
1.000000
GRASS_SPROUT
344.014282
227.385284
225.000000
0.950000
GRASS_SPROUT
344.972382
226.837875
345.000000
1.150000
GRASS_SPROUT
343.126892
228.611832
255.000000
1.000000
GRASS_SPROUT
342.487946
229.206360
240.000000
0.900000
GRASS_SPROUT
341.661438
229.424789
240.000000
0.850000
GRASS_SPROUT
343.151123
227.736572
210.000000
0.850000
GRASS_SPROUT
344.529785
226.130539
225.000000
0.800000
GRASS_SPROUT
344.569733
229.206360
180.000000
1.200000