TILE
47
43
FIELD_GRASS
0
PINE TREE 1
281.051514
256.392914
315.000000
1.250000
GRASS_SPROUT
283.598541
255.217712
285.000000
1.200000
GRASS_SPROUT
283.457031
256.026489
75.000000
0.850000
GRASS_SPROUT
282.977264
256.549774
165.000000
0.800000
GRASS_SPROUT
282.376801
257.084625
120.000000
1.200000
GRASS_SPROUT
281.682709
257.783386
0.000000
0.950000
GRASS_SPROUT
281.177826
258.558990
0.000000
1.250000
GRASS_SPROUT
281.060547
259.578491
45.000000
1.100000
GRASS_SPROUT
281.839783
259.925903
210.000000
0.750000
GRASS_SPROUT
282.618134
260.187195
195.000000
1.150000
GRASS_SPROUT
279.666199
256.206635
330.000000
0.900000
GRASS_SPROUT
279.708313
260.129669
15.000000
1.200000
GRASS_SPROUT
279.612518
257.057159
300.000000
0.750000
GRASS_SPROUT
279.041840
257.884186
90.000000
0.950000
GRASS_SPROUT
280.545746
257.546234
135.000000
0.950000
GRASS_SPROUT
280.000183
258.180511
105.000000
0.900000
GRASS_SPROUT
279.495789
259.088440
15.000000
0.750000
GRASS_SPROUT
281.597565
255.116898
90.000000
0.800000