TILE
48
47
FIELD_GRASS
0
GRASS_SPROUT
289.941162
283.377502
270.000000
0.750000
GRASS_SPROUT
289.130341
282.867981
255.000000
1.150000
GRASS_SPROUT
288.559998
282.095917
15.000000
0.800000
GRASS_SPROUT
288.167236
281.011505
240.000000
0.750000
GRASS_SPROUT
288.086609
280.194550
210.000000
1.150000
GRASS_SPROUT
288.356842
279.281799
345.000000
0.850000
GRASS_SPROUT
290.934509
281.601349
330.000000
1.050000
GRASS_SPROUT
290.664856
282.422241
255.000000
1.000000
GRASS_SPROUT
289.704224
281.982819
315.000000
1.050000
GRASS_SPROUT
289.176025
281.270142
330.000000
1.050000
GRASS_SPROUT
289.326752
280.289246
120.000000
1.100000
GRASS_SPROUT
289.843475
279.727722
225.000000
0.750000
GRASS_SPROUT
290.424103
280.401184
90.000000
0.900000