TILE
49
46
FIELD_GRASS
0
GRASS_SPROUT
292.544922
277.057648
45.000000
1.150000
GRASS_SPROUT
293.667511
276.754303
165.000000
0.900000
GRASS_SPROUT
294.831909
276.651825
120.000000
1.150000
GRASS_SPROUT
295.827423
277.007507
90.000000
0.850000
GRASS_SPROUT
291.337982
278.671478
150.000000
1.050000
GRASS_SPROUT
294.520721
278.966370
105.000000
1.150000
GRASS_SPROUT
294.233337
278.021729
105.000000
0.950000
GRASS_SPROUT
295.165466
277.502380
150.000000
0.900000
GRASS_SPROUT
296.354889
278.634155
330.000000
1.100000
GRASS_SPROUT
293.506592
278.532684
75.000000
0.900000
GRASS_SPROUT
292.747131
278.096375
60.000000
0.900000
GRASS_SPROUT
291.986694
277.746368
135.000000
0.850000
GRASS_SPROUT
291.711426
276.388885
0.000000
1.200000
GRASS_SPROUT
292.608948
276.123352
165.000000
1.000000