TILE
47
49
FIELD_GRASS
0
PINE TREE 1
283.389832
291.858887
330.000000
1.200000
PINE TREE 1
281.542816
292.151245
120.000000
0.950000
PINE TREE 1
279.935638
292.958862
45.000000
1.100000
PINE TREE 1
284.745422
295.653992
300.000000
1.150000
PINE TREE 1
283.162781
295.283447
135.000000
1.150000
PINE TREE 1
283.024658
293.563171
15.000000
1.250000
PINE TREE 1
281.740692
295.485443
30.000000
0.900000
PINE TREE 1
280.458954
296.222839
270.000000
1.050000
PINE TREE 1
281.351135
293.983490
120.000000
1.050000
PINE TREE 1
279.564697
295.142303
180.000000
0.850000
GRASS_SPROUT
284.875946
293.221710
315.000000
0.950000
GRASS_SPROUT
284.280579
292.731476
135.000000
0.850000