TILE
41
47
FIELD_GRASS
0
PINE TREE 1
248.288376
282.559204
165.000000
0.750000
PINE TREE 1
247.220627
281.494049
195.000000
0.850000
PINE TREE 1
246.175552
280.450470
270.000000
1.050000
PINE TREE 1
245.128357
279.404205
300.000000
0.950000
PINE TREE 1
246.611938
284.515503
30.000000
1.050000
PINE TREE 1
244.837616
284.145752
120.000000
1.200000
PINE TREE 1
244.722504
282.706055
255.000000
0.750000
PINE TREE 1
244.240585
281.457458
15.000000
1.050000
PINE TREE 1
243.355652
279.895416
210.000000
0.900000
PINE TREE 1
245.871460
281.937469
300.000000
1.100000
PINE TREE 1
246.986832
283.124146
315.000000
1.000000