TILE
45
43
FIELD_GRASS
0
GRASS_SPROUT
268.916534
255.701752
285.000000
1.150000
GRASS_SPROUT
269.620941
256.308289
15.000000
0.950000
GRASS_SPROUT
270.289703
256.685699
135.000000
0.950000
GRASS_SPROUT
271.021088
256.953094
15.000000
0.850000
GRASS_SPROUT
271.761169
257.149841
255.000000
0.950000
GRASS_SPROUT
272.550659
257.311432
285.000000
0.850000
GRASS_SPROUT
267.914764
255.639755
330.000000
1.200000
GRASS_SPROUT
268.101501
256.597290
225.000000
1.100000
GRASS_SPROUT
268.211945
257.525726
75.000000
0.950000
GRASS_SPROUT
268.228882
258.222534
270.000000
0.750000
GRASS_SPROUT
268.037384
259.009796
240.000000
1.250000
GRASS_SPROUT
267.826599
259.955261
285.000000
0.900000
GRASS_SPROUT
268.737732
260.158478
105.000000
1.150000
GRASS_SPROUT
269.675568
260.100769
15.000000
1.050000
GRASS_SPROUT
270.527496
260.071808
30.000000
0.950000
GRASS_SPROUT
271.381561
260.042786
150.000000
0.850000
GRASS_SPROUT
272.389191
260.042786
150.000000
1.250000
GRASS_SPROUT
271.133270
259.041504
210.000000
0.950000
GRASS_SPROUT
270.076874
258.946106
120.000000
1.250000
GRASS_SPROUT
268.944702
258.817719
120.000000
0.850000
GRASS_SPROUT
269.581818
257.738861
0.000000
1.250000
GRASS_SPROUT
270.926788
257.774048
180.000000
0.800000
GRASS_SPROUT
271.562683
257.913757
0.000000
0.800000
GRASS_SPROUT
272.538239
258.457458
270.000000
1.100000