TILE
76
18
FIELD_GRASS
0
GRASS_SPROUT
453.317200
109.760109
75.000000
1.050000
GRASS_SPROUT
453.083313
108.721481
90.000000
1.250000
GRASS_SPROUT
454.104767
108.343033
120.000000
0.800000
GRASS_SPROUT
455.056091
107.952805
195.000000
1.100000
GRASS_SPROUT
455.815857
107.771378
240.000000
0.750000
GRASS_SPROUT
456.451904
107.550217
330.000000
0.900000
GRASS_SPROUT
455.905548
106.941353
300.000000
0.950000
GRASS_SPROUT
455.024506
106.863220
90.000000
1.000000
GRASS_SPROUT
453.995178
106.626030
120.000000
0.850000
GRASS_SPROUT
453.201294
106.425110
300.000000
0.850000
GRASS_SPROUT
453.999329
107.400650
345.000000
1.000000
GRASS_SPROUT
454.580353
109.760109
75.000000
0.900000
GRASS_SPROUT
455.198486
109.348892
150.000000
0.800000
GRASS_SPROUT
455.831604
109.022705
165.000000
0.800000
GRASS_SPROUT
456.643738
108.721481
300.000000
0.800000
GRASS_SPROUT
457.362610
108.516487
45.000000
1.000000
GRASS_SPROUT
458.261139
108.308052
285.000000
1.000000
GRASS_SPROUT
458.571136
107.475647
225.000000
0.850000
GRASS_SPROUT
457.552032
107.587341
300.000000
0.950000
GRASS_SPROUT
453.231445
110.771919
30.000000
0.750000
GRASS_SPROUT
453.895203
110.657402
240.000000
0.800000
GRASS_SPROUT
454.566803
110.483437
285.000000
0.900000
GRASS_SPROUT
455.667511
110.036644
225.000000
1.000000
GRASS_SPROUT
456.531952
109.822128
285.000000
0.950000
GRASS_SPROUT
457.268677
109.728973
135.000000
0.800000
GRASS_SPROUT
458.228058
109.666466
90.000000
1.250000
GRASS_SPROUT
458.195038
110.648697
75.000000
1.100000
GRASS_SPROUT
456.296173
110.725685
60.000000
1.200000