TILE
4
72
FIELD_GRASS
0
PINE TREE 1
25.172476
434.867645
240.000000
1.100000
PINE TREE 1
24.006090
434.036346
240.000000
0.850000
PINE TREE 1
22.940208
433.102448
60.000000
0.900000
PINE TREE 1
22.248940
431.926758
150.000000
0.900000
PINE TREE 1
21.826916
430.599213
105.000000
0.950000
PINE TREE 1
24.302896
430.097504
75.000000
1.250000
PINE TREE 1
24.911602
431.967255
285.000000
1.200000
PINE TREE 1
26.100964
433.722321
195.000000
1.000000
PINE TREE 1
26.962320
430.558167
120.000000
1.000000
PINE TREE 1
26.061426
429.279114
195.000000
0.850000
PINE TREE 1
26.456051
431.994995
15.000000
0.800000
GRASS_SPROUT
22.690821
434.961060
345.000000
1.250000
GRASS_SPROUT
22.186369
433.904144
330.000000
1.050000
GRASS_SPROUT
21.551575
434.533752
90.000000
0.850000
GRASS_SPROUT
21.617842
433.137756
0.000000
0.850000