TILE
5
71
FIELD_GRASS
0
PINE TREE 1
32.660133
425.976898
45.000000
1.250000
PINE TREE 1
30.938683
426.224884
135.000000
0.750000
PINE TREE 1
29.420321
426.310181
165.000000
1.150000
PINE TREE 1
27.702475
425.666870
30.000000
1.150000
PINE TREE 1
27.888371
423.954315
105.000000
1.100000
PINE TREE 1
30.280317
425.026611
90.000000
0.900000
PINE TREE 1
31.519505
424.327209
345.000000
1.100000
PINE TREE 1
29.593832
423.824066
0.000000
1.000000
PINE TREE 1
27.194086
427.207642
60.000000
0.750000
PINE TREE 1
28.199085
428.226685
165.000000
1.250000
PINE TREE 1
30.108826
428.123047
150.000000
1.000000
PINE TREE 1
32.066944
428.156311
105.000000
1.200000