TILE
5
32
FIELD_GRASS
0
PINE TREE 1
32.577129
191.338684
315.000000
1.050000
PINE TREE 1
32.591930
192.860687
150.000000
1.000000
GRASS_SPROUT
27.054996
192.638138
105.000000
0.800000
GRASS_SPROUT
27.313900
193.402908
60.000000
1.200000
GRASS_SPROUT
27.585152
194.478912
180.000000
1.200000
GRASS_SPROUT
28.612764
194.306808
240.000000
1.100000
GRASS_SPROUT
28.307461
193.557816
345.000000
0.900000
GRASS_SPROUT
27.977766
192.811203
15.000000
0.850000
GRASS_SPROUT
27.117901
191.390594
75.000000
0.950000