TILE
7
38
FIELD_GRASS
0
PINE TREE 1
39.235458
225.424576
225.000000
1.100000
PINE TREE 1
40.449120
226.062469
45.000000
0.800000
PINE TREE 1
40.262886
227.561249
255.000000
1.100000
PINE TREE 1
40.573380
229.050064
60.000000
1.050000
PINE TREE 1
40.207821
230.375778
315.000000
0.750000
GRASS_SPROUT
39.250465
228.857071
255.000000
0.850000
GRASS_SPROUT
41.569981
229.953934
30.000000
0.750000
GRASS_SPROUT
42.198891
229.204987
105.000000
1.050000
GRASS_SPROUT
42.796364
228.325119
330.000000
1.150000
GRASS_SPROUT
43.257759
227.490509
330.000000
0.750000
GRASS_SPROUT
43.771606
226.714752
255.000000
1.250000
GRASS_SPROUT
44.429668
225.949890
75.000000
1.050000
GRASS_SPROUT
44.932568
225.373871
105.000000
0.850000
GRASS_SPROUT
44.602749
226.910522
225.000000
0.850000
GRASS_SPROUT
42.759964
226.863937
135.000000
1.100000
GRASS_SPROUT
42.926369
225.720734
225.000000
0.850000
GRASS_SPROUT
43.169678
225.054123
315.000000
0.850000
GRASS_SPROUT
41.850071
226.353409
0.000000
1.200000
GRASS_SPROUT
41.736511
227.524857
90.000000
1.150000