TILE
5
37
FIELD_GRASS
0
GRASS_SPROUT
29.790167
219.079712
135.000000
1.000000
GRASS_SPROUT
30.540577
219.617477
45.000000
1.000000
GRASS_SPROUT
31.102568
220.102142
105.000000
0.800000
GRASS_SPROUT
31.702360
220.567276
165.000000
0.850000
GRASS_SPROUT
32.426315
221.122986
30.000000
1.250000
GRASS_SPROUT
31.928133
219.709900
270.000000
1.100000
GRASS_SPROUT
31.224621
224.671707
300.000000
1.050000
GRASS_SPROUT
30.730927
223.851715
15.000000
1.000000
GRASS_SPROUT
31.138990
222.985519
60.000000
1.250000
GRASS_SPROUT
31.337351
221.950821
90.000000
1.150000
GRASS_SPROUT
32.392239
224.427292
270.000000
0.950000
GRASS_SPROUT
32.354450
223.534073
165.000000
1.000000
GRASS_SPROUT
32.323269
222.730118
210.000000
1.000000
GRASS_SPROUT
30.686302
221.137070
240.000000
1.200000
GRASS_SPROUT
29.943491
220.369202
150.000000
1.000000
GRASS_SPROUT
29.017090
219.459671
135.000000
1.150000
GRASS_SPROUT
28.124239
219.118576
240.000000
1.000000
GRASS_SPROUT
27.760012
219.958359
0.000000
1.250000