TILE
6
38
FIELD_GRASS
0
PINE TREE 1
36.508560
225.796539
300.000000
1.050000
PINE TREE 1
38.011681
226.478394
150.000000
0.750000
PINE TREE 1
38.785404
227.411957
60.000000
0.900000
GRASS_SPROUT
38.627377
230.721527
315.000000
1.200000
GRASS_SPROUT
38.728283
229.888412
315.000000
0.800000
GRASS_SPROUT
38.425831
228.987350
270.000000
1.050000
GRASS_SPROUT
37.985703
228.220230
0.000000
1.000000
GRASS_SPROUT
37.325603
227.504959
45.000000
0.900000
GRASS_SPROUT
36.876354
226.863037
345.000000
0.850000
GRASS_SPROUT
34.611504
225.352295
150.000000
1.050000
GRASS_SPROUT
34.948414
226.232040
195.000000
1.200000
GRASS_SPROUT
35.707470
226.802948
225.000000
0.850000
GRASS_SPROUT
33.910225
226.006165
345.000000
1.050000