TILE
82
82
FIELD_GRASS
0
GRASS_SPROUT
492.840393
494.089233
255.000000
1.150000
GRASS_SPROUT
489.021332
491.724915
105.000000
1.100000
GRASS_SPROUT
489.104279
492.869202
90.000000
1.250000
GRASS_SPROUT
491.002747
491.819885
195.000000
0.750000
GRASS_SPROUT
491.779358
491.581329
330.000000
1.050000
GRASS_SPROUT
490.654663
492.780945
270.000000
1.200000
GRASS_SPROUT
489.241577
494.089233
90.000000
1.000000
GRASS_SPROUT
493.613007
490.892090
285.000000
1.200000
GRASS_SPROUT
494.023010
489.444305
210.000000
1.250000
GRASS_SPROUT
489.849579
489.165314
270.000000
1.100000
GRASS_SPROUT
490.829529
489.665070
75.000000
1.150000
GRASS_SPROUT
490.387177
490.398193
225.000000
0.900000
GRASS_SPROUT
490.098114
491.124786
75.000000
1.050000
GRASS_SPROUT
491.610107
490.610138
330.000000
1.200000
GRASS_SPROUT
492.267059
489.589417
180.000000
1.000000
GRASS_SPROUT
492.773804
491.537292
165.000000
1.100000
GRASS_SPROUT
494.171326
492.565582
315.000000
1.050000
GRASS_SPROUT
491.607788
494.161835
270.000000
0.800000
GRASS_SPROUT
490.785431
494.467499
0.000000
0.850000
GRASS_SPROUT
491.861542
492.685333
30.000000
1.000000
GRASS_SPROUT
493.805176
491.841003
300.000000
0.900000
GRASS_SPROUT
494.991058
492.957520
180.000000
1.150000
GRASS_SPROUT
494.395142
493.769043
60.000000
0.850000
GRASS_SPROUT
493.552795
493.669708
120.000000
0.850000
GRASS_SPROUT
494.469788
494.446350
105.000000
0.800000
GRASS_SPROUT
493.737549
494.561096
225.000000
0.900000
GRASS_SPROUT
492.651733
492.491058
60.000000
1.000000
GRASS_SPROUT
490.005829
494.413940
15.000000
1.000000