TILE
89
86
FIELD_GRASS
0
PINE TREE 2
531.412964
513.808655
225.000000
1.050000
GRASS_SPROUT
531.103394
515.992981
105.000000
1.150000
GRASS_SPROUT
531.997681
516.070740
180.000000
1.000000
GRASS_SPROUT
533.060791
516.096497
240.000000
1.250000
GRASS_SPROUT
534.112793
515.940857
0.000000
0.950000
GRASS_SPROUT
534.983948
515.729736
60.000000
1.200000
GRASS_SPROUT
535.819885
515.155579
90.000000
1.200000
GRASS_SPROUT
536.583923
514.520813
90.000000
0.950000
GRASS_SPROUT
532.461609
514.660339
45.000000
1.250000
GRASS_SPROUT
533.362732
514.303406
45.000000
1.100000
GRASS_SPROUT
534.294067
514.363647
45.000000
1.000000
GRASS_SPROUT
535.184021
513.966248
0.000000
0.950000
GRASS_SPROUT
535.981567
513.360413
195.000000
1.050000
GRASS_SPROUT
532.838562
513.393066
180.000000
0.900000
GRASS_SPROUT
534.123413
513.147766
165.000000
1.250000