TILE
89
83
FIELD_GRASS
0
GRASS_SPROUT
536.125000
495.533936
255.000000
1.050000
GRASS_SPROUT
535.421509
496.362152
210.000000
1.150000
GRASS_SPROUT
534.836365
497.149841
30.000000
1.250000
GRASS_SPROUT
534.125916
498.004120
150.000000
0.900000
GRASS_SPROUT
533.520325
498.714355
135.000000
1.150000
GRASS_SPROUT
532.967407
499.297363
0.000000
0.750000
GRASS_SPROUT
532.351196
499.812134
195.000000
0.950000
GRASS_SPROUT
531.369690
500.264618
0.000000
1.200000
GRASS_SPROUT
531.700317
498.031403
345.000000
0.900000
GRASS_SPROUT
532.510071
497.506897
105.000000
1.150000
GRASS_SPROUT
533.545898
496.869324
165.000000
1.150000
GRASS_SPROUT
534.394775
496.153564
315.000000
1.050000
GRASS_SPROUT
535.193665
495.554901
30.000000
0.900000
GRASS_SPROUT
531.923035
499.103699
210.000000
1.100000
GRASS_SPROUT
534.524658
495.220764
15.000000
0.900000
GRASS_SPROUT
533.722351
495.617523
330.000000
1.050000
GRASS_SPROUT
536.609863
498.446075
330.000000
1.050000
GRASS_SPROUT
535.288086
499.857971
120.000000
1.150000
GRASS_SPROUT
534.243896
500.423492
345.000000
0.900000
GRASS_SPROUT
533.289612
500.616669
240.000000
0.800000
GRASS_SPROUT
535.197571
498.356079
0.000000
1.250000
GRASS_SPROUT
536.885803
497.305420
75.000000
1.100000
GRASS_SPROUT
536.539978
500.644135
0.000000
1.000000
GRASS_SPROUT
536.174622
499.615570
105.000000
1.000000
GRASS_SPROUT
536.893005
499.939850
105.000000
0.750000
GRASS_SPROUT
536.577026
496.378357
225.000000
1.150000
GRASS_SPROUT
536.031677
497.422760
75.000000
0.900000
GRASS_SPROUT
534.097107
499.530945
180.000000
1.200000