TILE
86
19
FIELD_GRASS
0
PINE TREE 2
518.941040
112.945168
225.000000
0.850000
GRASS_SPROUT
517.400085
116.840446
135.000000
1.250000
GRASS_SPROUT
516.893372
115.961594
210.000000
1.200000
GRASS_SPROUT
516.279846
114.864769
285.000000
1.150000
GRASS_SPROUT
515.638855
114.239624
345.000000
1.050000
GRASS_SPROUT
515.035706
113.709290
30.000000
0.750000
GRASS_SPROUT
514.445435
113.157524
165.000000
1.250000
GRASS_SPROUT
513.714783
112.447083
120.000000
0.850000
GRASS_SPROUT
513.039246
111.747360
75.000000
1.050000
GRASS_SPROUT
515.665710
116.600235
240.000000
0.950000
GRASS_SPROUT
515.185486
115.580711
345.000000
1.050000
GRASS_SPROUT
514.583191
114.727638
285.000000
0.950000
GRASS_SPROUT
513.855835
113.771591
165.000000
0.750000
GRASS_SPROUT
513.117249
113.190804
105.000000
1.200000
GRASS_SPROUT
518.268677
112.163239
150.000000
0.950000
GRASS_SPROUT
517.440125
111.404449
330.000000
1.000000
GRASS_SPROUT
516.598572
111.092392
45.000000
0.850000
GRASS_SPROUT
517.845398
115.760704
270.000000
1.050000
GRASS_SPROUT
517.469238
114.465668
30.000000
1.100000
GRASS_SPROUT
516.604187
113.716225
135.000000
1.000000
GRASS_SPROUT
516.109436
113.073814
255.000000
0.800000
GRASS_SPROUT
515.476990
112.582672
15.000000
0.950000
GRASS_SPROUT
514.521667
112.135712
90.000000
0.900000
GRASS_SPROUT
518.905518
111.064819
210.000000
1.150000
GRASS_SPROUT
517.423584
112.430824
240.000000
1.100000
GRASS_SPROUT
516.542053
112.125443
285.000000
1.200000
GRASS_SPROUT
518.157227
113.618271
165.000000
0.950000