TILE
83
12
FIELD_GRASS
0
GRASS_SPROUT
500.944946
74.650551
345.000000
0.750000
GRASS_SPROUT
500.136169
74.709732
60.000000
1.100000
GRASS_SPROUT
499.248718
74.797935
315.000000
0.950000
GRASS_SPROUT
498.094452
74.885475
0.000000
0.800000
GRASS_SPROUT
496.827423
74.885475
0.000000
0.950000
GRASS_SPROUT
495.918976
74.885475
315.000000
1.250000
GRASS_SPROUT
497.487732
74.369385
270.000000
1.000000
GRASS_SPROUT
498.670990
73.739105
270.000000
0.850000
GRASS_SPROUT
499.626129
73.377907
15.000000
1.050000
GRASS_SPROUT
500.687347
73.314598
45.000000
1.200000
GRASS_SPROUT
500.309937
71.907867
300.000000
1.000000
GRASS_SPROUT
499.296051
71.893150
45.000000
1.000000
GRASS_SPROUT
498.050598
71.883827
270.000000
1.200000
GRASS_SPROUT
496.813477
71.927765
315.000000
1.250000
GRASS_SPROUT
495.964844
72.173126
90.000000
0.750000
GRASS_SPROUT
495.087189
72.872879
45.000000
1.250000
GRASS_SPROUT
498.741394
72.634071
0.000000
1.050000
GRASS_SPROUT
497.784454
73.060822
315.000000
1.200000
GRASS_SPROUT
496.854523
73.252525
195.000000
0.900000
GRASS_SPROUT
495.938171
73.403656
240.000000
0.900000
GRASS_SPROUT
500.306274
69.136589
75.000000
0.950000
GRASS_SPROUT
497.524872
69.186256
30.000000
0.950000
GRASS_SPROUT
495.896515
69.895096
120.000000
0.750000
GRASS_SPROUT
497.024292
69.842216
345.000000
0.850000
GRASS_SPROUT
496.408997
71.164673
195.000000
0.850000
GRASS_SPROUT
498.574860
70.894341
195.000000
0.950000
GRASS_SPROUT
499.489655
70.756920
150.000000
1.000000
GRASS_SPROUT
498.459473
69.936195
270.000000
0.850000
GRASS_SPROUT
500.454651
70.825813
15.000000
1.100000
GRASS_SPROUT
500.522522
69.936195
315.000000
0.900000
GRASS_SPROUT
499.189514
69.551796
45.000000
0.800000
GRASS_SPROUT
495.308838
72.014679
195.000000
0.750000
GRASS_SPROUT
495.624603
70.971252
315.000000
0.800000