TILE
84
15
FIELD_GRASS
0
PINE TREE 2
506.123932
88.811073
240.000000
1.050000
GRASS_SPROUT
503.989899
87.182953
345.000000
0.850000
GRASS_SPROUT
504.582581
87.664505
15.000000
0.850000
GRASS_SPROUT
505.895203
90.114670
75.000000
1.250000
GRASS_SPROUT
506.681030
90.631363
60.000000
1.100000
GRASS_SPROUT
505.606262
87.534065
135.000000
1.000000
GRASS_SPROUT
503.435028
87.797104
180.000000
1.200000
GRASS_SPROUT
504.010468
88.718849
195.000000
1.100000
GRASS_SPROUT
504.546356
89.397903
195.000000
0.950000