TILE
56
80
FIELD_GRASS
0
PINE TREE 2
338.891602
479.000000
105.000000
0.900000
GRASS_SPROUT
333.960571
477.132813
0.000000
1.200000
GRASS_SPROUT
335.073395
477.387817
345.000000
1.250000
GRASS_SPROUT
335.965271
477.725830
195.000000
1.100000
GRASS_SPROUT
336.801971
478.127258
195.000000
1.150000
GRASS_SPROUT
337.578217
478.689362
330.000000
1.150000
GRASS_SPROUT
338.382996
480.053040
195.000000
1.200000
GRASS_SPROUT
337.656525
477.576691
345.000000
1.200000
GRASS_SPROUT
338.718018
480.867371
90.000000
0.950000