TILE
55
80
FIELD_GRASS
0
GRASS_SPROUT
327.926697
482.711670
195.000000
1.100000
GRASS_SPROUT
327.316528
481.955780
45.000000
1.100000
GRASS_SPROUT
328.926697
477.830688
15.000000
1.000000
GRASS_SPROUT
328.347412
478.491943
180.000000
0.800000
GRASS_SPROUT
327.859467
479.037781
165.000000
0.950000
GRASS_SPROUT
327.711975
479.947723
345.000000
1.200000
GRASS_SPROUT
327.964722
477.770294
105.000000
1.050000
GRASS_SPROUT
328.270447
481.742859
240.000000
1.200000
GRASS_SPROUT
328.588654
480.675385
135.000000
0.800000
GRASS_SPROUT
328.924896
479.908417
255.000000
1.000000
GRASS_SPROUT
329.283234
479.056030
165.000000
1.250000
GRASS_SPROUT
329.805908
478.423859
240.000000
0.800000
GRASS_SPROUT
330.387726
477.917969
150.000000
0.900000
GRASS_SPROUT
331.244690
477.275726
90.000000
0.850000