TILE
3
70
FIELD_GRASS
0
PINE TREE 1
20.692192
418.562775
75.000000
0.850000
PINE TREE 1
20.050037
417.308777
300.000000
0.950000
GRASS_SPROUT
15.044022
418.951874
45.000000
1.100000
GRASS_SPROUT
15.876373
419.637665
240.000000
0.850000
GRASS_SPROUT
16.811138
420.293976
120.000000
0.950000
GRASS_SPROUT
17.564514
420.769775
15.000000
1.250000
GRASS_SPROUT
18.522604
421.336060
135.000000
0.800000
GRASS_SPROUT
19.365499
421.674286
45.000000
1.250000
GRASS_SPROUT
15.469303
421.885132
0.000000
0.950000