TILE
4
71
FIELD_GRASS
0
PINE TREE 1
21.509048
428.728088
255.000000
1.250000
PINE TREE 1
21.336428
426.801727
60.000000
1.000000
PINE TREE 1
21.265799
425.342316
60.000000
0.850000
PINE TREE 1
21.223713
423.914032
0.000000
1.050000
PINE TREE 1
26.122957
424.523865
315.000000
1.000000
PINE TREE 1
24.791431
423.323486
0.000000
1.250000
PINE TREE 1
22.945625
423.845978
210.000000
1.150000
PINE TREE 1
22.977247
425.470306
330.000000
0.750000
PINE TREE 1
22.977247
427.121948
195.000000
1.200000
PINE TREE 1
23.008867
428.897003
60.000000
0.750000
PINE TREE 1
25.220873
428.003235
270.000000
1.150000
PINE TREE 1
24.325939
426.031189
255.000000
1.200000
PINE TREE 1
26.071453
426.115143
30.000000
1.200000