TILE
6
71
FIELD_GRASS
0
PINE TREE 1
38.227310
423.871613
135.000000
0.800000
PINE TREE 1
37.204453
424.948273
210.000000
1.150000
PINE TREE 1
35.800568
426.393646
210.000000
1.250000
PINE TREE 1
34.450638
427.763916
165.000000
1.050000
PINE TREE 1
33.348648
428.875275
180.000000
0.850000
PINE TREE 1
36.260872
423.476105
240.000000
1.100000
PINE TREE 1
34.382484
425.522003
315.000000
1.100000
PINE TREE 1
33.241405
424.142334
210.000000
1.250000
GRASS_SPROUT
37.270557
426.260284
165.000000
0.900000
GRASS_SPROUT
36.839050
427.135498
270.000000
0.800000
GRASS_SPROUT
38.346188
425.599457
135.000000
1.100000
GRASS_SPROUT
36.198730
427.650208
270.000000
1.050000
GRASS_SPROUT
35.816544
428.404755
30.000000
0.850000
GRASS_SPROUT
34.367802
428.996552
30.000000
1.050000