TILE
48
26
FIELD_GRASS
0
GRASS_SPROUT
285.850189
157.768890
105.000000
0.900000
GRASS_SPROUT
286.723236
158.414642
330.000000
1.250000
GRASS_SPROUT
285.238739
155.376266
75.000000
0.750000
GRASS_SPROUT
286.398254
155.325363
90.000000
1.250000
GRASS_SPROUT
285.831329
156.220963
300.000000
0.950000
GRASS_SPROUT
285.441376
157.032455
15.000000
1.150000
GRASS_SPROUT
287.406250
155.266006
225.000000
1.250000
GRASS_SPROUT
288.310150
154.884918
285.000000
0.950000
GRASS_SPROUT
287.223450
156.482391
345.000000
1.150000
GRASS_SPROUT
286.874054
157.481201
30.000000
1.000000
GRASS_SPROUT
288.881592
154.444061
225.000000
0.750000
GRASS_SPROUT
289.500732
154.142746
30.000000
0.950000
GRASS_SPROUT
289.964844
153.350418
60.000000
0.950000