TILE
7
4
FIELD_SAND
16
GRASS_SPROUT
41.348751
26.133266
285.000000
1.200000
GRASS_SPROUT
41.348804
24.933907
135.000000
1.200000
GRASS_SPROUT
41.348846
23.957375
330.000000
1.100000
GRASS_SPROUT
41.348862
22.881622
75.000000
1.200000
GRASS_SPROUT
41.348866
21.999298
180.000000
0.850000
GRASS_SPROUT
40.700233
21.634304
90.000000
0.850000
GRASS_SPROUT
39.779236
21.618752
225.000000
1.050000
GRASS_SPROUT
40.323082
23.062159
165.000000
1.200000
GRASS_SPROUT
39.275974
22.931677
15.000000
1.050000
GRASS_SPROUT
39.005497
25.106375
0.000000
0.850000
GRASS_SPROUT
39.053699
26.019588
330.000000
0.850000
GRASS_SPROUT
39.085899
26.913532
240.000000
1.050000
GRASS_SPROUT
39.599369
24.715714
30.000000
0.900000
GRASS_SPROUT
39.942608
25.597763
150.000000
0.850000
GRASS_SPROUT
39.942608
26.479521
210.000000
0.800000
GRASS_SPROUT
40.379204
24.053905
180.000000
1.250000