TILE
7
5
FIELD_SAND
16
GRASS_SPROUT
41.347794
32.876167
180.000000
1.250000
GRASS_SPROUT
41.348076
31.957829
345.000000
0.800000
GRASS_SPROUT
41.348312
30.921196
330.000000
1.000000
GRASS_SPROUT
41.348469
29.944801
120.000000
0.750000
GRASS_SPROUT
41.348568
29.016109
30.000000
1.050000
GRASS_SPROUT
41.348644
28.062950
210.000000
0.950000
GRASS_SPROUT
41.348701
27.178764
45.000000
0.900000
GRASS_SPROUT
39.108990
27.834648
270.000000
0.800000
GRASS_SPROUT
39.124676
28.725782
120.000000
1.200000
GRASS_SPROUT
39.136799
29.702833
15.000000
1.000000
GRASS_SPROUT
39.145031
30.631968
285.000000
1.000000
GRASS_SPROUT
39.151394
31.638380
255.000000
1.050000
GRASS_SPROUT
39.155960
32.418213
255.000000
0.850000
GRASS_SPROUT
39.942608
27.436819
105.000000
0.850000
GRASS_SPROUT
39.942612
29.389061
285.000000
1.000000
GRASS_SPROUT
39.942608
30.324062
45.000000
1.050000
GRASS_SPROUT
39.942608
31.322502
270.000000
1.000000
GRASS_SPROUT
39.942612
32.331066
30.000000
0.750000
GRASS_SPROUT
40.374329
27.975569
150.000000
0.750000