TILE
73
64
FIELD_GRASS
0
GRASS_SPROUT
437.288269
386.347107
15.000000
1.000000
GRASS_SPROUT
437.653534
384.940247
75.000000
1.050000
GRASS_SPROUT
437.973846
384.079193
0.000000
1.200000
GRASS_SPROUT
438.666595
383.000092
60.000000
0.850000
GRASS_SPROUT
440.194824
381.354797
330.000000
1.250000
GRASS_SPROUT
438.289154
385.707520
45.000000
1.200000
GRASS_SPROUT
438.961182
384.490540
120.000000
1.250000
GRASS_SPROUT
439.546295
383.869293
240.000000
0.850000
GRASS_SPROUT
439.322571
385.424469
0.000000
1.250000
GRASS_SPROUT
439.441681
386.480499
75.000000
1.100000
GRASS_SPROUT
440.342041
385.008667
150.000000
1.000000
GRASS_SPROUT
440.668640
382.427643
195.000000
0.950000
GRASS_SPROUT
439.878967
383.096893
0.000000
1.150000
GRASS_SPROUT
440.270477
386.319397
240.000000
0.900000