TILE
78
61
FIELD_GRASS
0
PINE TREE 1
465.206757
367.204895
75.000000
0.900000
GRASS_SPROUT
465.316040
364.693146
345.000000
0.800000
GRASS_SPROUT
465.893372
364.137817
45.000000
0.950000
GRASS_SPROUT
466.670380
363.821136
30.000000
0.850000
GRASS_SPROUT
467.498993
363.757080
150.000000
0.900000
GRASS_SPROUT
468.434631
364.386902
270.000000
1.150000
GRASS_SPROUT
469.014374
365.053253
60.000000
1.050000
GRASS_SPROUT
469.038727
365.920074
180.000000
1.000000
GRASS_SPROUT
468.689362
366.742065
240.000000
1.000000
GRASS_SPROUT
468.074005
367.369690
105.000000
1.000000
GRASS_SPROUT
467.222229
367.724182
75.000000
0.900000
GRASS_SPROUT
466.281158
368.021515
90.000000
1.050000
GRASS_SPROUT
465.451263
368.456573
105.000000
1.000000
GRASS_SPROUT
466.361298
367.215179
90.000000
0.800000
GRASS_SPROUT
467.022675
366.795380
60.000000
0.950000
GRASS_SPROUT
467.357208
366.032196
60.000000
0.900000
GRASS_SPROUT
466.288788
366.309052
120.000000
1.000000
GRASS_SPROUT
466.389282
365.536163
45.000000
0.850000
GRASS_SPROUT
466.945679
364.807770
30.000000
1.250000
GRASS_SPROUT
468.064117
365.315338
330.000000
1.100000