TILE
15
68
FIELD_GRASS
0
PINE TREE 1
91.418144
410.621094
330.000000
0.750000
GRASS_SPROUT
90.283951
409.726532
45.000000
1.200000
GRASS_SPROUT
91.074631
408.927673
255.000000
1.200000
GRASS_SPROUT
91.701401
407.824005
120.000000
1.050000
GRASS_SPROUT
92.186852
406.941071
300.000000
1.050000
GRASS_SPROUT
92.545944
406.094299
105.000000
0.850000
GRASS_SPROUT
92.690720
408.123688
300.000000
0.850000
GRASS_SPROUT
92.937263
409.737396
300.000000
0.800000
GRASS_SPROUT
92.085838
409.788788
150.000000
1.050000
GRASS_SPROUT
92.873726
409.018738
30.000000
1.000000
GRASS_SPROUT
89.726570
410.489014
315.000000
0.950000