TILE
17
67
FIELD_GRASS
0
GRASS_SPROUT
101.467842
399.516296
270.000000
0.950000
GRASS_SPROUT
101.467491
400.468384
30.000000
0.800000
GRASS_SPROUT
101.501282
401.431183
30.000000
0.750000
GRASS_SPROUT
101.689354
402.340912
270.000000
0.900000
GRASS_SPROUT
101.998436
403.090912
180.000000
1.000000
GRASS_SPROUT
102.776428
403.825714
270.000000
1.150000
GRASS_SPROUT
103.728592
404.263519
330.000000
0.950000
GRASS_SPROUT
104.426254
404.554260
30.000000
0.850000
GRASS_SPROUT
100.664001
399.191864
330.000000
1.200000
GRASS_SPROUT
99.742691
400.033234
225.000000
0.850000
GRASS_SPROUT
99.742683
401.010742
135.000000
1.150000
GRASS_SPROUT
99.742683
402.106445
15.000000
1.200000
GRASS_SPROUT
99.742683
403.184753
75.000000
0.800000
GRASS_SPROUT
99.742683
404.201782
45.000000
1.200000
GRASS_SPROUT
101.471878
404.639557
225.000000
1.000000
GRASS_SPROUT
100.966560
403.228424
165.000000
0.850000
GRASS_SPROUT
102.463448
404.718170
150.000000
1.050000
GRASS_SPROUT
103.642578
399.315277
330.000000
1.250000
GRASS_SPROUT
104.284302
400.892578
150.000000
1.000000
GRASS_SPROUT
104.952133
402.247589
255.000000
0.850000
GRASS_SPROUT
103.915276
401.841553
90.000000
1.250000
GRASS_SPROUT
103.917274
402.904053
60.000000
0.750000
GRASS_SPROUT
103.233986
402.999939
270.000000
0.900000
GRASS_SPROUT
102.641174
402.075928
345.000000
0.800000
GRASS_SPROUT
102.461876
400.390045
75.000000
0.950000
GRASS_SPROUT
103.172943
401.002228
30.000000
0.800000
GRASS_SPROUT
104.699898
401.607513
165.000000
0.750000
GRASS_SPROUT
104.403740
400.147797
270.000000
0.800000