TILE
17
65
FIELD_GRASS
0
PINE TREE 1
104.728775
389.986755
270.000000
0.850000
PINE TREE 1
103.266136
389.987701
90.000000
0.950000
PINE TREE 1
101.778351
389.988281
30.000000
1.100000
PINE TREE 1
99.853104
389.988770
345.000000
1.200000
PINE TREE 1
100.983757
391.416595
270.000000
1.200000
PINE TREE 1
102.681213
391.784790
315.000000
1.250000
PINE TREE 1
104.921844
391.652161
15.000000
1.100000
PINE TREE 1
99.414780
391.274872
15.000000
0.700000
PINE TREE 1
99.308945
388.116974
270.000000
0.750000
PINE TREE 1
100.769867
387.837738
300.000000
0.850000
PINE TREE 1
102.041023
387.897827
330.000000
0.950000
PINE TREE 1
103.373550
387.929840
195.000000
0.900000
PINE TREE 1
104.551468
387.009247
330.000000
1.050000
GRASS_SPROUT
102.646835
388.883789
15.000000
1.100000
GRASS_SPROUT
99.789284
392.125092
135.000000
0.750000