TILE
17
61
FIELD_GRASS
0
GRASS_SPROUT
104.478302
368.697662
300.000000
0.900000
GRASS_SPROUT
104.697334
367.853363
225.000000
1.100000
GRASS_SPROUT
104.804581
366.910370
75.000000
1.100000
GRASS_SPROUT
104.583138
365.923279
30.000000
0.900000
GRASS_SPROUT
104.237473
364.852356
165.000000
1.200000
GRASS_SPROUT
104.011940
363.936127
105.000000
0.900000
GRASS_SPROUT
103.584450
363.041931
345.000000
1.000000
GRASS_SPROUT
102.788773
363.544281
180.000000
1.050000
GRASS_SPROUT
103.213943
364.175476
165.000000
0.850000