TILE
15
65
FIELD_GRASS
0
PINE TREE 1
87.869995
390.983917
15.000000
0.900000
PINE TREE 1
88.772079
392.034698
180.000000
1.000000
PINE TREE 1
92.309669
389.989197
300.000000
0.950000
PINE TREE 1
90.872635
390.158844
15.000000
0.750000
PINE TREE 1
91.913071
392.968109
300.000000
1.050000
PINE TREE 1
91.009705
391.908875
120.000000
0.750000
PINE TREE 1
89.916473
391.034393
345.000000
1.050000
PINE TREE 1
92.227356
391.432861
45.000000
1.100000
PINE TREE 1
88.115601
388.824158
90.000000
1.050000
PINE TREE 1
88.206978
387.164398
180.000000
1.050000
PINE TREE 1
88.740448
390.011383
225.000000
0.850000
PINE TREE 1
90.240150
388.835480
60.000000
1.200000
PINE TREE 1
91.830551
387.769196
270.000000
0.850000
PINE TREE 1
92.631866
388.677765
60.000000
0.800000