TILE
96
53
FIELD_GRASS
0
PINE TREE 2
576.999939
315.349091
210.000000
1.050000
PINE TREE 2
573.415283
316.639160
105.000000
0.800000
PINE TREE 2
574.544189
315.552856
330.000000
1.200000
PINE TREE 2
578.185974
317.303253
285.000000
1.150000
PINE TREE 2
577.991516
318.868134
90.000000
0.800000
PINE TREE 2
578.230896
320.478638
90.000000
1.100000
PINE TREE 2
573.360046
319.379425
0.000000
1.050000
PINE TREE 2
575.417419
317.274109
285.000000
1.200000
PINE TREE 2
574.126404
318.237793
285.000000
0.750000
PINE TREE 2
574.936218
319.336914
0.000000
0.800000
PINE TREE 2
576.707275
319.343964
75.000000
1.000000
PINE TREE 2
575.471375
320.374054
315.000000
0.750000