TILE
92
57
FIELD_GRASS
0
PINE TREE 2
554.726440
341.129700
330.000000
1.250000
PINE TREE 2
553.080322
340.137726
105.000000
1.200000
PINE TREE 2
551.281006
339.627563
270.000000
0.950000
PINE TREE 2
549.892822
339.418823
195.000000
0.850000
PINE TREE 2
549.162598
344.859528
300.000000
0.750000
PINE TREE 2
553.312073
342.464874
255.000000
1.150000
PINE TREE 2
551.390442
343.310150
105.000000
1.000000
PINE TREE 2
549.346375
340.689453
285.000000
0.950000
PINE TREE 2
550.318115
342.327362
315.000000
0.800000
PINE TREE 2
554.455322
343.805328
165.000000
1.150000
PINE TREE 2
552.846313
344.183380
210.000000
0.750000
PINE TREE 2
551.032288
341.144745
60.000000
0.950000
PINE TREE 2
550.662720
344.943573
75.000000
0.850000