TILE
70
72
FIELD_GRASS
0
GRASS_SPROUT
422.376038
434.677155
150.000000
0.950000
GRASS_SPROUT
421.337219
434.677155
45.000000
1.200000
GRASS_SPROUT
420.324707
434.677155
210.000000
1.050000
GRASS_SPROUT
419.306061
434.677155
255.000000
1.150000
GRASS_SPROUT
418.308014
434.677155
45.000000
1.250000
GRASS_SPROUT
417.426392
434.677155
240.000000
0.750000
GRASS_SPROUT
422.839539
429.308685
120.000000
0.850000
GRASS_SPROUT
422.038055
429.308685
315.000000
0.800000
GRASS_SPROUT
421.376099
429.308685
300.000000
0.750000
GRASS_SPROUT
420.715851
429.308685
210.000000
0.900000
GRASS_SPROUT
419.988068
429.308685
330.000000
0.850000
GRASS_SPROUT
419.078278
429.308685
345.000000
1.200000
GRASS_SPROUT
418.075165
429.308685
210.000000
1.100000