TILE
71
71
FIELD_GRASS
0
GRASS_SPROUT
428.636200
425.607147
345.000000
0.900000
GRASS_SPROUT
427.647034
425.607147
240.000000
1.150000
GRASS_SPROUT
426.645966
425.607178
330.000000
1.150000
GRASS_SPROUT
425.709564
425.607208
75.000000
0.800000
GRASS_SPROUT
425.011261
425.607147
30.000000
0.850000
GRASS_SPROUT
424.107086
425.607147
105.000000
1.250000
GRASS_SPROUT
423.251678
425.607147
270.000000
0.800000
GRASS_SPROUT
423.672455
428.499512
240.000000
0.750000
GRASS_SPROUT
424.535309
428.499481
135.000000
0.800000
GRASS_SPROUT
425.481445
428.499481
105.000000
0.950000
GRASS_SPROUT
426.500977
428.499481
45.000000
1.050000
GRASS_SPROUT
427.944519
428.499481
60.000000
1.200000
GRASS_SPROUT
428.967682
428.499481
300.000000
0.850000
GRASS_SPROUT
428.467163
426.759247
180.000000
1.150000
GRASS_SPROUT
427.469574
426.759247
150.000000
0.750000
GRASS_SPROUT
426.474091
426.759247
75.000000
1.100000
GRASS_SPROUT
425.402374
426.759216
165.000000
1.000000
GRASS_SPROUT
423.956421
426.797272
45.000000
1.200000
GRASS_SPROUT
423.362305
427.747681
240.000000
1.150000
GRASS_SPROUT
424.211151
427.747681
45.000000
0.900000
GRASS_SPROUT
425.143066
427.747681
150.000000
1.100000
GRASS_SPROUT
426.103882
427.747681
240.000000
1.050000
GRASS_SPROUT
427.060486
427.747681
240.000000
1.150000
GRASS_SPROUT
428.460907
427.747681
15.000000
0.900000