TILE
73
71
FIELD_GRASS
0
GRASS_SPROUT
440.760529
425.607208
255.000000
0.850000
GRASS_SPROUT
439.832672
425.607208
75.000000
0.800000
GRASS_SPROUT
438.944824
425.607178
315.000000
0.900000
GRASS_SPROUT
437.872162
425.607208
15.000000
0.750000
GRASS_SPROUT
437.093628
425.607208
315.000000
1.150000
GRASS_SPROUT
436.041229
425.607147
225.000000
1.150000
GRASS_SPROUT
435.107880
425.607147
270.000000
1.000000
GRASS_SPROUT
435.007538
428.499481
180.000000
1.000000
GRASS_SPROUT
436.062012
428.499481
330.000000
0.750000
GRASS_SPROUT
436.951141
428.499481
195.000000
0.900000
GRASS_SPROUT
438.466766
428.499481
255.000000
1.100000
GRASS_SPROUT
439.536377
428.499481
210.000000
0.750000
GRASS_SPROUT
440.573395
428.499481
180.000000
1.050000
GRASS_SPROUT
440.247375
426.759216
315.000000
0.750000
GRASS_SPROUT
439.452698
426.759216
225.000000
1.150000
GRASS_SPROUT
438.465515
426.759216
150.000000
1.150000
GRASS_SPROUT
437.548187
426.759216
165.000000
0.850000
GRASS_SPROUT
436.494629
426.759247
60.000000
1.050000
GRASS_SPROUT
435.574036
426.759277
315.000000
1.250000
GRASS_SPROUT
435.874908
427.747711
330.000000
1.150000
GRASS_SPROUT
440.015503
427.747681
30.000000
1.250000
GRASS_SPROUT
438.900482
427.641632
300.000000
1.000000
GRASS_SPROUT
437.717712
427.852966
330.000000
1.200000
GRASS_SPROUT
436.797913
427.570313
240.000000
0.850000