TILE
76
73
FIELD_GRASS
0
GRASS_SPROUT
453.491211
438.064789
345.000000
0.950000
GRASS_SPROUT
454.504425
438.064789
75.000000
1.050000
GRASS_SPROUT
455.511078
438.064789
180.000000
0.800000
GRASS_SPROUT
456.513031
438.064789
255.000000
0.850000
GRASS_SPROUT
457.511597
438.064789
0.000000
0.900000
GRASS_SPROUT
458.467194
438.064789
300.000000
1.100000
GRASS_SPROUT
453.117950
437.103973
120.000000
0.850000
GRASS_SPROUT
454.129944
437.103973
255.000000
1.100000
GRASS_SPROUT
455.174652
437.103973
105.000000
0.750000
GRASS_SPROUT
456.143951
437.103973
270.000000
0.750000
GRASS_SPROUT
457.032837
437.103973
105.000000
0.800000
GRASS_SPROUT
458.030212
437.103973
330.000000
0.800000
GRASS_SPROUT
453.932617
435.945129
330.000000
0.850000
GRASS_SPROUT
454.955688
435.945129
0.000000
1.100000
GRASS_SPROUT
456.021942
435.945129
105.000000
1.050000
GRASS_SPROUT
457.005615
435.945129
30.000000
1.000000
GRASS_SPROUT
458.042175
435.945129
315.000000
1.150000
GRASS_SPROUT
458.985291
435.945129
75.000000
0.850000