TILE
71
72
FIELD_GRASS
0
GRASS_SPROUT
428.853027
434.677155
330.000000
1.200000
GRASS_SPROUT
427.455536
434.677155
90.000000
1.150000
GRASS_SPROUT
426.405579
434.677155
225.000000
0.850000
GRASS_SPROUT
425.464172
434.677155
330.000000
1.050000
GRASS_SPROUT
424.456390
434.677155
75.000000
0.950000
GRASS_SPROUT
423.347107
434.677155
30.000000
0.900000
GRASS_SPROUT
428.395264
429.308685
195.000000
0.800000
GRASS_SPROUT
427.458374
429.308685
150.000000
1.000000
GRASS_SPROUT
426.709534
429.308685
105.000000
0.800000
GRASS_SPROUT
425.941864
429.308685
255.000000
0.850000
GRASS_SPROUT
425.059021
429.308685
330.000000
1.250000
GRASS_SPROUT
423.884979
429.308685
45.000000
1.250000