TILE
74
71
FIELD_GRASS
0
PINE TREE 1
445.271698
424.512421
45.000000
0.900000
GRASS_SPROUT
446.981232
426.125061
135.000000
1.100000
GRASS_SPROUT
446.835419
427.038849
255.000000
1.200000
GRASS_SPROUT
446.137024
423.705444
0.000000
1.250000
GRASS_SPROUT
446.274506
425.607208
285.000000
1.000000
GRASS_SPROUT
445.220001
425.607147
150.000000
0.900000
GRASS_SPROUT
444.488220
425.607178
180.000000
0.750000
GRASS_SPROUT
443.551422
425.607208
30.000000
1.100000
GRASS_SPROUT
442.641693
425.607208
315.000000
0.850000
GRASS_SPROUT
441.709259
425.607208
225.000000
1.000000
GRASS_SPROUT
442.463562
428.499512
105.000000
1.050000
GRASS_SPROUT
443.420959
428.499481
15.000000
0.950000
GRASS_SPROUT
444.389313
428.499512
255.000000
0.950000
GRASS_SPROUT
445.948853
428.499542
90.000000
1.150000
GRASS_SPROUT
446.007843
427.498688
315.000000
1.000000
GRASS_SPROUT
445.164948
427.022858
135.000000
1.100000
GRASS_SPROUT
444.036377
426.682892
345.000000
1.200000
GRASS_SPROUT
443.040894
426.682892
120.000000
0.850000
GRASS_SPROUT
442.081055
426.682953
135.000000
1.200000
GRASS_SPROUT
441.082581
426.682922
180.000000
1.000000
GRASS_SPROUT
441.029510
427.747681
90.000000
1.000000
GRASS_SPROUT
441.855316
427.747681
300.000000
0.950000
GRASS_SPROUT
443.838715
427.852905
315.000000
0.850000
GRASS_SPROUT
444.946838
427.852905
120.000000
0.750000