TILE
74
70
FIELD_GRASS
0
GRASS_SPROUT
446.980896
417.965332
300.000000
1.250000
GRASS_SPROUT
446.980896
419.032745
75.000000
0.750000
GRASS_SPROUT
446.980896
420.017181
195.000000
1.150000
GRASS_SPROUT
446.980896
420.963226
180.000000
0.950000
GRASS_SPROUT
446.980896
421.842590
30.000000
0.950000
GRASS_SPROUT
446.980896
422.918823
30.000000
1.150000
GRASS_SPROUT
442.363586
417.361115
330.000000
0.950000
GRASS_SPROUT
442.363983
418.241089
135.000000
0.900000
GRASS_SPROUT
442.364380
419.181824
15.000000
1.250000
GRASS_SPROUT
442.364807
420.148041
315.000000
1.000000
GRASS_SPROUT
441.727051
420.880066
30.000000
1.150000