TILE
98
83
FIELD_GRASS
0
GRASS_SPROUT
590.317505
495.300995
135.000000
0.850000
GRASS_SPROUT
590.412292
496.158569
195.000000
1.100000
GRASS_SPROUT
590.612366
497.184845
255.000000
1.100000
GRASS_SPROUT
590.874695
498.300110
15.000000
0.800000
GRASS_SPROUT
590.915588
500.417236
60.000000
0.900000
GRASS_SPROUT
587.192017
495.040710
105.000000
1.250000
GRASS_SPROUT
588.255310
495.876648
90.000000
0.950000
GRASS_SPROUT
588.266296
496.978851
210.000000
0.900000
GRASS_SPROUT
588.329712
497.717773
75.000000
0.850000
GRASS_SPROUT
589.151917
497.218719
135.000000
1.250000
GRASS_SPROUT
589.557373
495.030273
15.000000
1.100000
GRASS_SPROUT
587.415039
497.183350
45.000000
1.000000
GRASS_SPROUT
586.501343
497.076630
240.000000
0.900000
GRASS_SPROUT
585.884705
496.529175
45.000000
0.900000
GRASS_SPROUT
585.502014
498.461334
45.000000
0.750000
GRASS_SPROUT
585.507935
499.143707
270.000000
0.850000
GRASS_SPROUT
585.537720
500.030243
75.000000
0.900000
GRASS_SPROUT
586.199280
500.804443
300.000000
1.200000
GRASS_SPROUT
586.770203
499.278809
60.000000
1.200000
GRASS_SPROUT
586.205383
498.203644
315.000000
0.750000
GRASS_SPROUT
585.719360
497.463684
60.000000
1.150000
GRASS_SPROUT
587.418945
500.202728
195.000000
0.950000
GRASS_SPROUT
588.163086
500.573944
75.000000
0.750000
GRASS_SPROUT
588.298828
499.749237
210.000000
1.100000
GRASS_SPROUT
588.722290
498.790558
180.000000
1.250000
GRASS_SPROUT
588.846375
500.372864
90.000000
0.850000
GRASS_SPROUT
589.675232
498.441528
195.000000
1.050000
GRASS_SPROUT
589.649048
499.749237
255.000000
1.100000
GRASS_SPROUT
587.069092
496.273834
330.000000
1.250000
GRASS_SPROUT
587.407776
497.961426
195.000000
0.800000