TILE
90
83
FIELD_GRASS
0
GRASS_SPROUT
542.728882
495.350861
165.000000
1.100000
GRASS_SPROUT
537.970947
496.231812
270.000000
1.050000
GRASS_SPROUT
538.001770
497.205627
345.000000
1.200000
GRASS_SPROUT
538.413635
498.428070
180.000000
1.250000
GRASS_SPROUT
537.608398
498.830933
15.000000
0.950000
GRASS_SPROUT
538.972900
496.300476
135.000000
1.250000
GRASS_SPROUT
539.013611
497.706177
330.000000
0.950000
GRASS_SPROUT
537.771912
500.479095
75.000000
1.050000
GRASS_SPROUT
539.097290
500.534363
300.000000
1.000000
GRASS_SPROUT
540.445801
500.084229
45.000000
0.950000
GRASS_SPROUT
540.373291
499.095856
105.000000
1.000000
GRASS_SPROUT
539.864258
498.187164
285.000000
1.150000
GRASS_SPROUT
539.929993
497.205963
15.000000
1.200000
GRASS_SPROUT
540.106750
496.339447
120.000000
0.850000
GRASS_SPROUT
540.580566
495.741974
300.000000
0.800000
GRASS_SPROUT
541.214417
495.328461
45.000000
1.050000
GRASS_SPROUT
541.593689
496.300446
45.000000
1.050000
GRASS_SPROUT
541.773499
497.242340
315.000000
0.850000
GRASS_SPROUT
541.679626
498.085632
45.000000
0.800000
GRASS_SPROUT
541.453796
499.033173
315.000000
1.150000
GRASS_SPROUT
541.288452
500.198456
45.000000
1.100000
GRASS_SPROUT
542.065308
500.283386
150.000000
0.750000
GRASS_SPROUT
542.643311
498.617554
60.000000
1.150000
GRASS_SPROUT
542.333313
497.810791
210.000000
0.900000
GRASS_SPROUT
540.793091
497.948975
225.000000
1.200000
GRASS_SPROUT
538.502136
500.055511
90.000000
0.850000
GRASS_SPROUT
538.954895
499.251099
225.000000
1.000000
GRASS_SPROUT
539.711487
495.536804
120.000000
1.150000
GRASS_SPROUT
538.829102
495.328461
300.000000
0.950000
GRASS_SPROUT
539.748657
500.170013
60.000000
0.800000