TILE
90
84
FIELD_GRASS
0
GRASS_SPROUT
537.192139
501.741943
150.000000
1.250000
GRASS_SPROUT
538.263672
501.821716
345.000000
0.800000
GRASS_SPROUT
538.894165
502.019073
240.000000
0.850000
GRASS_SPROUT
539.726501
502.213531
15.000000
0.950000
GRASS_SPROUT
540.965942
502.405182
180.000000
1.250000
GRASS_SPROUT
542.090942
502.367065
210.000000
1.200000
GRASS_SPROUT
542.777527
501.580963
195.000000
1.100000
GRASS_SPROUT
540.948181
501.019867
240.000000
1.100000
GRASS_SPROUT
540.129761
501.433990
60.000000
1.100000