TILE
79
90
FIELD_GRASS
0
GRASS_SPROUT
476.960327
541.303711
165.000000
1.050000
GRASS_SPROUT
475.914734
541.133911
105.000000
1.050000
GRASS_SPROUT
475.089539
540.925842
225.000000
0.800000
GRASS_SPROUT
474.358398
540.807800
225.000000
0.900000
GRASS_SPROUT
473.170898
540.528931
60.000000
0.850000
GRASS_SPROUT
472.524323
540.369385
150.000000
0.800000
GRASS_SPROUT
471.817657
540.003052
60.000000
1.100000
GRASS_SPROUT
472.105621
538.496338
270.000000
1.100000
GRASS_SPROUT
473.635864
539.070374
270.000000
1.000000
GRASS_SPROUT
474.330231
539.360046
180.000000
0.750000
GRASS_SPROUT
472.986572
538.063721
285.000000
0.900000
GRASS_SPROUT
475.042236
538.508118
315.000000
0.800000
GRASS_SPROUT
476.354340
539.331055
240.000000
0.900000
GRASS_SPROUT
473.896576
537.839905
180.000000
1.050000
GRASS_SPROUT
475.531036
539.299866
285.000000
0.900000
GRASS_SPROUT
476.906738
540.114746
210.000000
1.150000
GRASS_SPROUT
473.594055
539.949280
90.000000
0.900000
GRASS_SPROUT
472.678467
539.186401
105.000000
1.050000
GRASS_SPROUT
475.838776
537.087341
300.000000
1.050000
GRASS_SPROUT
475.973328
538.139648
150.000000
1.050000
GRASS_SPROUT
472.639618
537.330872
180.000000
0.950000