TILE
43
69
FIELD_GRASS
0
PINE TREE 2
259.961578
411.794922
300.000000
1.000000
GRASS_SPROUT
255.691330
411.176178
270.000000
1.200000
GRASS_SPROUT
256.190552
412.161255
210.000000
0.750000
GRASS_SPROUT
256.625458
412.760651
165.000000
0.750000
GRASS_SPROUT
257.238892
413.147797
15.000000
1.000000
GRASS_SPROUT
257.262390
412.169098
255.000000
0.800000
GRASS_SPROUT
256.123627
413.742676
60.000000
1.200000
GRASS_SPROUT
255.582047
412.687958
345.000000
0.800000
GRASS_SPROUT
255.440063
415.502808
270.000000
1.200000
GRASS_SPROUT
256.875732
414.463440
45.000000
1.050000
GRASS_SPROUT
257.360901
411.411438
240.000000
0.850000
GRASS_SPROUT
258.429718
412.940308
105.000000
0.750000
GRASS_SPROUT
259.194550
413.809326
180.000000
1.000000
GRASS_SPROUT
259.882172
414.519958
270.000000
0.850000
GRASS_SPROUT
259.932617
415.546692
285.000000
1.200000
GRASS_SPROUT
259.078156
414.672729
240.000000
1.000000
GRASS_SPROUT
256.356873
415.934448
210.000000
1.050000
GRASS_SPROUT
257.525635
415.817780
180.000000
1.250000
GRASS_SPROUT
258.523621
415.739410
225.000000
1.050000
GRASS_SPROUT
260.636047
416.465637
315.000000
0.850000
GRASS_SPROUT
260.663086
414.407928
150.000000
1.050000
GRASS_SPROUT
258.482178
411.632782
330.000000
1.250000
GRASS_SPROUT
258.006439
413.546875
150.000000
0.850000
GRASS_SPROUT
257.657257
414.224548
75.000000
0.800000