TILE
49
62
FIELD_GRASS
0
GRASS_SPROUT
296.292664
374.368958
345.000000
1.200000
GRASS_SPROUT
296.292664
373.376953
150.000000
1.150000
PINE TREE 1
295.987152
371.646881
105.000000
0.800000
GRASS_SPROUT
294.489899
369.021576
345.000000
1.100000
GRASS_SPROUT
294.368622
369.925720
75.000000
1.050000
GRASS_SPROUT
294.270111
370.950897
60.000000
1.250000
GRASS_SPROUT
294.182770
372.353790
75.000000
1.150000
GRASS_SPROUT
294.141663
373.358490
315.000000
1.100000
GRASS_SPROUT
294.112152
374.346527
285.000000
1.050000
GRASS_SPROUT
293.232086
374.576385
30.000000
1.200000
GRASS_SPROUT
292.948029
373.635742
195.000000
0.850000
GRASS_SPROUT
292.761292
372.755157
75.000000
1.050000
GRASS_SPROUT
292.677551
371.815216
165.000000
0.900000
GRASS_SPROUT
292.681854
371.104095
0.000000
0.800000
GRASS_SPROUT
292.927216
370.305817
135.000000
1.000000
GRASS_SPROUT
293.269562
369.463196
60.000000
0.850000
GRASS_SPROUT
296.348511
369.405853
330.000000
0.850000
GRASS_SPROUT
295.941193
370.187897
90.000000
1.150000
GRASS_SPROUT
295.011322
373.733490
195.000000
0.900000
GRASS_SPROUT
296.552521
372.458679
210.000000
0.850000
GRASS_SPROUT
295.694733
372.754608
180.000000
0.850000
GRASS_SPROUT
296.953735
370.856354
285.000000
0.950000
GRASS_SPROUT
295.622772
369.212524
120.000000
0.800000
GRASS_SPROUT
294.913727
371.806122
330.000000
1.100000
GRASS_SPROUT
294.940491
372.764709
165.000000
0.800000
GRASS_SPROUT
295.320068
374.483795
270.000000
1.050000