TILE
43
68
FIELD_GRASS
0
PINE TREE 2
260.845551
408.245483
195.000000
0.850000
PINE TREE 2
260.274658
409.927155
90.000000
1.200000
PINE TREE 2
258.542694
409.834961
210.000000
0.850000
PINE TREE 2
256.882751
409.384857
240.000000
1.050000
PINE TREE 2
255.183182
409.063080
135.000000
1.250000
PINE TREE 2
258.816833
407.377563
180.000000
1.000000
PINE TREE 2
259.813171
405.367676
15.000000
1.150000
PINE TREE 2
255.006424
405.186951
210.000000
1.050000
PINE TREE 2
256.748566
405.340607
30.000000
0.950000
PINE TREE 2
257.209656
406.789307
105.000000
1.050000
PINE TREE 2
260.288971
406.841888
45.000000
0.900000
PINE TREE 2
259.254395
408.696045
210.000000
0.850000
PINE TREE 2
257.609192
408.194366
75.000000
0.750000
GRASS_SPROUT
257.111725
410.699097
120.000000
1.000000