TILE
44
68
FIELD_GRASS
0
PINE TREE 2
262.689789
406.021362
75.000000
0.950000
PINE TREE 2
261.661804
407.022949
270.000000
0.900000
PINE TREE 2
263.459656
410.835876
105.000000
1.100000
PINE TREE 2
262.857086
409.164001
150.000000
0.750000
PINE TREE 2
262.053223
410.279602
15.000000
0.850000
PINE TREE 2
264.018799
408.240021
75.000000
1.100000
PINE TREE 2
265.190918
406.820892
270.000000
1.250000
PINE TREE 2
262.802429
407.568787
120.000000
0.750000
PINE TREE 2
264.814697
409.910431
30.000000
0.950000
PINE TREE 2
266.394836
409.165466
0.000000
1.100000
PINE TREE 2
265.825592
410.848206
0.000000
0.800000