TILE
40
69
FIELD_GRASS
0
PINE TREE 2
237.656601
412.395264
135.000000
0.950000
PINE TREE 2
239.383408
412.218048
195.000000
1.100000
PINE TREE 2
241.004807
412.161896
240.000000
1.000000
PINE TREE 2
242.829742
412.622986
315.000000
1.000000
PINE TREE 2
242.163330
416.163788
135.000000
0.850000
PINE TREE 2
240.883652
416.071869
30.000000
0.750000
PINE TREE 2
239.538071
416.041046
270.000000
0.750000
PINE TREE 2
237.921555
416.041046
210.000000
0.750000
PINE TREE 2
241.874786
414.643372
120.000000
1.000000
PINE TREE 2
240.517334
414.011963
150.000000
0.850000
PINE TREE 2
239.102097
414.465576
255.000000
1.050000
PINE TREE 2
237.599945
414.573425
30.000000
0.950000
GRASS_SPROUT
237.500107
411.250641
315.000000
0.800000