TILE
43
62
FIELD_GRASS
0
PINE TREE 1
255.431320
373.859375
135.000000
0.850000
PINE TREE 1
257.116608
374.252899
240.000000
1.150000
PINE TREE 1
259.049927
374.052307
165.000000
1.250000
PINE TREE 1
259.571869
372.029114
30.000000
1.100000
PINE TREE 1
257.670746
372.028992
105.000000
1.100000
PINE TREE 1
256.259369
372.028900
345.000000
0.850000
GRASS_SPROUT
255.799850
369.503052
165.000000
1.150000
GRASS_SPROUT
256.854828
369.183960
135.000000
1.100000
GRASS_SPROUT
257.614624
369.143555
165.000000
0.750000
GRASS_SPROUT
258.253174
369.503052
270.000000
0.850000
GRASS_SPROUT
259.308319
369.143555
300.000000
1.200000
GRASS_SPROUT
255.262039
371.807098
180.000000
0.900000
GRASS_SPROUT
257.563263
370.635162
225.000000
1.000000
GRASS_SPROUT
255.539215
370.797485
315.000000
0.750000
GRASS_SPROUT
257.381287
369.860657
165.000000
0.950000
GRASS_SPROUT
259.953735
369.832855
330.000000
1.000000
GRASS_SPROUT
260.987061
369.325317
150.000000
1.050000
GRASS_SPROUT
259.285583
370.489044
30.000000
0.750000
GRASS_SPROUT
256.386017
370.931641
120.000000
1.250000