TILE
46
64
FIELD_GRASS
0
PINE TREE 2
278.228180
382.763306
180.000000
0.800000
PINE TREE 2
276.563385
383.652588
330.000000
1.250000
PINE TREE 2
275.033478
384.783661
330.000000
0.950000
PINE TREE 2
273.605164
386.011353
345.000000
1.050000
PINE TREE 2
277.784515
385.434052
60.000000
1.100000
PINE TREE 2
278.987122
384.267090
255.000000
1.000000
PINE TREE 2
273.600464
384.439362
195.000000
1.000000
PINE TREE 2
274.580658
382.937622
75.000000
1.100000
PINE TREE 2
276.076630
385.655121
150.000000
0.800000