TILE
42
69
FIELD_GRASS
0
GRASS_SPROUT
253.741745
411.066772
30.000000
0.900000
GRASS_SPROUT
253.996643
411.769897
105.000000
0.750000
GRASS_SPROUT
253.450623
412.296234
300.000000
1.050000
GRASS_SPROUT
253.278625
413.246063
150.000000
1.050000
GRASS_SPROUT
253.103821
413.963257
120.000000
0.750000
GRASS_SPROUT
252.908203
414.728485
180.000000
1.100000
GRASS_SPROUT
252.726746
415.492126
120.000000
0.850000
GRASS_SPROUT
252.387177
416.251038
105.000000
1.000000
GRASS_SPROUT
251.865952
416.967682
165.000000
0.950000
GRASS_SPROUT
254.870773
411.819733
300.000000
1.150000
GRASS_SPROUT
254.938278
412.723907
285.000000
0.800000
GRASS_SPROUT
254.938705
413.607178
75.000000
1.050000
GRASS_SPROUT
254.969711
414.395752
45.000000
0.850000
GRASS_SPROUT
254.090912
415.890015
270.000000
1.000000
GRASS_SPROUT
254.782959
416.434692
30.000000
1.200000
GRASS_SPROUT
253.983688
414.289368
345.000000
1.100000