TILE
40
66
FIELD_GRASS
0
PINE TREE 2
237.124146
398.580017
315.000000
1.150000
PINE TREE 2
238.990112
397.778198
195.000000
1.100000
PINE TREE 2
240.577972
396.848938
345.000000
1.150000
PINE TREE 2
242.425262
395.923096
345.000000
1.050000
PINE TREE 1
237.033203
396.994110
30.000000
0.950000
PINE TREE 1
238.186066
396.324646
240.000000
0.900000
PINE TREE 1
239.389481
395.646057
45.000000
0.900000
PINE TREE 1
240.592911
394.531006
180.000000
0.950000
PINE TREE 1
242.258713
394.130280
120.000000
1.050000
PINE TREE 1
238.069595
394.408997
0.000000
1.250000