TILE
69
37
FIELD_GRASS
0
PINE TREE 2
411.363068
222.814499
315.000000
1.250000
GRASS_SPROUT
412.167816
224.678329
240.000000
0.900000
GRASS_SPROUT
413.065369
224.209061
285.000000
0.850000
GRASS_SPROUT
413.916931
223.578629
135.000000
0.900000
GRASS_SPROUT
414.648926
222.850830
30.000000
1.150000
GRASS_SPROUT
415.342651
222.042236
330.000000
0.850000
GRASS_SPROUT
415.925293
221.380890
345.000000
1.050000
GRASS_SPROUT
416.246246
220.646133
45.000000
0.850000
GRASS_SPROUT
416.340668
219.751022
135.000000
0.950000
GRASS_SPROUT
411.872040
219.757034
330.000000
1.000000
GRASS_SPROUT
412.984375
219.022247
150.000000
0.950000
GRASS_SPROUT
412.756165
220.381042
240.000000
1.250000
GRASS_SPROUT
411.725647
221.279510
285.000000
1.050000
GRASS_SPROUT
413.016083
221.145432
330.000000
0.750000
GRASS_SPROUT
412.527893
222.116501
75.000000
1.050000
GRASS_SPROUT
412.673340
223.547668
15.000000
0.800000
GRASS_SPROUT
413.291382
222.573837
135.000000
0.950000
GRASS_SPROUT
413.967834
222.085373
270.000000
1.050000
GRASS_SPROUT
411.833435
224.057037
330.000000
0.750000
GRASS_SPROUT
413.804535
220.769104
60.000000
0.950000
GRASS_SPROUT
414.517548
220.127762
270.000000
1.200000
GRASS_SPROUT
414.526611
221.379105
315.000000
0.750000
GRASS_SPROUT
415.510437
220.127762
240.000000
0.800000
GRASS_SPROUT
414.907440
219.141022
150.000000
1.150000
GRASS_SPROUT
413.895996
219.491074
135.000000
0.800000