TILE
64
38
FIELD_GRASS
0
GRASS_SPROUT
386.159729
230.198212
75.000000
0.850000
GRASS_SPROUT
385.905487
229.339081
330.000000
1.000000
GRASS_SPROUT
385.465912
228.367142
180.000000
1.150000
GRASS_SPROUT
384.440125
227.266525
150.000000
1.150000
GRASS_SPROUT
383.476013
226.980331
0.000000
1.000000
GRASS_SPROUT
382.447815
226.689529
315.000000
0.800000
GRASS_SPROUT
381.143616
226.616089
255.000000
1.150000
GRASS_SPROUT
381.100647
227.750275
270.000000
1.100000
GRASS_SPROUT
382.056152
227.961166
180.000000
1.050000
GRASS_SPROUT
382.840302
228.534912
255.000000
1.150000
GRASS_SPROUT
382.321045
229.276215
255.000000
1.100000
GRASS_SPROUT
383.542145
229.007904
45.000000
0.850000
GRASS_SPROUT
383.507507
229.796753
255.000000
0.850000
GRASS_SPROUT
381.039948
230.896439
225.000000
1.250000
GRASS_SPROUT
381.865662
230.273788
15.000000
0.900000
GRASS_SPROUT
384.254150
229.319199
90.000000
1.000000
GRASS_SPROUT
384.364075
230.119980
225.000000
0.950000
GRASS_SPROUT
383.853851
230.702606
285.000000
0.850000
GRASS_SPROUT
385.296234
230.227722
300.000000
1.150000
GRASS_SPROUT
383.521057
227.772003
150.000000
0.950000
GRASS_SPROUT
384.626587
228.536392
210.000000
0.800000