TILE
90
96
FIELD_GRASS
0
GRASS_SPROUT
540.783508
576.368164
225.000000
1.250000
GRASS_SPROUT
539.756775
576.374634
105.000000
1.100000
GRASS_SPROUT
538.971985
576.383850
0.000000
0.800000
GRASS_SPROUT
538.182312
576.383850
240.000000
0.750000
GRASS_SPROUT
537.256104
576.310120
90.000000
0.950000
GRASS_SPROUT
537.099304
574.669373
315.000000
1.250000
GRASS_SPROUT
537.959900
575.266907
75.000000
1.200000
GRASS_SPROUT
537.010986
573.340149
270.000000
1.250000
GRASS_SPROUT
538.067749
573.598999
120.000000
0.750000
GRASS_SPROUT
538.743835
573.977051
330.000000
0.900000
GRASS_SPROUT
538.769836
573.208618
180.000000
0.900000
GRASS_SPROUT
542.340576
573.392822
150.000000
1.150000
GRASS_SPROUT
542.880920
574.252502
105.000000
0.950000
GRASS_SPROUT
539.682556
573.446289
150.000000
1.150000
GRASS_SPROUT
539.955261
574.830261
75.000000
1.250000
GRASS_SPROUT
538.871277
574.683472
90.000000
0.850000
GRASS_SPROUT
539.279663
575.390137
135.000000
0.800000
GRASS_SPROUT
538.670349
575.739441
0.000000
0.850000
GRASS_SPROUT
541.672729
576.344421
195.000000
0.800000
GRASS_SPROUT
541.851685
575.495911
135.000000
1.000000
GRASS_SPROUT
541.391235
574.472290
330.000000
1.050000
GRASS_SPROUT
541.068787
573.444092
255.000000
0.950000
GRASS_SPROUT
542.727661
575.211731
150.000000
0.950000
GRASS_SPROUT
542.513428
577.106750
255.000000
0.800000
GRASS_SPROUT
541.885132
577.106750
60.000000
0.750000
GRASS_SPROUT
542.495911
576.245667
105.000000
0.850000