TILE
96
99
FIELD_GRASS
0
GRASS_SPROUT
573.843323
591.169250
150.000000
1.150000
GRASS_SPROUT
574.638672
591.069641
285.000000
0.800000
GRASS_SPROUT
574.457581
592.665771
195.000000
0.950000
GRASS_SPROUT
575.195862
593.093445
150.000000
1.100000
GRASS_SPROUT
575.884705
593.710999
210.000000
1.200000
GRASS_SPROUT
576.233093
594.492432
330.000000
0.850000
GRASS_SPROUT
576.153748
595.193909
330.000000
0.750000
GRASS_SPROUT
573.360657
596.457092
225.000000
1.200000
GRASS_SPROUT
574.244873
596.293762
75.000000
0.750000
GRASS_SPROUT
575.051025
595.824524
135.000000
1.200000
GRASS_SPROUT
578.708435
596.293701
75.000000
0.950000
GRASS_SPROUT
578.154114
595.824402
330.000000
0.750000
GRASS_SPROUT
577.897522
595.121826
225.000000
1.000000
GRASS_SPROUT
577.793701
594.224182
255.000000
1.150000
GRASS_SPROUT
578.220581
593.302429
0.000000
0.850000