TILE
91
96
FIELD_GRASS
0
GRASS_SPROUT
543.188232
573.397949
330.000000
0.900000
GRASS_SPROUT
543.642456
575.425476
180.000000
1.150000
GRASS_SPROUT
544.618591
575.425476
225.000000
1.050000
GRASS_SPROUT
545.485596
575.319031
195.000000
1.100000
GRASS_SPROUT
546.282227
574.994324
285.000000
0.900000
GRASS_SPROUT
547.064941
574.661133
120.000000
1.150000
GRASS_SPROUT
547.895081
574.125305
270.000000
0.950000
GRASS_SPROUT
548.457458
573.607544
90.000000
0.750000
GRASS_SPROUT
546.834900
575.670349
180.000000
1.250000
GRASS_SPROUT
545.581238
576.278687
15.000000
1.200000
GRASS_SPROUT
544.450745
576.858032
75.000000
1.150000
GRASS_SPROUT
543.398193
577.075989
120.000000
1.050000
GRASS_SPROUT
543.837463
574.287659
180.000000
1.250000
GRASS_SPROUT
545.162048
574.335876
195.000000
1.250000
GRASS_SPROUT
546.123108
574.321594
225.000000
0.800000