TILE
97
93
FIELD_GRASS
0
PINE TREE 1
579.460083
556.158203
300.000000
0.850000
PINE TREE 1
580.557068
555.071533
315.000000
0.950000
GRASS_SPROUT
584.763367
560.789124
45.000000
0.850000
GRASS_SPROUT
583.950806
560.062744
15.000000
1.100000
GRASS_SPROUT
580.842590
560.709106
90.000000
0.800000
GRASS_SPROUT
580.480774
559.984497
0.000000
0.850000
GRASS_SPROUT
580.043884
559.477173
45.000000
0.750000
GRASS_SPROUT
579.541443
558.794189
90.000000
1.150000
GRASS_SPROUT
583.865906
555.261963
240.000000
0.950000
GRASS_SPROUT
583.600830
556.230591
255.000000
1.150000
GRASS_SPROUT
583.384521
557.226318
195.000000
0.900000
GRASS_SPROUT
583.399780
558.155945
105.000000
0.850000
GRASS_SPROUT
583.556946
558.987549
105.000000
1.050000
GRASS_SPROUT
582.481140
556.325439
240.000000
1.250000
GRASS_SPROUT
582.519348
557.150391
270.000000
0.800000
GRASS_SPROUT
582.535522
557.853027
45.000000
0.950000
GRASS_SPROUT
581.565063
556.862122
195.000000
0.900000
GRASS_SPROUT
581.040466
557.845825
270.000000
0.900000
GRASS_SPROUT
580.662231
558.458740
150.000000
0.900000
GRASS_SPROUT
580.444580
557.186096
255.000000
1.250000
GRASS_SPROUT
581.628540
555.940186
90.000000
1.000000
GRASS_SPROUT
580.879944
559.197937
120.000000
1.000000
GRASS_SPROUT
581.567261
560.918701
120.000000
1.000000
GRASS_SPROUT
581.764099
559.234558
45.000000
1.200000
GRASS_SPROUT
582.348877
560.236023
120.000000
0.950000
GRASS_SPROUT
583.204407
560.661804
90.000000
1.100000