TILE
19
22
FIELD_GRASS
0
PINE TREE 2
116.096443
133.126038
165.000000
0.750000
PINE TREE 2
113.377426
132.944672
120.000000
1.250000
GRASS_SPROUT
114.496239
129.058167
240.000000
1.250000
GRASS_SPROUT
115.282608
129.704468
180.000000
1.150000
GRASS_SPROUT
116.171570
129.949844
150.000000
1.150000
GRASS_SPROUT
111.637863
134.848587
210.000000
1.000000
GRASS_SPROUT
111.637863
133.790741
150.000000
0.850000
GRASS_SPROUT
111.637863
132.890869
270.000000
0.950000
GRASS_SPROUT
111.637863
131.963303
285.000000
0.750000
GRASS_SPROUT
111.637863
131.286041
45.000000
0.800000
GRASS_SPROUT
111.637863
130.430466
240.000000
1.150000
GRASS_SPROUT
111.637863
129.578995
75.000000
0.900000
GRASS_SPROUT
112.423660
129.068161
45.000000
1.250000
GRASS_SPROUT
112.452789
130.058945
300.000000
0.800000
GRASS_SPROUT
112.540169
130.973877
225.000000
0.750000
GRASS_SPROUT
113.457939
131.499023
135.000000
1.200000
GRASS_SPROUT
113.544022
130.597366
300.000000
0.850000
GRASS_SPROUT
114.642052
131.648315
270.000000
0.950000
GRASS_SPROUT
114.365128
130.707626
150.000000
0.750000
GRASS_SPROUT
113.707993
129.639069
180.000000
1.000000
GRASS_SPROUT
116.104034
131.931198
330.000000
1.150000
GRASS_SPROUT
115.060043
133.913498
255.000000
1.200000
GRASS_SPROUT
114.068581
134.275604
270.000000
1.100000
GRASS_SPROUT
115.111290
134.909409
120.000000
1.250000
GRASS_SPROUT
115.309196
132.190979
30.000000
0.850000
GRASS_SPROUT
116.492477
129.181992
150.000000
0.850000
GRASS_SPROUT
115.771294
130.786606
45.000000
1.100000