TILE
19
27
FIELD_GRASS
0
PINE TREE 1
115.393372
160.216812
105.000000
0.900000
GRASS_SPROUT
116.593063
164.442642
210.000000
1.100000
GRASS_SPROUT
115.690575
164.849274
255.000000
0.900000
GRASS_SPROUT
111.637863
164.479675
0.000000
1.100000
GRASS_SPROUT
111.637863
163.531479
210.000000
0.800000
GRASS_SPROUT
111.637863
162.668991
225.000000
0.800000
GRASS_SPROUT
111.637863
161.764008
150.000000
0.750000
GRASS_SPROUT
111.637863
160.828018
285.000000
0.900000
GRASS_SPROUT
111.637863
159.869339
210.000000
1.050000
GRASS_SPROUT
113.678871
159.531815
30.000000
0.950000
GRASS_SPROUT
116.604012
159.101013
0.000000
1.200000
GRASS_SPROUT
116.027023
161.319534
75.000000
1.250000
GRASS_SPROUT
115.775169
162.405289
75.000000
1.150000
GRASS_SPROUT
113.327667
164.174973
120.000000
1.250000
GRASS_SPROUT
114.453972
163.406876
330.000000
0.950000
GRASS_SPROUT
115.174225
163.218033
30.000000
0.800000
GRASS_SPROUT
116.264320
163.338577
45.000000
1.200000
GRASS_SPROUT
114.442451
164.281479
210.000000
1.150000
GRASS_SPROUT
116.792427
162.608795
300.000000
1.000000
GRASS_SPROUT
113.210091
163.291534
180.000000
0.800000
GRASS_SPROUT
112.695572
162.498825
135.000000
0.800000
GRASS_SPROUT
112.674767
161.694656
225.000000
1.100000
GRASS_SPROUT
112.677017
160.558807
105.000000
1.050000
GRASS_SPROUT
113.368217
162.276749
60.000000
0.850000
GRASS_SPROUT
113.616821
161.329758
105.000000
1.000000
GRASS_SPROUT
113.789787
160.484497
15.000000
1.000000
GRASS_SPROUT
114.387260
159.435059
60.000000
0.800000
GRASS_SPROUT
114.497093
161.023697
150.000000
1.100000
GRASS_SPROUT
114.633537
161.975937
150.000000
1.050000
GRASS_SPROUT
112.460144
163.189774
225.000000
0.950000
GRASS_SPROUT
116.928665
161.015625
300.000000
1.050000
GRASS_SPROUT
116.544662
159.954269
270.000000
0.900000
GRASS_SPROUT
115.296349
163.932007
120.000000
1.000000
GRASS_SPROUT
115.117050
159.197754
150.000000
0.950000