TILE
14
27
FIELD_GRASS
0
GRASS_SPROUT
81.960175
164.905243
135.000000
0.900000
GRASS_SPROUT
82.606621
164.144287
330.000000
1.200000
GRASS_SPROUT
82.832237
163.145370
75.000000
1.200000
GRASS_SPROUT
82.697144
162.187225
150.000000
1.050000
GRASS_SPROUT
83.215546
161.038696
180.000000
0.950000
GRASS_SPROUT
83.952263
160.403839
345.000000
1.000000
GRASS_SPROUT
84.968788
159.936386
75.000000
1.150000
GRASS_SPROUT
86.073257
159.533920
0.000000
1.200000
GRASS_SPROUT
83.498833
159.533920
195.000000
1.200000
GRASS_SPROUT
82.851692
160.365509
135.000000
0.800000
GRASS_SPROUT
81.490128
163.685013
345.000000
1.200000
GRASS_SPROUT
81.007080
159.615387
195.000000
1.250000
GRASS_SPROUT
81.108322
160.518158
120.000000
1.000000
GRASS_SPROUT
81.477318
161.433350
60.000000
0.950000
GRASS_SPROUT
81.264046
162.675888
345.000000
0.900000
GRASS_SPROUT
82.017609
159.615387
240.000000
1.000000
GRASS_SPROUT
82.128738
160.781052
225.000000
1.100000
GRASS_SPROUT
85.952858
160.556030
330.000000
1.150000
GRASS_SPROUT
85.037498
161.111374
105.000000
1.050000
GRASS_SPROUT
84.419426
161.781708
345.000000
0.750000
GRASS_SPROUT
83.860672
162.547501
105.000000
0.800000
GRASS_SPROUT
81.887848
162.319473
75.000000
0.750000
GRASS_SPROUT
83.323418
164.897232
0.000000
1.250000
GRASS_SPROUT
86.193359
161.962219
225.000000
1.150000
GRASS_SPROUT
85.226990
161.997406
195.000000
1.200000
GRASS_SPROUT
85.054695
162.813080
345.000000
0.850000
GRASS_SPROUT
84.549377
163.453400
15.000000
0.850000
GRASS_SPROUT
83.569901
163.671631
195.000000
1.000000
GRASS_SPROUT
86.713661
163.075485
75.000000
1.150000
GRASS_SPROUT
86.440170
164.399231
150.000000
1.200000
GRASS_SPROUT
85.266640
164.825775
345.000000
1.000000