TILE
24
23
FIELD_GRASS
0
GRASS_SPROUT
146.907547
135.163208
180.000000
1.200000
GRASS_SPROUT
141.535294
140.935867
0.000000
1.200000
GRASS_SPROUT
142.440491
140.719025
300.000000
1.100000
GRASS_SPROUT
143.378922
140.849533
0.000000
0.950000
GRASS_SPROUT
143.674240
140.032593
225.000000
0.750000
GRASS_SPROUT
145.091171
140.818649
210.000000
1.100000
GRASS_SPROUT
141.405243
137.689697
240.000000
1.150000
GRASS_SPROUT
143.226807
136.092117
150.000000
1.000000
GRASS_SPROUT
143.752716
135.214218
135.000000
1.150000
GRASS_SPROUT
142.013855
135.899017
135.000000
0.850000
GRASS_SPROUT
142.382355
136.727966
60.000000
1.250000
GRASS_SPROUT
142.160278
138.231659
60.000000
1.100000
GRASS_SPROUT
142.042984
139.464172
105.000000
1.250000
GRASS_SPROUT
144.054459
138.996780
165.000000
1.200000
GRASS_SPROUT
145.400436
138.542572
210.000000
1.150000
GRASS_SPROUT
144.025726
136.658173
165.000000
0.950000
GRASS_SPROUT
144.994583
136.318665
30.000000
1.100000
GRASS_SPROUT
146.003326
136.513626
270.000000
1.150000
GRASS_SPROUT
146.574753
137.222458
30.000000
1.100000
GRASS_SPROUT
143.162170
138.752899
0.000000
0.800000
GRASS_SPROUT
143.042038
137.999786
75.000000
1.100000
GRASS_SPROUT
144.115219
137.771896
195.000000
1.150000
GRASS_SPROUT
146.188080
139.417557
315.000000
0.950000
GRASS_SPROUT
146.678513
140.049774
195.000000
0.950000
GRASS_SPROUT
144.832520
139.644150
15.000000
1.150000
GRASS_SPROUT
146.053528
135.625122
180.000000
0.800000
GRASS_SPROUT
146.129822
138.096298
45.000000
0.800000