TILE
25
23
FIELD_GRASS
0
PINE TREE 2
151.550446
139.836685
225.000000
1.250000
GRASS_SPROUT
152.380142
135.272980
15.000000
0.900000
GRASS_SPROUT
151.659210
135.597748
165.000000
0.900000
GRASS_SPROUT
150.829971
135.915848
165.000000
1.200000
GRASS_SPROUT
149.780502
136.020432
300.000000
0.850000
GRASS_SPROUT
148.840134
136.020432
330.000000
1.100000
GRASS_SPROUT
147.833679
135.544083
210.000000
1.250000
GRASS_SPROUT
147.924713
137.985703
315.000000
1.100000
GRASS_SPROUT
148.946594
138.361115
75.000000
1.150000
GRASS_SPROUT
147.668243
138.897430
30.000000
1.050000
GRASS_SPROUT
147.244431
140.677765
165.000000
1.100000
GRASS_SPROUT
147.354004
136.622269
225.000000
1.000000
GRASS_SPROUT
149.448700
140.064651
165.000000
1.100000
GRASS_SPROUT
148.591263
140.811295
15.000000
1.050000
GRASS_SPROUT
147.993332
139.935532
195.000000
1.050000
GRASS_SPROUT
147.242828
137.564850
15.000000
0.750000
GRASS_SPROUT
149.445450
137.543350
180.000000
1.100000
GRASS_SPROUT
150.205673
137.057907
45.000000
0.850000
GRASS_SPROUT
148.880615
136.981583
105.000000
0.850000
GRASS_SPROUT
150.988312
137.543350
345.000000
1.150000
GRASS_SPROUT
152.031982
137.171555
195.000000
1.200000
GRASS_SPROUT
150.804642
138.427979
300.000000
1.000000
GRASS_SPROUT
151.980881
138.151611
135.000000
1.000000
GRASS_SPROUT
152.047638
136.233673
150.000000
0.950000
GRASS_SPROUT
152.572296
140.950409
300.000000
0.900000
GRASS_SPROUT
152.952179
139.402023
120.000000
0.900000
GRASS_SPROUT
152.927414
138.314636
240.000000
1.200000