TILE
26
27
FIELD_GRASS
0
PINE TREE 1
153.159866
161.161697
15.000000
1.250000
GRASS_SPROUT
155.832947
159.613571
255.000000
1.100000
GRASS_SPROUT
155.515472
160.668427
255.000000
1.150000
GRASS_SPROUT
155.162979
161.533203
120.000000
1.000000
GRASS_SPROUT
154.607803
162.055237
15.000000
0.850000
GRASS_SPROUT
154.006546
162.379974
45.000000
0.850000
GRASS_SPROUT
153.033829
162.556839
315.000000
1.250000
GRASS_SPROUT
154.596603
159.008743
225.000000
1.100000
GRASS_SPROUT
153.436035
159.293747
210.000000
0.850000