TILE
21
26
FIELD_GRASS
0
GRASS_SPROUT
127.585854
153.831802
315.000000
1.000000
GRASS_SPROUT
126.827362
154.428192
90.000000
1.000000
GRASS_SPROUT
125.949081
155.145599
255.000000
1.150000
GRASS_SPROUT
125.155090
155.409592
90.000000
0.800000
GRASS_SPROUT
124.216164
155.776810
180.000000
1.250000
GRASS_SPROUT
123.177887
156.125809
330.000000
1.050000
GRASS_SPROUT
125.618599
153.642380
300.000000
1.200000
GRASS_SPROUT
124.831871
153.188309
330.000000
0.950000
GRASS_SPROUT
124.629898
154.044342
300.000000
1.100000
GRASS_SPROUT
123.413559
154.868744
225.000000
1.150000
GRASS_SPROUT
123.351624
154.049530
285.000000
0.750000
GRASS_SPROUT
123.587868
153.236145
0.000000
1.150000
GRASS_SPROUT
126.836975
153.444763
120.000000
1.050000