TILE
23
21
FIELD_GRASS
0
PINE TREE 2
139.108658
124.691818
255.000000
0.850000
PINE TREE 2
137.366699
124.809555
285.000000
1.050000
GRASS_SPROUT
140.755432
124.359222
135.000000
1.200000
GRASS_SPROUT
139.941238
123.957756
75.000000
1.000000
GRASS_SPROUT
136.034805
125.235458
285.000000
1.150000
GRASS_SPROUT
135.265884
125.892258
255.000000
1.050000
GRASS_SPROUT
135.341232
128.052994
330.000000
1.200000
GRASS_SPROUT
136.508743
127.079720
0.000000
1.100000
GRASS_SPROUT
136.867615
128.334091
195.000000
0.800000
GRASS_SPROUT
139.146515
125.884705
90.000000
1.200000
GRASS_SPROUT
139.596771
126.771133
225.000000
1.050000
GRASS_SPROUT
139.595734
128.231812
285.000000
1.250000
GRASS_SPROUT
139.047379
128.910980
270.000000
0.800000
GRASS_SPROUT
137.265396
126.041885
330.000000
1.000000
GRASS_SPROUT
138.004059
127.145622
45.000000
1.150000
GRASS_SPROUT
138.323502
128.045349
285.000000
1.050000
GRASS_SPROUT
140.254471
125.752312
270.000000
1.100000
GRASS_SPROUT
140.905823
126.604347
300.000000
0.750000
GRASS_SPROUT
140.563980
128.907440
330.000000
0.750000