TILE
25
24
FIELD_GRASS
0
GRASS_SPROUT
152.786560
142.430344
165.000000
1.100000
GRASS_SPROUT
152.987350
141.715698
315.000000
0.750000
GRASS_SPROUT
147.476563
143.858078
60.000000
1.250000
GRASS_SPROUT
147.845627
144.743195
300.000000
1.050000
GRASS_SPROUT
148.103607
145.466141
345.000000
0.800000
GRASS_SPROUT
148.388458
146.045013
90.000000
0.750000
GRASS_SPROUT
148.583374
146.713028
210.000000
0.750000
GRASS_SPROUT
152.888763
144.987717
90.000000
1.000000
GRASS_SPROUT
152.791534
144.115738
240.000000
1.000000
GRASS_SPROUT
147.501724
141.768143
270.000000
1.000000
GRASS_SPROUT
147.873703
142.542603
285.000000
0.950000
GRASS_SPROUT
149.750534
141.053696
0.000000
1.250000
GRASS_SPROUT
149.999847
141.937500
180.000000
1.000000
GRASS_SPROUT
151.330078
141.184250
90.000000
1.000000
GRASS_SPROUT
152.063690
141.947556
165.000000
0.850000
GRASS_SPROUT
151.547821
142.808258
240.000000
1.050000
GRASS_SPROUT
150.746506
143.699905
195.000000
1.200000
GRASS_SPROUT
150.213623
145.779205
315.000000
1.250000
GRASS_SPROUT
149.402725
146.113770
255.000000
0.900000
GRASS_SPROUT
149.139069
144.694855
210.000000
0.750000
GRASS_SPROUT
148.960098
143.544998
330.000000
0.850000
GRASS_SPROUT
149.215530
142.558456
165.000000
1.200000
GRASS_SPROUT
151.729828
145.072250
270.000000
0.750000
GRASS_SPROUT
150.751282
144.633392
120.000000
1.000000
GRASS_SPROUT
151.875168
146.884903
135.000000
1.200000
GRASS_SPROUT
152.085037
145.982391
300.000000
0.950000
GRASS_SPROUT
152.184662
143.532257
345.000000
1.100000